VARIABLES="time" "Distance" "lon" "lat" "density" "Vx" "Vy" "Vz" "p" "Bx" "By" "Bz" "T"
ZONE
DT=(DOUBLE DOUBLE DOUBLE DOUBLE DOUBLE DOUBLE DOUBLE DOUBLE DOUBLE DOUBLE DOUBLE DOUBLE DOUBLE )
2.012529234973e+03 1.020000000000e+00 3.591507555516e+01 4.200000000000e+00 3.652711505346e+00 4.177684221488e+02 7.070546155698e+00 -2.495022167756e+00 5.448854049228e+01 2.589592908127e+01 -8.701723017045e+00 -1.704747534736e+00 5.393331811807e+04
2.012529349013e+03 1.020000000000e+00 3.591507555516e+01 4.200000000000e+00 3.903202833374e+00 4.158196115199e+02 7.340565587187e+00 -1.329583821007e+00 5.995003876155e+01 2.288904737657e+01 -8.715980294206e+00 -5.343045652393e-01 5.552091706599e+04
2.012529463053e+03 1.020000000000e+00 3.591507555516e+01 4.200000000000e+00 4.208302510863e+00 4.143577701154e+02 7.379797602364e+00 -4.683467205378e-01 6.683595230242e+01 1.979479978681e+01 -8.630231237902e+00 4.775235883051e-01 5.741999675801e+04
2.012529577093e+03 1.020000000000e+00 3.591507555516e+01 4.200000000000e+00 4.521065477482e+00 4.130516063724e+02 7.252663438103e+00 3.731898310541e-02 7.409478726903e+01 1.679155663372e+01 -8.473536063887e+00 1.174904151339e+00 5.927367953126e+04
2.012529691134e+03 1.020000000000e+00 3.591507555516e+01 4.200000000000e+00 4.810908225710e+00 4.117652850988e+02 6.690424865382e+00 2.137844398206e-01 8.097763615994e+01 1.409177881491e+01 -8.299599059344e+00 1.511862639614e+00 6.089916541255e+04
2.012529805174e+03 1.020000000000e+00 3.591507555516e+01 4.200000000000e+00 5.066306087800e+00 4.104882391854e+02 5.506774891593e+00 1.302762661278e-01 8.715613141516e+01 1.184854255748e+01 -8.124906680124e+00 1.636758503909e+00 6.226142857226e+04
2.012529919214e+03 1.020000000000e+00 3.591507555516e+01 4.200000000000e+00 5.278334277020e+00 4.092336498352e+02 3.901115525303e+00 -3.146558901171e-01 9.236497109124e+01 1.010127823092e+01 -7.946145870004e+00 1.617046144366e+00 6.334727199225e+04
2.012530033254e+03 1.020000000000e+00 3.591507555516e+01 4.200000000000e+00 5.438415091503e+00 4.079879198204e+02 2.231460108717e+00 -9.870429345143e-01 9.657256115127e+01 8.782367248054e+00 -7.678240813423e+00 1.440013352031e+00 6.429240254744e+04
2.012530147295e+03 1.020000000000e+00 3.681507555516e+01 4.300000000000e+00 5.551844427043e+00 4.098110267439e+02 1.035310309332e+00 -2.269222294287e+00 9.760426406825e+01 1.103231125370e+01 -9.544930443406e+00 8.568938227319e-01 6.365780544410e+04
2.012530261335e+03 1.020000000000e+00 3.681507555516e+01 4.300000000000e+00 5.480315114719e+00 4.086357437318e+02 -4.146415041162e-01 -2.716695873943e+00 1.008032480619e+02 1.001309761383e+01 -8.556646803558e+00 9.343077759416e-02 6.660542502735e+04
2.012530375375e+03 1.020000000000e+00 3.681507555516e+01 4.300000000000e+00 5.363698712392e+00 4.075158606601e+02 -1.533306927925e+00 -3.111510249663e+00 1.027415884957e+02 9.054747465236e+00 -7.480332831798e+00 -5.450961592020e-01 6.936544779973e+04
2.012530489415e+03 1.020000000000e+00 3.681507555516e+01 4.300000000000e+00 5.231056537670e+00 4.062044276155e+02 -2.185394070449e+00 -3.362626547132e+00 1.028870092392e+02 8.036715483932e+00 -6.245957809711e+00 -9.397132639965e-01 7.122917171752e+04
2.012530603456e+03 1.020000000000e+00 3.681507555516e+01 4.300000000000e+00 5.082420832041e+00 4.043295967203e+02 -2.446773516704e+00 -3.452495136468e+00 1.007675057323e+02 6.846181740267e+00 -4.634230882542e+00 -1.087031378070e+00 7.180342192170e+04
2.012530717496e+03 1.020000000000e+00 3.681507555516e+01 4.300000000000e+00 4.939247001056e+00 4.020623564029e+02 -2.434429155272e+00 -3.409477804910e+00 9.782372340856e+01 5.394752258188e+00 -2.827414391575e+00 -1.103213369805e+00 7.172632430202e+04
2.012530831536e+03 1.020000000000e+00 3.681507555516e+01 4.300000000000e+00 4.814625999147e+00 3.994822715487e+02 -1.883648361949e+00 -3.057081902323e+00 9.485317488147e+01 3.622082590642e+00 -9.447161920832e-01 -9.700881785947e-01 7.134907619018e+04
2.012530945576e+03 1.020000000000e+00 3.681507555516e+01 4.300000000000e+00 4.705092723779e+00 3.965639110606e+02 -6.859141544466e-01 -2.126468138502e+00 9.207156497696e+01 1.498253453362e+00 1.040293108416e+00 -5.410757638171e-01 7.087141142185e+04
2.012531059617e+03 1.020000000000e+00 3.681507555516e+01 4.300000000000e+00 4.609692804908e+00 3.933197519942e+02 1.128613974079e+00 -8.917888371795e-01 8.933273965839e+01 -9.855418457650e-01 3.212943449818e+00 1.448772708219e-01 7.018756051560e+04
2.012531173657e+03 1.020000000000e+00 3.681507555516e+01 4.300000000000e+00 4.527716941892e+00 3.898409779434e+02 3.225825056518e+00 2.992154270555e-01 8.603117437313e+01 -3.815543421701e+00 5.577059283836e+00 8.214044579918e-01 6.882006287432e+04
2.012531287697e+03 1.020000000000e+00 3.681507555516e+01 4.300000000000e+00 4.475656873307e+00 3.862759194279e+02 5.464116923667e+00 1.268396840924e+00 8.228004584564e+01 -6.956091043268e+00 8.104027777442e+00 1.316743723617e+00 6.658260314637e+04
2.012531401737e+03 1.020000000000e+00 3.681507555516e+01 4.300000000000e+00 4.468252580304e+00 3.827392164662e+02 7.747283522377e+00 1.984929991934e+00 7.827516202661e+01 -1.032932902012e+01 1.074346158677e+01 1.624076502170e+00 6.343353455353e+04
2.012531515778e+03 1.020000000000e+00 3.681507555516e+01 4.300000000000e+00 4.476779220841e+00 3.792832619838e+02 9.993784202190e+00 2.481497751807e+00 7.381689342868e+01 -1.382130360354e+01 1.341283889296e+01 1.801306285428e+00 5.969044838786e+04
2.012531629818e+03 1.020000000000e+00 3.681507555516e+01 4.300000000000e+00 4.486806911298e+00 3.759750008771e+02 1.211212274447e+01 2.731744026441e+00 6.852158273163e+01 -1.729781835955e+01 1.605170507250e+01 1.864154580613e+00 5.526988737169e+04
2.012531743858e+03 1.020000000000e+00 3.681507555516e+01 4.300000000000e+00 4.494505364074e+00 3.729269593400e+02 1.400581479476e+01 2.789406957587e+00 6.278061309355e+01 -2.063229765245e+01 1.860940069257e+01 1.814024014872e+00 5.054326289485e+04
2.012531857898e+03 1.020000000000e+00 3.681507555516e+01 4.300000000000e+00 4.504511847086e+00 3.702176134248e+02 1.559529517384e+01 2.705992847926e+00 5.706323472898e+01 -2.372667407667e+01 2.097872817217e+01 1.604097334633e+00 4.583882010356e+04
2.012531971939e+03 1.020000000000e+00 3.681507555516e+01 4.300000000000e+00 4.524392931453e+00 3.678712696154e+02 1.682551400714e+01 2.487581224662e+00 5.179938686390e+01 -2.651097638059e+01 2.308177839019e+01 1.211588991842e+00 4.144193964050e+04
2.012532085979e+03 1.020000000000e+00 3.681507555516e+01 4.300000000000e+00 4.560386501978e+00 3.658760023997e+02 1.767192855622e+01 2.158869932053e+00 4.732954055861e+01 -2.895061529112e+01 2.489774697253e+01 6.538143053952e-01 3.758993980867e+04
2.012532200019e+03 1.020000000000e+00 3.681507555516e+01 4.300000000000e+00 4.618657107697e+00 3.642403883746e+02 1.818295397852e+01 1.864106068571e+00 4.388296019538e+01 -3.105285862506e+01 2.645913951496e+01 9.698587071840e-02 3.443159290686e+04
2.012532314059e+03 1.020000000000e+00 3.681507555516e+01 4.300000000000e+00 4.703898121533e+00 3.629515824175e+02 1.841161744729e+01 1.694979042263e+00 4.140360460448e+01 -3.283575820639e+01 2.777201555915e+01 -3.453015729356e-01 3.190817537348e+04
2.012532428100e+03 1.020000000000e+00 3.681507555516e+01 4.300000000000e+00 4.807200979168e+00 3.620716636504e+02 1.839371671767e+01 1.631291666572e+00 3.975915749456e+01 -3.433531298878e+01 2.886579193544e+01 -6.113616157933e-01 2.998531538844e+04
2.012532542140e+03 1.020000000000e+00 3.681507555516e+01 4.300000000000e+00 4.910669678896e+00 3.616399817782e+02 1.814811524217e+01 1.651665427448e+00 3.862251312531e+01 -3.558923900930e+01 2.983914167232e+01 -7.260361078167e-01 2.850241387126e+04
2.012532656180e+03 1.020000000000e+00 3.681507555516e+01 4.300000000000e+00 5.036598918385e+00 3.617452358317e+02 1.753258374770e+01 1.820799767688e+00 3.818327324388e+01 -3.662211505967e+01 3.066551044165e+01 -7.289649462352e-01 2.746967092681e+04
2.012532770220e+03 1.020000000000e+00 3.681507555516e+01 4.300000000000e+00 5.163021914870e+00 3.624776734152e+02 1.647024441799e+01 2.195823687585e+00 3.845651900773e+01 -3.743129569920e+01 3.140932159126e+01 -5.795363686771e-01 2.699007349068e+04
2.012532884261e+03 1.020000000000e+00 3.781507555516e+01 4.400000000000e+00 5.172339108694e+00 3.591512748832e+02 1.787855962699e+01 2.182765300713e+00 3.945304377992e+01 -3.629644912623e+01 3.061221774143e+01 -6.791301193272e-01 2.764483958344e+04
2.012532998301e+03 1.020000000000e+00 3.781507555516e+01 4.400000000000e+00 5.361986165403e+00 3.600837324907e+02 1.663449065738e+01 2.601428087588e+00 4.011228791589e+01 -3.714003887970e+01 3.136108046676e+01 -4.005871300906e-01 2.709623728309e+04
2.012533112341e+03 1.020000000000e+00 3.781507555516e+01 4.400000000000e+00 5.564517299886e+00 3.616889967588e+02 1.497925400859e+01 3.160077373080e+00 4.155292499566e+01 -3.777368883524e+01 3.201547945889e+01 1.694357380445e-02 2.702622158866e+04
2.012533226381e+03 1.020000000000e+00 3.781507555516e+01 4.400000000000e+00 5.778236965673e+00 3.636266007394e+02 1.303128391014e+01 3.844055300219e+00 4.345715239294e+01 -3.820740608493e+01 3.255919833496e+01 6.060096426790e-01 2.717952174131e+04
2.012533340422e+03 1.020000000000e+00 3.781507555516e+01 4.400000000000e+00 6.062678064219e+00 3.661329441100e+02 1.068660085975e+01 4.567156130903e+00 4.637255227299e+01 -3.846080270125e+01 3.285201705925e+01 1.296754848152e+00 2.762368994108e+04
2.012533454462e+03 1.020000000000e+00 3.781507555516e+01 4.400000000000e+00 6.360494026663e+00 3.689616326883e+02 8.186076297321e+00 5.261568158596e+00 4.978228482901e+01 -3.857173073274e+01 3.293204317180e+01 2.015500125374e+00 2.827259130948e+04
2.012533568502e+03 1.020000000000e+00 3.781507555516e+01 4.400000000000e+00 6.600502565701e+00 3.718115819200e+02 5.713668477979e+00 5.892867993362e+00 5.313306139692e+01 -3.858396903192e+01 3.284516132476e+01 2.688499970201e+00 2.910084688377e+04
2.012533682542e+03 1.020000000000e+00 3.781507555516e+01 4.400000000000e+00 6.741884610007e+00 3.745002228762e+02 3.372499176361e+00 6.425190410866e+00 5.614090494391e+01 -3.854288161285e+01 3.261533640056e+01 3.248299549980e+00 3.014125713987e+04
2.012533796583e+03 1.020000000000e+00 3.781507555516e+01 4.400000000000e+00 6.816900685660e+00 3.768808216469e+02 1.236625734792e+00 6.842901283140e+00 5.862188759383e+01 -3.849657556172e+01 3.222428072765e+01 3.658971590641e+00 3.117594710277e+04
2.012533910623e+03 1.020000000000e+00 3.781507555516e+01 4.400000000000e+00 6.794825377101e+00 3.788591949713e+02 -6.129814190468e-01 7.154197244897e+00 6.038800129060e+01 -3.847595522620e+01 3.169134910615e+01 3.922615984278e+00 3.224382626555e+04
2.012534024663e+03 1.020000000000e+00 3.781507555516e+01 4.400000000000e+00 6.687838045908e+00 3.804194658177e+02 -2.148804082458e+00 7.370166665269e+00 6.132349393924e+01 -3.850549135183e+01 3.111123038073e+01 4.059698821467e+00 3.326046773928e+04
2.012534138703e+03 1.020000000000e+00 3.781507555516e+01 4.400000000000e+00 6.523659680015e+00 3.815131722990e+02 -3.349525435861e+00 7.487154051478e+00 6.137828943264e+01 -3.860354546380e+01 3.050222229366e+01 4.034003697424e+00 3.411440002783e+04
2.012534252744e+03 1.020000000000e+00 3.781507555516e+01 4.400000000000e+00 6.322189512039e+00 3.819792584829e+02 -4.277884657525e+00 7.560697192647e+00 6.041448108397e+01 -3.855255856404e+01 2.980757408397e+01 3.917113161481e+00 3.463849383610e+04
2.012534366784e+03 1.020000000000e+00 3.781507555516e+01 4.400000000000e+00 6.480796708757e+00 3.904479844941e+02 -4.164770180322e+00 4.526083742054e+00 1.323722066462e+02 -3.880549976029e+01 3.141527280683e+01 2.529916062076e+00 6.929666867333e+04
2.012534480824e+03 1.020000000000e+00 3.781507555516e+01 4.400000000000e+00 1.184420364792e+01 4.985927968341e+02 3.062415153628e+00 -2.834202549106e+01 1.887691326571e+03 -4.432129403799e+01 6.862262376011e+01 -1.151194767133e+01 5.513422175685e+05
2.012534594864e+03 1.020000000000e+00 3.781507555516e+01 4.400000000000e+00 1.842180893402e+01 5.882444956400e+02 1.150287462260e+01 -5.344983269815e+01 4.575122673027e+03 -4.959505258560e+01 1.220292118010e+02 -2.419527706683e+01 8.997679201533e+05
2.012534708905e+03 1.020000000000e+00 3.781507555516e+01 4.400000000000e+00 1.840183926739e+01 6.003466443132e+02 1.453156948660e+01 -5.413878585246e+01 4.685629379575e+03 -4.746003536806e+01 1.269167810983e+02 -2.150637372457e+01 9.221268320797e+05
2.012534822945e+03 1.020000000000e+00 3.781507555516e+01 4.400000000000e+00 1.728622865239e+01 5.952377283882e+02 1.438194451791e+01 -4.934731590591e+01 4.213797393741e+03 -4.103078779283e+01 1.177487377803e+02 -1.207237680775e+01 8.824103496760e+05
2.012534936985e+03 1.020000000000e+00 3.781507555516e+01 4.400000000000e+00 1.671274573654e+01 5.868347234889e+02 1.031303116343e+01 -4.572082347040e+01 3.783780985970e+03 -3.527128317566e+01 8.810264635820e+01 -5.822014785129e+00 8.200116247915e+05
2.012535051025e+03 1.020000000000e+00 3.781507555516e+01 4.400000000000e+00 1.693111958033e+01 5.869726591211e+02 -2.252873087480e+00 -4.566986179157e+01 3.670468850844e+03 -3.115467409696e+01 3.679491514097e+01 -4.910908866242e+00 7.851789360510e+05
2.012535165066e+03 1.020000000000e+00 3.781507555516e+01 4.400000000000e+00 1.683655260752e+01 5.910926825479e+02 -1.788532048836e+01 -5.081301314322e+01 3.569868103530e+03 -2.831948578406e+01 -2.882403970547e+01 -1.421301443097e+01 7.680964371561e+05
2.012535279106e+03 1.020000000000e+00 3.781507555516e+01 4.400000000000e+00 1.537411993941e+01 5.920701722207e+02 -2.896614159532e+01 -5.701605399426e+01 3.129545457233e+03 -2.812102490587e+01 -9.162673631808e+01 -3.916422839473e+01 7.383487672519e+05
2.012535393146e+03 1.020000000000e+00 3.781507555516e+01 4.400000000000e+00 1.212308000890e+01 5.886240044557e+02 -3.278422757867e+01 -5.988775140458e+01 2.437532645068e+03 -3.594664668066e+01 -1.273759628831e+02 -7.002133506286e+01 7.330971524924e+05
2.012535507186e+03 1.020000000000e+00 3.781507555516e+01 4.400000000000e+00 8.536525230066e+00 5.801257345893e+02 -3.122559506633e+01 -5.557128982581e+01 1.786087828935e+03 -5.674374601379e+01 -1.305841155422e+02 -9.664906875817e+01 7.622568923404e+05
2.012535621227e+03 1.020000000000e+00 3.871507555516e+01 4.400000000000e+00 6.342582267757e+00 5.753213737822e+02 -2.942569802469e+01 -4.723098458431e+01 1.311797712181e+03 -7.724036634323e+01 -1.229007304519e+02 -1.129694115735e+02 7.484386166665e+05
2.012535735267e+03 1.020000000000e+00 3.871507555516e+01 4.400000000000e+00 4.944952937241e+00 5.689539069257e+02 -2.618771498634e+00 -4.152942018670e+01 9.583230261429e+02 -1.010826690097e+02 -1.024684367686e+02 -1.333333751508e+02 6.998209981106e+05
2.012535849307e+03 1.020000000000e+00 3.871507555516e+01 4.400000000000e+00 4.194262880212e+00 5.640772643078e+02 2.600354212139e+01 -3.981080480067e+01 6.870769345834e+02 -1.183595386640e+02 -8.535349428111e+01 -1.487862722806e+02 5.920323302423e+05
2.012535963347e+03 1.020000000000e+00 3.871507555516e+01 4.400000000000e+00 3.908869017414e+00 5.591251746011e+02 4.291526480527e+01 -3.722419337388e+01 4.959168657903e+02 -1.302678771698e+02 -7.736216793693e+01 -1.558472090345e+02 4.590896194462e+05
2.012536077388e+03 1.020000000000e+00 3.871507555516e+01 4.400000000000e+00 3.761704099301e+00 5.542274505875e+02 4.795061813747e+01 -3.138348955660e+01 3.594110691896e+02 -1.394729556382e+02 -7.600933407586e+01 -1.568562243866e+02 3.459548178523e+05
2.012536191428e+03 1.020000000000e+00 3.871507555516e+01 4.400000000000e+00 3.630794569077e+00 5.516827913521e+02 4.734048980800e+01 -2.141603053491e+01 2.514092345521e+02 -1.475162081456e+02 -8.455658820556e+01 -1.529514400071e+02 2.506337223854e+05
2.012536305468e+03 1.020000000000e+00 3.871507555516e+01 4.400000000000e+00 3.433602675300e+00 5.503125615018e+02 4.484041281618e+01 -6.187731441515e+00 1.655318083625e+02 -1.540262536924e+02 -1.007901243225e+02 -1.414665390514e+02 1.741536024085e+05
2.012536419508e+03 1.020000000000e+00 3.871507555516e+01 4.400000000000e+00 3.103530490327e+00 5.518941407816e+02 4.270289826476e+01 8.969071595204e+00 1.039202488650e+02 -1.598641291242e+02 -1.186665776898e+02 -1.254618085747e+02 1.205814203267e+05
2.012536533549e+03 1.020000000000e+00 3.871507555516e+01 4.400000000000e+00 2.647228766039e+00 5.539132418865e+02 4.345778906736e+01 1.957242122909e+01 6.201634818201e+01 -1.652000852318e+02 -1.328940093928e+02 -1.076807752512e+02 8.414647775968e+04
2.012536647589e+03 1.020000000000e+00 3.871507555516e+01 4.400000000000e+00 2.193427444830e+00 5.533810606605e+02 4.731039150977e+01 2.374365123267e+01 3.660433011055e+01 -1.705718560863e+02 -1.416723649509e+02 -9.013765103240e+01 6.003976183430e+04
2.012536761629e+03 1.020000000000e+00 3.871507555516e+01 4.400000000000e+00 1.839126626184e+00 5.505375439288e+02 5.284168983808e+01 2.315070464891e+01 2.364507697432e+01 -1.757502837447e+02 -1.456252368183e+02 -7.319116940762e+01 4.651299572270e+04
2.012536875669e+03 1.020000000000e+00 3.871507555516e+01 4.400000000000e+00 1.595082432666e+00 5.464718914390e+02 5.619244847411e+01 1.877611640678e+01 1.776122978020e+01 -1.801785322026e+02 -1.478894035893e+02 -5.669818968759e+01 4.038621619622e+04
2.012536989709e+03 1.020000000000e+00 3.871507555516e+01 4.400000000000e+00 1.392759471081e+00 5.424208077004e+02 5.747939281021e+01 1.374706282626e+01 1.446828001078e+01 -1.842233068115e+02 -1.487784496370e+02 -3.978348415162e+01 3.781003095369e+04
2.012537103750e+03 1.020000000000e+00 3.871507555516e+01 4.400000000000e+00 1.205485973088e+00 5.373728955733e+02 5.757131340869e+01 8.871604526871e+00 1.208748074341e+01 -1.879403244945e+02 -1.479195377002e+02 -2.252572575912e+01 3.657488462665e+04
2.012537217790e+03 1.020000000000e+00 3.871507555516e+01 4.400000000000e+00 1.064024154216e+00 5.308943922876e+02 5.595010711150e+01 4.096128520359e+00 1.090887719532e+01 -1.908442993823e+02 -1.453537542179e+02 -5.184724636689e+00 3.733718827166e+04
2.012537331830e+03 1.020000000000e+00 3.871507555516e+01 4.400000000000e+00 9.889823078391e-01 5.242264588205e+02 5.359248478233e+01 -3.117349493668e-01 1.040240463176e+01 -1.927730322686e+02 -1.414152932017e+02 1.210939942565e+01 3.828464002187e+04
2.012537445870e+03 1.020000000000e+00 3.871507555516e+01 4.400000000000e+00 9.428153885732e-01 5.174920684236e+02 5.136293943930e+01 -4.190449347143e+00 1.003606633781e+01 -1.935231209758e+02 -1.360844070150e+02 2.913603447439e+01 3.872266128639e+04
2.012537559911e+03 1.020000000000e+00 3.871507555516e+01 4.400000000000e+00 9.062852298151e-01 5.098797459754e+02 4.971665287092e+01 -7.513125328605e+00 9.903824560672e+00 -1.932809505137e+02 -1.291925862857e+02 4.551168687285e+01 3.971763011021e+04
2.012537673951e+03 1.020000000000e+00 3.871507555516e+01 4.400000000000e+00 8.719412780224e-01 5.025173365736e+02 4.779599542033e+01 -1.022204929868e+01 1.006830303534e+01 -1.923130860103e+02 -1.213661648788e+02 6.105292040623e+01 4.194640798329e+04
2.012537787991e+03 1.020000000000e+00 3.871507555516e+01 4.400000000000e+00 8.354170084094e-01 4.957308225160e+02 4.607205172627e+01 -1.211357339774e+01 1.010236531920e+01 -1.906285174083e+02 -1.127704309034e+02 7.563196503903e+01 4.392589322725e+04
2.012537902031e+03 1.020000000000e+00 3.871507555516e+01 4.400000000000e+00 7.971207249241e-01 4.893014632313e+02 4.525125779493e+01 -1.342905111617e+01 9.871962553819e+00 -1.880613702619e+02 -1.033813767301e+02 8.884889655175e+01 4.494993575577e+04
2.012538016072e+03 1.020000000000e+00 3.871507555516e+01 4.400000000000e+00 7.606035442803e-01 4.832770807533e+02 4.503441110123e+01 -1.436455172298e+01 9.533866670788e+00 -1.849479581020e+02 -9.355935677744e+01 1.005407869504e+02 4.546977196641e+04
2.012538130112e+03 1.020000000000e+00 3.871507555516e+01 4.400000000000e+00 7.294400382092e-01 4.776417632165e+02 4.542808698175e+01 -1.497296510951e+01 9.145124791733e+00 -1.813472275390e+02 -8.356310308104e+01 1.107251247115e+02 4.546238072341e+04
2.012538244152e+03 1.020000000000e+00 3.871507555516e+01 4.400000000000e+00 7.026425174021e-01 4.724567807016e+02 4.649563444953e+01 -1.531987126995e+01 8.705612970832e+00 -1.760874724568e+02 -7.373071911632e+01 1.193996175057e+02 4.491723602423e+04
2.012538358192e+03 1.020000000000e+00 3.971507555516e+01 4.500000000000e+00 6.982790822711e-01 4.592783340709e+02 4.748943641180e+01 -1.937716220687e+01 8.247500979342e+00 -1.679295044917e+02 -6.427102736600e+01 1.380501404328e+02 4.280972520460e+04
2.012538472233e+03 1.020000000000e+00 3.971507555516e+01 4.500000000000e+00 6.737125265698e-01 4.546850704183e+02 4.901940783273e+01 -1.955783479157e+01 7.629972084927e+00 -1.607977046281e+02 -5.456969154010e+01 1.435554452845e+02 4.105144768498e+04
2.012538586273e+03 1.020000000000e+00 3.971507555516e+01 4.500000000000e+00 6.513249934904e-01 4.504674066452e+02 5.067688494587e+01 -1.997489522526e+01 7.178355239901e+00 -1.534547700522e+02 -4.549783589072e+01 1.476286315590e+02 3.994536318620e+04
2.012538700313e+03 1.020000000000e+00 3.971507555516e+01 4.500000000000e+00 6.298518420937e-01 4.467957000173e+02 5.233552633510e+01 -2.063764410769e+01 6.861233128364e+00 -1.461741582129e+02 -3.723401913262e+01 1.503861833052e+02 3.948144385981e+04
2.012538814353e+03 1.020000000000e+00 3.971507555516e+01 4.500000000000e+00 6.071184587817e-01 4.438293710098e+02 5.380440796118e+01 -2.159325630863e+01 6.653396854265e+00 -1.392123900069e+02 -2.978440461772e+01 1.520300594062e+02 3.972851292238e+04
2.012538928394e+03 1.020000000000e+00 3.971507555516e+01 4.500000000000e+00 5.808749359050e-01 4.413803704925e+02 5.498985080207e+01 -2.276068951767e+01 6.514246482378e+00 -1.326409344271e+02 -2.305244951651e+01 1.527524044521e+02 4.067474855159e+04
2.012539042434e+03 1.020000000000e+00 3.971507555516e+01 4.500000000000e+00 5.484403994239e-01 4.392335681902e+02 5.608435198794e+01 -2.404832314956e+01 6.376573750420e+00 -1.264816133577e+02 -1.699701829792e+01 1.527343331521e+02 4.218523419527e+04
2.012539156474e+03 1.020000000000e+00 3.971507555516e+01 4.500000000000e+00 5.134084526709e-01 4.373062677088e+02 5.720039084901e+01 -2.542865778620e+01 6.216154063157e+00 -1.207316512682e+02 -1.155484700101e+01 1.521293097235e+02 4.392666112066e+04
2.012539270514e+03 1.020000000000e+00 3.971507555516e+01 4.500000000000e+00 4.810425628984e-01 4.353451554514e+02 5.846774380022e+01 -2.701013431551e+01 6.025206643908e+00 -1.153854474853e+02 -6.673695007841e+00 1.510591844115e+02 4.543072390755e+04
2.012539384555e+03 1.020000000000e+00 3.971507555516e+01 4.500000000000e+00 4.512081683836e-01 4.334429927786e+02 6.007133966059e+01 -2.873111678215e+01 5.805785529390e+00 -1.104479177693e+02 -2.304890239979e+00 1.496287167729e+02 4.665108403449e+04
2.012539498595e+03 1.020000000000e+00 3.971507555516e+01 4.500000000000e+00 4.235882638638e-01 4.316166332932e+02 6.204132631290e+01 -3.061137733247e+01 5.494281837564e+00 -1.059507623204e+02 1.593226014008e+00 1.479589408996e+02 4.701106944070e+04
2.012539612635e+03 1.020000000000e+00 3.971507555516e+01 4.500000000000e+00 3.964704633538e-01 4.298359931046e+02 6.408447753162e+01 -3.260788226576e+01 5.098494228656e+00 -1.018990933354e+02 5.139202884849e+00 1.461263304257e+02 4.659725262736e+04
2.012539726675e+03 1.020000000000e+00 3.971507555516e+01 4.500000000000e+00 3.703612355096e-01 4.279795448437e+02 6.592121796437e+01 -3.459203985752e+01 4.688078914010e+00 -9.814960243555e+01 8.386444515708e+00 1.441491192353e+02 4.585912879369e+04
2.012539840716e+03 1.020000000000e+00 3.971507555516e+01 4.500000000000e+00 3.457691450091e-01 4.260840849233e+02 6.726443414586e+01 -3.636539820421e+01 4.315722232443e+00 -9.455133475913e+01 1.141315227494e+01 1.420780590710e+02 4.522120215484e+04
2.012539954756e+03 1.020000000000e+00 3.971507555516e+01 4.500000000000e+00 3.218675616198e-01 4.241582316905e+02 6.800642887114e+01 -3.778261842889e+01 4.036108371303e+00 -9.109883755611e+01 1.435490385171e+01 1.399457119272e+02 4.544560793127e+04
2.012540068796e+03 1.020000000000e+00 3.971507555516e+01 4.500000000000e+00 2.977939503888e-01 4.221339689612e+02 6.793106393973e+01 -3.878193861148e+01 3.858758631757e+00 -8.780887268319e+01 1.737456420851e+01 1.377299489678e+02 4.698514813561e+04
2.012540182836e+03 1.020000000000e+00 3.971507555516e+01 4.500000000000e+00 2.753815876780e-01 4.196718752600e+02 6.663437021177e+01 -3.898351436333e+01 3.818489116596e+00 -8.467259408873e+01 2.086518109154e+01 1.353993923979e+02 5.028805021593e+04
2.012540296877e+03 1.020000000000e+00 3.971507555516e+01 4.500000000000e+00 2.592189649781e-01 4.164879327568e+02 6.334193279607e+01 -3.828446824891e+01 4.091008834854e+00 -8.161028805295e+01 2.512582756545e+01 1.328541547642e+02 5.722055606728e+04
2.012540410917e+03 1.020000000000e+00 3.971507555516e+01 4.500000000000e+00 2.475086786106e-01 4.127207265501e+02 5.689507285547e+01 -3.701663722211e+01 4.632693902582e+00 -7.836009830100e+01 3.015151974110e+01 1.301392874922e+02 6.784203713911e+04
2.012540524957e+03 1.020000000000e+00 3.971507555516e+01 4.500000000000e+00 2.388176276002e-01 4.077861681439e+02 4.837654585735e+01 -3.519470667152e+01 5.205168466722e+00 -7.464787255087e+01 3.596396317287e+01 1.271563159380e+02 7.900947855991e+04
2.012540638997e+03 1.020000000000e+00 3.971507555516e+01 4.500000000000e+00 2.318841414307e-01 4.023222483238e+02 3.861387344463e+01 -3.186917481090e+01 5.640439676849e+00 -7.054439919622e+01 4.238105583847e+01 1.238673550530e+02 8.821703686516e+04
2.012540753038e+03 1.020000000000e+00 3.971507555516e+01 4.500000000000e+00 2.268941382976e-01 3.964591975051e+02 2.917945638614e+01 -2.792307535351e+01 5.836075905796e+00 -6.622558376600e+01 4.896861717563e+01 1.202247570021e+02 9.342151450117e+04
2.012540867078e+03 1.020000000000e+00 3.971507555516e+01 4.500000000000e+00 2.212194234719e-01 3.904674477819e+02 2.181069793958e+01 -2.338351484635e+01 5.789747007726e+00 -6.185497600932e+01 5.516733783564e+01 1.163389983512e+02 9.515603681380e+04
2.012540981118e+03 1.020000000000e+00 3.971507555516e+01 4.500000000000e+00 2.159665495710e-01 3.849606417941e+02 1.692037373952e+01 -1.919070145369e+01 5.634155457392e+00 -5.753938723401e+01 6.057015075639e+01 1.123378642273e+02 9.494757176437e+04
2.012541095158e+03 1.020000000000e+00 4.061507555516e+01 4.600000000000e+00 2.340048824725e-01 3.765422662232e+02 1.347350629745e+01 -1.512798957899e+01 4.751173725110e+00 -4.657506782074e+01 6.739107224639e+01 1.107084196294e+02 7.427895953419e+04
2.012541209199e+03 1.020000000000e+00 4.061507555516e+01 4.600000000000e+00 2.410209902797e-01 3.737800870482e+02 1.443552228954e+01 -1.336033208381e+01 4.402336906185e+00 -4.306615676361e+01 7.031017874650e+01 1.067752050275e+02 6.683575138132e+04
2.012541323239e+03 1.020000000000e+00 4.061507555516e+01 4.600000000000e+00 2.576081380178e-01 3.719671555031e+02 1.743013881802e+01 -1.201389029953e+01 4.165315457194e+00 -4.003907073812e+01 7.246298120285e+01 1.030532967226e+02 5.918254871096e+04
2.012541437279e+03 1.020000000000e+00 4.061507555516e+01 4.600000000000e+00 2.827846486681e-01 3.706284714548e+02 2.123045143794e+01 -1.026884663818e+01 4.036981499389e+00 -3.746405195872e+01 7.399660753438e+01 9.950917464100e+01 5.228336293260e+04
2.012541551319e+03 1.020000000000e+00 4.061507555516e+01 4.600000000000e+00 3.120205926213e-01 3.694156525782e+02 2.507150077279e+01 -8.136089517766e+00 3.961062439465e+00 -3.531762394341e+01 7.509559778211e+01 9.608021614120e+01 4.651636268372e+04
2.012541665360e+03 1.020000000000e+00 4.061507555516e+01 4.600000000000e+00 3.409077233707e-01 3.682148382454e+02 2.871105591335e+01 -5.541887169636e+00 3.924755096110e+00 -3.361299101237e+01 7.590293158759e+01 9.282945136717e+01 4.220593968456e+04
2.012541779400e+03 1.020000000000e+00 4.061507555516e+01 4.600000000000e+00 3.638988129534e-01 3.668269715080e+02 3.187892792516e+01 -2.731292140253e+00 3.913186459329e+00 -3.225859003232e+01 7.646973258638e+01 8.978280825951e+01 3.940584220912e+04
2.012541893440e+03 1.020000000000e+00 4.061507555516e+01 4.600000000000e+00 3.765826106311e-01 3.653437762814e+02 3.448216916964e+01 -1.190444654240e-01 3.905836447704e+00 -3.114079845057e+01 7.687558957827e+01 8.687978423106e+01 3.797278185878e+04
2.012542007480e+03 1.020000000000e+00 4.061507555516e+01 4.600000000000e+00 3.803856624280e-01 3.638640563996e+02 3.661939678821e+01 1.805745151498e+00 3.927672506977e+00 -3.021288932800e+01 7.716998985187e+01 8.409202079892e+01 3.779628440363e+04
2.012542121521e+03 1.020000000000e+00 4.061507555516e+01 4.600000000000e+00 3.762429532652e-01 3.624406410739e+02 3.848218379998e+01 2.838536661964e+00 4.085369514146e+00 -2.944688002529e+01 7.732538211495e+01 8.142505661494e+01 3.967078689475e+04
2.012542235561e+03 1.020000000000e+00 4.061507555516e+01 4.600000000000e+00 3.677252926014e-01 3.611751348754e+02 3.999251987551e+01 2.866415523149e+00 4.755459178902e+00 -2.880695147890e+01 7.728029104350e+01 7.891740871086e+01 4.723185705362e+04
2.012542349601e+03 1.020000000000e+00 4.061507555516e+01 4.600000000000e+00 3.543554124796e-01 3.605554269723e+02 4.042360166591e+01 1.562582713448e+00 6.849720649759e+00 -2.826793891465e+01 7.694349198130e+01 7.659518437578e+01 7.075229973046e+04
2.012542463641e+03 1.020000000000e+00 4.061507555516e+01 4.600000000000e+00 3.329761814108e-01 3.609458551534e+02 3.927978180936e+01 -2.928112038968e+00 1.044536966935e+01 -2.788364147661e+01 7.632216073290e+01 7.441866575876e+01 1.147039903829e+05
2.012542577682e+03 1.020000000000e+00 4.061507555516e+01 4.600000000000e+00 3.112140175376e-01 3.627486596662e+02 3.448087752936e+01 -1.022486911414e+01 1.484158319833e+01 -2.767999436480e+01 7.531169057727e+01 7.243864674146e+01 1.737135984346e+05
2.012542691722e+03 1.020000000000e+00 4.061507555516e+01 4.600000000000e+00 2.943641200645e-01 3.657934206586e+02 2.567624372844e+01 -1.846819623455e+01 1.933487525579e+01 -2.780318143030e+01 7.385901511575e+01 7.093946084953e+01 2.384856361042e+05
2.012542805762e+03 1.020000000000e+00 4.061507555516e+01 4.600000000000e+00 2.838669355061e-01 3.686863537947e+02 1.556397688183e+01 -2.511756830820e+01 2.323807436891e+01 -2.856006355985e+01 7.194298282725e+01 6.992321738876e+01 2.968243706436e+05
2.012542919802e+03 1.020000000000e+00 4.061507555516e+01 4.600000000000e+00 2.772738614655e-01 3.709956020682e+02 5.954441453497e+00 -2.822733918496e+01 2.605547785300e+01 -3.000360423789e+01 6.970011227286e+01 6.930552185558e+01 3.404084563947e+05
2.012543033843e+03 1.020000000000e+00 4.061507555516e+01 4.600000000000e+00 2.737507158984e-01 3.729789177354e+02 -7.582851553869e-01 -2.902456865220e+01 2.761214606932e+01 -3.176900660085e+01 6.745122871120e+01 6.904081227744e+01 3.652298795032e+05
2.012543147883e+03 1.020000000000e+00 4.061507555516e+01 4.600000000000e+00 2.801703191965e-01 3.741380192129e+02 -3.504557893353e+00 -2.880492385421e+01 2.840336584993e+01 -3.349571833745e+01 6.540669867221e+01 6.885943676011e+01 3.679998518531e+05
2.012543261923e+03 1.020000000000e+00 4.061507555516e+01 4.600000000000e+00 3.374119856412e-01 3.747491562351e+02 -3.889697260446e+00 -2.767626741974e+01 2.913265745499e+01 -3.501629984592e+01 6.376579256686e+01 6.853066848188e+01 3.411354439069e+05
2.012543375963e+03 1.020000000000e+00 4.061507555516e+01 4.600000000000e+00 5.937582768222e-01 3.745501677030e+02 -3.217310731247e+00 -2.520425916201e+01 3.031662940923e+01 -3.632344641684e+01 6.253439249394e+01 6.799069539618e+01 2.081117986798e+05
2.012543490004e+03 1.020000000000e+00 4.061507555516e+01 4.600000000000e+00 1.138761158875e+00 3.737626646365e+02 -1.575509052795e+00 -2.252754288226e+01 3.235713660614e+01 -3.748287722723e+01 6.168296228998e+01 6.739509636726e+01 1.089841488772e+05
2.012543604044e+03 1.020000000000e+00 4.061507555516e+01 4.600000000000e+00 1.835092225833e+00 3.726288454762e+02 6.676823857960e-01 -1.993308494576e+01 3.538053293274e+01 -3.854606693587e+01 6.110279558546e+01 6.698619811939e+01 7.180803577042e+04
2.012543718084e+03 1.020000000000e+00 4.161507555516e+01 4.700000000000e+00 2.533450533414e+00 3.704314687990e+02 3.166403071268e+00 -1.772366237483e+01 3.950135934654e+01 -3.951071831657e+01 5.920499439731e+01 6.805826382521e+01 5.730911808583e+04
2.012543832124e+03 1.020000000000e+00 4.161507555516e+01 4.700000000000e+00 3.319961907757e+00 3.695985798463e+02 5.798474356417e+00 -1.564884825999e+01 4.307247478887e+01 -4.069096475504e+01 5.967070648972e+01 6.832398038918e+01 4.738674931286e+04
2.012543946165e+03 1.020000000000e+00 4.161507555516e+01 4.700000000000e+00 4.092475798135e+00 3.687873567372e+02 8.397919608350e+00 -1.446951296909e+01 4.612584846165e+01 -4.197325555449e+01 6.106228721700e+01 6.861220509773e+01 4.101632379444e+04
2.012544060205e+03 1.020000000000e+00 4.161507555516e+01 4.700000000000e+00 4.800029527673e+00 3.681138869663e+02 1.040707074830e+01 -1.383380209076e+01 4.864766339437e+01 -4.337816028619e+01 6.303566484050e+01 6.917068655709e+01 3.678546531730e+04
2.012544174245e+03 1.020000000000e+00 4.161507555516e+01 4.700000000000e+00 5.387993162968e+00 3.676836022704e+02 1.159398516926e+01 -1.342653652661e+01 5.110370096678e+01 -4.484371948055e+01 6.533168432960e+01 7.005266581875e+01 3.435957029599e+04
2.012544288285e+03 1.020000000000e+00 4.161507555516e+01 4.700000000000e+00 5.901518904831e+00 3.675396144450e+02 1.204328499349e+01 -1.330518425151e+01 5.520263311231e+01 -4.621365867983e+01 6.795253983938e+01 7.067462638021e+01 3.381366599670e+04
2.012544402326e+03 1.020000000000e+00 4.161507555516e+01 4.700000000000e+00 6.707173789221e+00 3.679305734293e+02 1.200250546050e+01 -1.403073614445e+01 6.602580709215e+01 -4.726428304306e+01 7.049206855715e+01 7.039824049113e+01 3.543245570780e+04
2.012544516366e+03 1.020000000000e+00 4.161507555516e+01 4.700000000000e+00 8.143272347825e+00 3.687150271680e+02 1.114257185091e+01 -1.610326796803e+01 8.819467535327e+01 -4.785081500622e+01 7.240822190002e+01 6.950419355402e+01 3.893934042042e+04
2.012544630406e+03 1.020000000000e+00 4.161507555516e+01 4.700000000000e+00 9.929305874100e+00 3.696819693123e+02 8.694685140356e+00 -1.882468682137e+01 1.189960109572e+02 -4.798336861475e+01 7.402865308791e+01 6.832542048259e+01 4.315071317024e+04
2.012544744446e+03 1.020000000000e+00 4.161507555516e+01 4.700000000000e+00 1.182726067994e+01 3.708402618266e+02 5.111118805586e+00 -2.148012977907e+01 1.551810737663e+02 -4.779171965197e+01 7.616463319001e+01 6.615886196328e+01 4.732438595382e+04
2.012544858487e+03 1.020000000000e+00 4.161507555516e+01 4.700000000000e+00 1.363775367032e+01 3.721384257261e+02 9.319151751912e-01 -2.359237705530e+01 1.935347806263e+02 -4.741098713391e+01 7.913724760120e+01 6.150749920718e+01 5.124508174463e+04
2.012544972527e+03 1.020000000000e+00 4.161507555516e+01 4.700000000000e+00 1.511211300477e+01 3.734613032096e+02 -3.203047549986e+00 -2.491945935019e+01 2.312767641808e+02 -4.691966354208e+01 8.245084141731e+01 5.484319037771e+01 5.533892846695e+04
2.012545086567e+03 1.020000000000e+00 4.161507555516e+01 4.700000000000e+00 1.573618183094e+01 3.748582608792e+02 -7.109339071123e+00 -2.557830709013e+01 2.634347747967e+02 -4.634797993097e+01 8.566094227299e+01 4.747712879609e+01 6.060636492812e+04
2.012545200607e+03 1.020000000000e+00 4.161507555516e+01 4.700000000000e+00 1.576637584098e+01 3.762884997549e+02 -1.062263133509e+01 -2.573477205745e+01 2.871917009296e+02 -4.570838003429e+01 8.834268718876e+01 4.032804825684e+01 6.597170205504e+04
2.012545314648e+03 1.020000000000e+00 4.161507555516e+01 4.700000000000e+00 1.556687781513e+01 3.777087751974e+02 -1.360602678462e+01 -2.560529646191e+01 3.019510230737e+02 -4.505550932622e+01 9.024128797478e+01 3.400047698345e+01 7.025486942367e+04
2.012545428688e+03 1.020000000000e+00 4.161507555516e+01 4.700000000000e+00 1.523391776536e+01 3.791594742448e+02 -1.597599185924e+01 -2.516331202356e+01 3.089527738931e+02 -4.442684133301e+01 9.132621273262e+01 2.871935829494e+01 7.346664511376e+04
2.012545542728e+03 1.020000000000e+00 4.161507555516e+01 4.700000000000e+00 1.462771183589e+01 3.809634155908e+02 -1.764950926280e+01 -2.385227978396e+01 3.097589176898e+02 -4.381348338062e+01 9.153862568177e+01 2.418636578602e+01 7.677621052161e+04
2.012545656768e+03 1.020000000000e+00 4.161507555516e+01 4.700000000000e+00 1.352692134094e+01 3.844140550281e+02 -1.848747787467e+01 -2.166625524246e+01 3.023972612069e+02 -4.308319254207e+01 9.005727787654e+01 1.940170451272e+01 8.109825811864e+04
2.012545770809e+03 1.020000000000e+00 4.161507555516e+01 4.700000000000e+00 1.202237067780e+01 3.908731159001e+02 -1.856127560862e+01 -1.900796131827e+01 2.821878888612e+02 -4.207409522615e+01 8.448649773903e+01 1.425508030888e+01 8.485020402594e+04
2.012545884849e+03 1.020000000000e+00 4.161507555516e+01 4.700000000000e+00 1.022692638529e+01 4.011196480981e+02 -1.753094862726e+01 -1.557511773688e+01 2.301561034914e+02 -4.036403374284e+01 7.167516264524e+01 9.548303821017e+00 8.099474119651e+04
2.012545998889e+03 1.020000000000e+00 4.161507555516e+01 4.700000000000e+00 8.331368230123e+00 4.139649105663e+02 -1.352634974067e+01 -1.113056470138e+01 1.664769646588e+02 -3.828319776004e+01 5.648076337315e+01 6.327761284417e+00 7.180907770424e+04
2.012546112929e+03 1.020000000000e+00 4.161507555516e+01 4.700000000000e+00 6.791628519323e+00 4.260399365675e+02 -7.867729382198e+00 -7.019393161563e+00 1.167743773235e+02 -3.647103973771e+01 4.394920014709e+01 4.035660459335e+00 6.202540479954e+04
2.012546226970e+03 1.020000000000e+00 4.161507555516e+01 4.700000000000e+00 5.885574838343e+00 4.339585382220e+02 -4.072974094415e+00 -4.403299234586e+00 9.057810061466e+01 -3.526559792450e+01 3.655699092462e+01 2.513896158322e+00 5.569734584817e+04
2.012546341010e+03 1.020000000000e+00 4.161507555516e+01 4.700000000000e+00 5.504025323735e+00 4.373111005213e+02 -2.542940382043e+00 -3.315663103441e+00 8.091883861287e+01 -3.457597631987e+01 3.350852318686e+01 1.800218580578e+00 5.323851689292e+04
2.012546455050e+03 1.020000000000e+00 4.251507555516e+01 4.800000000000e+00 5.327087851186e+00 4.389672521749e+02 -1.999377572496e+00 -2.926595608155e+00 7.704761284494e+01 -3.416826030323e+01 3.228752008612e+01 1.548995093798e+00 5.237823815878e+04
2.012546569090e+03 1.020000000000e+00 4.251507555516e+01 4.800000000000e+00 5.212254789093e+00 4.398437823451e+02 -1.673884142199e+00 -2.716289621866e+00 7.452579233809e+01 -3.414330052702e+01 3.158471997087e+01 1.380411241095e+00 5.178049710692e+04
2.012546683131e+03 1.020000000000e+00 4.251507555516e+01 4.800000000000e+00 5.128291249319e+00 4.404420826769e+02 -1.451834476866e+00 -2.604051632015e+00 7.272352920424e+01 -3.429416596567e+01 3.114690075090e+01 1.267898169582e+00 5.135520098816e+04
2.012546797171e+03 1.020000000000e+00 4.251507555516e+01 4.800000000000e+00 5.086170256453e+00 4.409562625297e+02 -1.181668289574e+00 -2.536012712946e+00 7.182373795526e+01 -3.435698440962e+01 3.081555232689e+01 1.150346787157e+00 5.113885636870e+04
2.012546911211e+03 1.020000000000e+00 4.251507555516e+01 4.800000000000e+00 5.081764707511e+00 4.414426192983e+02 -8.007578364908e-01 -2.508370483844e+00 7.174147378343e+01 -3.434504301076e+01 3.052048959951e+01 9.791487191312e-01 5.112437991607e+04
2.012547025251e+03 1.020000000000e+00 4.251507555516e+01 4.800000000000e+00 5.084546166009e+00 4.419810815267e+02 -4.240940385021e-01 -2.495721301140e+00 7.182101504731e+01 -3.433321079505e+01 3.028186844779e+01 7.900414452377e-01 5.115298674209e+04
2.012547139292e+03 1.020000000000e+00 4.251507555516e+01 4.800000000000e+00 5.091697165072e+00 4.426023768643e+02 -9.532040680959e-02 -2.487347787189e+00 7.199607861802e+01 -3.436270115444e+01 3.016175177517e+01 6.011140898212e-01 5.120541460756e+04
2.012547253332e+03 1.020000000000e+00 4.251507555516e+01 4.800000000000e+00 5.107385689425e+00 4.433176490770e+02 1.760831228177e-01 -2.482466496097e+00 7.235506576730e+01 -3.443984200187e+01 3.017606529720e+01 4.141110934236e-01 5.130227999974e+04
2.012547367372e+03 1.020000000000e+00 4.251507555516e+01 4.800000000000e+00 5.136688855162e+00 4.441020363804e+02 3.715262329111e-01 -2.483199631086e+00 7.301379655984e+01 -3.455737444010e+01 3.021751645878e+01 2.318923304141e-01 5.147319124521e+04
2.012547481412e+03 1.020000000000e+00 4.251507555516e+01 4.800000000000e+00 5.188024127562e+00 4.448862189194e+02 4.677692085164e-01 -2.495525239688e+00 7.414753580049e+01 -3.470412386264e+01 3.032339544850e+01 6.265580082406e-02 5.175420717644e+04
2.012547595453e+03 1.020000000000e+00 4.251507555516e+01 4.800000000000e+00 5.263731505978e+00 4.456486069822e+02 5.056455348808e-01 -2.517224065162e+00 7.581195006420e+01 -3.486186352094e+01 3.052123871155e+01 -8.455009179531e-02 5.215426928332e+04
2.012547709493e+03 1.020000000000e+00 4.251507555516e+01 4.800000000000e+00 5.356367725447e+00 4.464702431221e+02 5.222546463292e-01 -2.541273251289e+00 7.785511120374e+01 -3.500154023979e+01 3.073049737439e+01 -2.044509776129e-01 5.263307760855e+04
2.012547823533e+03 1.020000000000e+00 4.251507555516e+01 4.800000000000e+00 5.462855216632e+00 4.473864053620e+02 5.216544961942e-01 -2.565320217476e+00 8.022931737934e+01 -3.508870597637e+01 3.091244082101e+01 -2.945608935259e-01 5.318035101042e+04
2.012547937573e+03 1.020000000000e+00 4.251507555516e+01 4.800000000000e+00 5.582865389503e+00 4.484042325116e+02 4.597168811850e-01 -2.587747854008e+00 8.293794954402e+01 -3.509360485503e+01 3.105705525892e+01 -3.543930546721e-01 5.379340544767e+04
2.012548051613e+03 1.020000000000e+00 4.251507555516e+01 4.800000000000e+00 5.716179376514e+00 4.495164420688e+02 3.379545299681e-01 -2.603562722256e+00 8.598688644276e+01 -3.500117791668e+01 3.116970668134e+01 -3.899515936610e-01 5.446962310972e+04
2.012548165654e+03 1.020000000000e+00 4.251507555516e+01 4.800000000000e+00 5.861521665354e+00 4.507147857490e+02 1.825977858160e-01 -2.619478034768e+00 8.935829984235e+01 -3.481142242790e+01 3.125711059868e+01 -4.029565148943e-01 5.520115034360e+04
2.012548279694e+03 1.020000000000e+00 4.251507555516e+01 4.800000000000e+00 6.014573981142e+00 4.520019254606e+02 6.693228636944e-03 -2.637004307618e+00 9.302147391843e+01 -3.453842522021e+01 3.132978040917e+01 -4.049675432540e-01 5.600097588216e+04
2.012548393734e+03 1.020000000000e+00 4.251507555516e+01 4.800000000000e+00 6.144947493117e+00 4.533944633382e+02 -1.826378697960e-01 -2.659039511068e+00 9.694514698888e+01 -3.420433302076e+01 3.140478463289e+01 -3.862903033824e-01 5.712395423479e+04
2.012548507774e+03 1.020000000000e+00 4.251507555516e+01 4.800000000000e+00 6.230342809971e+00 4.549055985038e+02 -3.926965969968e-01 -2.695744648010e+00 1.010881404692e+02 -3.382976996583e+01 3.149204313463e+01 -2.850554242604e-01 5.874897298169e+04
2.012548621815e+03 1.020000000000e+00 4.251507555516e+01 4.800000000000e+00 6.301736667231e+00 4.565189158919e+02 -6.503271997884e-01 -2.735561304852e+00 1.053631978114e+02 -3.342569830352e+01 3.157590075664e+01 -8.763740178859e-02 6.053997794503e+04
2.012548735855e+03 1.020000000000e+00 4.251507555516e+01 4.800000000000e+00 6.372054244710e+00 4.581853908381e+02 -9.895088002516e-01 -2.804122040260e+00 1.095967055837e+02 -3.299401499660e+01 3.160523132125e+01 1.561226409782e-01 6.227833958906e+04
2.012548849895e+03 1.020000000000e+00 4.251507555516e+01 4.800000000000e+00 6.436578349089e+00 4.598386835575e+02 -1.420761931498e+00 -2.895715488253e+00 1.135129336548e+02 -3.253872318822e+01 3.151187147121e+01 4.340370814468e-01 6.385858542974e+04
2.012548963935e+03 1.020000000000e+00 4.251507555516e+01 4.800000000000e+00 6.482110803764e+00 4.614066074851e+02 -1.916653641608e+00 -2.990675839355e+00 1.167606135485e+02 -3.206863895215e+01 3.127895336633e+01 7.406061204199e-01 6.522640882025e+04
2.012549077976e+03 1.020000000000e+00 4.251507555516e+01 4.800000000000e+00 6.486991877760e+00 4.628392339218e+02 -2.440634720717e+00 -3.070420197980e+00 1.189163993017e+02 -3.159380945935e+01 3.098563552624e+01 1.058917771843e+00 6.638308038635e+04
2.012549192016e+03 1.020000000000e+00 4.351507555516e+01 4.900000000000e+00 6.441910571482e+00 4.639877183353e+02 -2.770651047194e+00 -3.145113175902e+00 1.196977384698e+02 -3.126979244859e+01 3.055328735386e+01 1.361256210588e+00 6.728926980333e+04
2.012549306056e+03 1.020000000000e+00 4.351507555516e+01 4.900000000000e+00 6.336184070357e+00 4.651475896021e+02 -3.258343444437e+00 -3.158101965751e+00 1.193445177612e+02 -3.080661613440e+01 3.005022553190e+01 1.630034526922e+00 6.821093774213e+04
2.012549420096e+03 1.020000000000e+00 4.351507555516e+01 4.900000000000e+00 6.210948526462e+00 4.661770085972e+02 -3.620263928212e+00 -3.147579815098e+00 1.178472035021e+02 -3.033990868885e+01 2.952286859118e+01 1.830673477857e+00 6.871362740383e+04
2.012549534137e+03 1.020000000000e+00 4.351507555516e+01 4.900000000000e+00 6.069622382259e+00 4.671199009100e+02 -3.838883138122e+00 -3.108233169076e+00 1.154838728978e+02 -2.986108468087e+01 2.900060012160e+01 1.953622982192e+00 6.890418063003e+04
2.012549648177e+03 1.020000000000e+00 4.351507555516e+01 4.900000000000e+00 5.897005276504e+00 4.680170143072e+02 -3.930916490672e+00 -3.008574874589e+00 1.124557800127e+02 -2.936783288307e+01 2.848410735513e+01 2.023636220965e+00 6.906178332775e+04
2.012549762217e+03 1.020000000000e+00 4.351507555516e+01 4.900000000000e+00 5.716663031032e+00 4.688989097266e+02 -3.949659885187e+00 -2.875804484901e+00 1.091515211743e+02 -2.887429356028e+01 2.796798753223e+01 2.039368182723e+00 6.914708241532e+04
2.012549876257e+03 1.020000000000e+00 4.351507555516e+01 4.900000000000e+00 5.543160958602e+00 4.697698706473e+02 -3.939634437377e+00 -2.728973865236e+00 1.058005957149e+02 -2.840985243413e+01 2.745253522020e+01 2.023222270389e+00 6.912188157200e+04
2.012549990298e+03 1.020000000000e+00 4.351507555516e+01 4.900000000000e+00 5.384256991513e+00 4.706254486007e+02 -3.898341732326e+00 -2.584029475426e+00 1.024736305078e+02 -2.800640393927e+01 2.694065078946e+01 1.962217667447e+00 6.892397605768e+04
2.012550104338e+03 1.020000000000e+00 4.351507555516e+01 4.900000000000e+00 5.243063231381e+00 4.714640706250e+02 -3.814555802753e+00 -2.432580743047e+00 9.927716595162e+01 -2.768465259526e+01 2.643136660531e+01 1.825691217798e+00 6.857215774027e+04
2.012550218378e+03 1.020000000000e+00 4.351507555516e+01 4.900000000000e+00 5.119153286479e+00 4.722835847324e+02 -3.731491780281e+00 -2.270696123174e+00 9.623386442084e+01 -2.744923104074e+01 2.592366939564e+01 1.670064909814e+00 6.807903303841e+04
2.012550332418e+03 1.020000000000e+00 4.351507555516e+01 4.900000000000e+00 5.009420232138e+00 4.730773077851e+02 -3.653641304647e+00 -2.105317376765e+00 9.340192368530e+01 -2.729134842852e+01 2.541412240955e+01 1.515504040910e+00 6.752312751032e+04
2.012550446459e+03 1.020000000000e+00 4.351507555516e+01 4.900000000000e+00 4.909640365074e+00 4.738337841137e+02 -3.565053125796e+00 -1.944082045083e+00 9.083119400611e+01 -2.719297262237e+01 2.489581833907e+01 1.365225936200e+00 6.699922277250e+04
2.012550560499e+03 1.020000000000e+00 4.351507555516e+01 4.900000000000e+00 4.825089777682e+00 4.745403184247e+02 -3.446786639905e+00 -1.790721926987e+00 8.859042757279e+01 -2.713333992194e+01 2.435944628319e+01 1.220107091289e+00 6.649157508607e+04
2.012550674539e+03 1.020000000000e+00 4.351507555516e+01 4.900000000000e+00 4.760148738641e+00 4.752011016245e+02 -3.321062634534e+00 -1.647271932249e+00 8.654659374926e+01 -2.709406559290e+01 2.382611803732e+01 1.084018296343e+00 6.584385584608e+04
2.012550788579e+03 1.020000000000e+00 4.351507555516e+01 4.900000000000e+00 4.703758970006e+00 4.758233061856e+02 -3.198392634485e+00 -1.512776235678e+00 8.465272980589e+01 -2.706289737802e+01 2.330664372775e+01 9.601289163720e-01 6.517493810129e+04
2.012550902620e+03 1.020000000000e+00 4.351507555516e+01 4.900000000000e+00 4.648413902487e+00 4.764079939572e+02 -3.069686255185e+00 -1.386246912837e+00 8.293680048331e+01 -2.703304952634e+01 2.279674194747e+01 8.506902845554e-01 6.461392982113e+04
2.012551016660e+03 1.020000000000e+00 4.351507555516e+01 4.900000000000e+00 4.595820943264e+00 4.769535740947e+02 -2.927459663512e+00 -1.268128798413e+00 8.141756778843e+01 -2.700189804668e+01 2.229474457418e+01 7.585253545680e-01 6.415608782113e+04
2.012551130700e+03 1.020000000000e+00 4.351507555516e+01 4.900000000000e+00 4.548383730606e+00 4.774566815177e+02 -2.771648000100e+00 -1.158320966132e+00 8.008800752176e+01 -2.696990703161e+01 2.180529261016e+01 6.864695414610e-01 6.376649158153e+04
2.012551244740e+03 1.020000000000e+00 4.351507555516e+01 4.900000000000e+00 4.506654729743e+00 4.779097559913e+02 -2.609165661394e+00 -1.055402102817e+00 7.892922775928e+01 -2.693893040877e+01 2.133692029044e+01 6.365420060503e-01 6.342566410010e+04
2.012551358781e+03 1.020000000000e+00 4.351507555516e+01 4.900000000000e+00 4.470013034650e+00 4.783018781954e+02 -2.450829252169e+00 -9.565326761313e-01 7.791848325375e+01 -2.691105309879e+01 2.089758117757e+01 6.089532283139e-01 6.312665668358e+04
2.012551472821e+03 1.020000000000e+00 4.351507555516e+01 4.900000000000e+00 4.437236283627e+00 4.786239418817e+02 -2.308161401189e+00 -8.578676154003e-01 7.702259893017e+01 -2.688733120351e+01 2.049161945137e+01 5.994743422719e-01 6.286170334437e+04
2.012551586861e+03 1.020000000000e+00 4.351507555516e+01 4.900000000000e+00 4.408722115253e+00 4.788590201417e+02 -2.200956319554e+00 -7.561338518296e-01 7.624803064487e+01 -2.686826331563e+01 2.013067365232e+01 5.982348164393e-01 6.263164895716e+04
2.012551700901e+03 1.020000000000e+00 4.351507555516e+01 4.900000000000e+00 4.392330048655e+00 4.789723662263e+02 -2.161365139228e+00 -6.525349006064e-01 7.578904539452e+01 -2.685432742857e+01 1.985201374836e+01 6.074535759381e-01 6.248689044694e+04
2.012551814942e+03 1.020000000000e+00 4.351507555516e+01 4.900000000000e+00 4.380094454198e+00 4.790321071610e+02 -2.150823099537e+00 -5.510904855035e-01 7.543287485345e+01 -2.684483992887e+01 1.961159153381e+01 6.324322461794e-01 6.236706822268e+04
2.012551928982e+03 1.020000000000e+00 4.441507555516e+01 5.000000000000e+00 4.377565734569e+00 4.789884935580e+02 -2.076274118956e+00 -4.780229279258e-01 7.531136884486e+01 -2.696759705559e+01 1.945552702686e+01 6.255734469203e-01 6.230236198426e+04
2.012552043022e+03 1.020000000000e+00 4.441507555516e+01 5.000000000000e+00 4.365962456225e+00 4.789497732394e+02 -2.097659164684e+00 -3.893782188105e-01 7.498387667929e+01 -2.695427366429e+01 1.924733326745e+01 6.472915568231e-01 6.219627519760e+04
2.012552157062e+03 1.020000000000e+00 4.441507555516e+01 5.000000000000e+00 4.356412665583e+00 4.788390419652e+02 -2.160459642703e+00 -3.154231879260e-01 7.470419268841e+01 -2.694486731316e+01 1.909489965803e+01 6.526822939168e-01 6.210006912561e+04
2.012552271103e+03 1.020000000000e+00 4.441507555516e+01 5.000000000000e+00 4.349045659834e+00 4.786982706430e+02 -2.237975757238e+00 -2.607569110239e-01 7.447563483100e+01 -2.693610258433e+01 1.900207536467e+01 6.485467269885e-01 6.201494688807e+04
2.012552385143e+03 1.020000000000e+00 4.441507555516e+01 5.000000000000e+00 4.342448571730e+00 4.785281459592e+02 -2.316537094716e+00 -2.286039294841e-01 7.426034840936e+01 -2.692216775883e+01 1.892090718786e+01 6.362393813376e-01 6.192964279365e+04
2.012552499183e+03 1.020000000000e+00 4.441507555516e+01 5.000000000000e+00 4.335544452295e+00 4.783243560061e+02 -2.393169395757e+00 -2.128040608808e-01 7.403265856822e+01 -2.689869872997e+01 1.883963802741e+01 6.092491015223e-01 6.183808564289e+04
2.012552613223e+03 1.020000000000e+00 4.441507555516e+01 5.000000000000e+00 4.327793808524e+00 4.780855216889e+02 -2.471974799121e+00 -2.111738112435e-01 7.378239717080e+01 -2.686178315906e+01 1.875705875034e+01 5.618772184503e-01 6.173942340061e+04
2.012552727264e+03 1.020000000000e+00 4.441507555516e+01 5.000000000000e+00 4.318851216802e+00 4.778114406222e+02 -2.561060116396e+00 -2.221534570090e-01 7.350111911532e+01 -2.680880156153e+01 1.866984644014e+01 4.985055845082e-01 6.163142881071e+04
2.012552841304e+03 1.020000000000e+00 4.441507555516e+01 5.000000000000e+00 4.308285248753e+00 4.775040922436e+02 -2.668031202919e+00 -2.441152408623e-01 7.317670699128e+01 -2.673805886909e+01 1.857379565074e+01 4.262410425984e-01 6.150993422087e+04
2.012552955344e+03 1.020000000000e+00 4.441507555516e+01 5.000000000000e+00 4.295443760982e+00 4.771681865739e+02 -2.799885156670e+00 -2.705401088881e-01 7.279340599974e+01 -2.664816485869e+01 1.846675242047e+01 3.503641065924e-01 6.137074215405e+04
2.012553069384e+03 1.020000000000e+00 4.441507555516e+01 5.000000000000e+00 4.279531405936e+00 4.768098560342e+02 -2.961885880904e+00 -2.950985733401e-01 7.233221525652e+01 -2.653901587265e+01 1.834835609044e+01 2.738500148363e-01 6.120876724814e+04
2.012553183425e+03 1.020000000000e+00 4.441507555516e+01 5.000000000000e+00 4.259876208623e+00 4.764341103286e+02 -3.156521859127e+00 -3.147595511057e-01 7.177684983490e+01 -2.641250383423e+01 1.821969550412e+01 1.979238796083e-01 6.101917249011e+04
2.012553297465e+03 1.020000000000e+00 4.441507555516e+01 5.000000000000e+00 4.235994172591e+00 4.760429389528e+02 -3.383421430616e+00 -3.280135540586e-01 7.111519420935e+01 -2.627198696669e+01 1.808297566874e+01 1.232366997225e-01 6.079764568746e+04
2.012553411505e+03 1.020000000000e+00 4.441507555516e+01 5.000000000000e+00 4.207650004026e+00 4.756368199192e+02 -3.639382187209e+00 -3.330760332219e-01 7.034075188764e+01 -2.612089442122e+01 1.794149774739e+01 5.052779618772e-02 6.054073233078e+04
2.012553525545e+03 1.020000000000e+00 4.441507555516e+01 5.000000000000e+00 4.175258074752e+00 4.752179844281e+02 -3.917417836814e+00 -3.310625208258e-01 6.946179025284e+01 -2.596273211407e+01 1.780040006090e+01 -1.961112337833e-02 6.024810484087e+04
2.012553639586e+03 1.020000000000e+00 4.441507555516e+01 5.000000000000e+00 4.138837953083e+00 4.747784441105e+02 -4.212012663069e+00 -3.243711354358e-01 6.847611347361e+01 -2.580083219047e+01 1.765872528021e+01 -8.647079661056e-02 5.991581970631e+04
2.012553753626e+03 1.020000000000e+00 4.441507555516e+01 5.000000000000e+00 4.099474143954e+00 4.743173282739e+02 -4.513856455764e+00 -3.137366212329e-01 6.740807433992e+01 -2.563777982965e+01 1.751952888735e+01 -1.501106640059e-01 5.954760320828e+04
2.012553867666e+03 1.020000000000e+00 4.441507555516e+01 5.000000000000e+00 4.058026802151e+00 4.738286650379e+02 -4.815808038652e+00 -3.028557246209e-01 6.627646187214e+01 -2.547512376105e+01 1.738213582873e+01 -2.116385702904e-01 5.914586914827e+04
2.012553981706e+03 1.020000000000e+00 4.441507555516e+01 5.000000000000e+00 4.015268812534e+00 4.733051733587e+02 -5.112363859788e+00 -2.935968551228e-01 6.509843803427e+01 -2.531278033955e+01 1.724455254616e+01 -2.717417523169e-01 5.871314191599e+04
2.012554095747e+03 1.020000000000e+00 4.441507555516e+01 5.000000000000e+00 3.971773980500e+00 4.727386584251e+02 -5.400878950448e+00 -2.858784166378e-01 6.388727029711e+01 -2.514917606975e+01 1.710285452695e+01 -3.294234518247e-01 5.825168812445e+04
2.012554209787e+03 1.020000000000e+00 4.441507555516e+01 5.000000000000e+00 3.927988676010e+00 4.721232317791e+02 -5.682691880351e+00 -2.780876921294e-01 6.265448687148e+01 -2.498094228558e+01 1.695013421842e+01 -3.819816691421e-01 5.776436833682e+04
2.012554323827e+03 1.020000000000e+00 4.441507555516e+01 5.000000000000e+00 3.884351118054e+00 4.714610546858e+02 -5.965414306749e+00 -2.672863527824e-01 6.141368283829e+01 -2.480108606614e+01 1.677796459465e+01 -4.256290747263e-01 5.725641229739e+04
2.012554437867e+03 1.020000000000e+00 4.441507555516e+01 5.000000000000e+00 3.841308908939e+00 4.707647970354e+02 -6.264123112348e+00 -2.523279638159e-01 6.018202805184e+01 -2.459879106729e+01 1.658209470116e+01 -4.566661198770e-01 5.673674207997e+04
2.012554551908e+03 1.020000000000e+00 4.441507555516e+01 5.000000000000e+00 3.799707291343e+00 4.700520877154e+02 -6.594017826133e+00 -2.354220152112e-01 5.898915904308e+01 -2.436376734796e+01 1.636926433708e+01 -4.733779851710e-01 5.622092805273e+04
2.012554665948e+03 1.020000000000e+00 4.541507555516e+01 5.100000000000e+00 3.821892468832e+00 4.699972461981e+02 -6.515564241592e+00 -2.453641623847e-01 5.944657021164e+01 -2.443035848145e+01 1.653415069442e+01 -4.741264674675e-01 5.632461025570e+04
2.012554779988e+03 1.020000000000e+00 4.541507555516e+01 5.100000000000e+00 3.790159095324e+00 4.693376238270e+02 -6.820887201341e+00 -2.365032382752e-01 5.848961392810e+01 -2.417439758483e+01 1.637197359261e+01 -4.835190220937e-01 5.588189781958e+04
2.012554894028e+03 1.020000000000e+00 4.541507555516e+01 5.100000000000e+00 3.765971936521e+00 4.687318297568e+02 -7.063994541468e+00 -2.421709347821e-01 5.772663989354e+01 -2.392201825350e+01 1.625841107276e+01 -4.968931915344e-01 5.550747574358e+04
2.012555008069e+03 1.020000000000e+00 4.541507555516e+01 5.100000000000e+00 3.749879417680e+00 4.682405197973e+02 -7.166713718612e+00 -2.849140313939e-01 5.716898792082e+01 -2.370477860362e+01 1.619389185136e+01 -5.106612448301e-01 5.520750616298e+04
2.012555122109e+03 1.020000000000e+00 4.541507555516e+01 5.100000000000e+00 3.751856207117e+00 4.679881185531e+02 -7.130172874341e+00 -3.656251469608e-01 5.703157807799e+01 -2.354791897356e+01 1.625376747672e+01 -5.269748949515e-01 5.504620607491e+04
2.012555236149e+03 1.020000000000e+00 4.541507555516e+01 5.100000000000e+00 3.782607024042e+00 4.680162333106e+02 -6.969102424743e+00 -4.720760577985e-01 5.753967161108e+01 -2.346570647388e+01 1.653027914902e+01 -5.484106396402e-01 5.508514941579e+04
2.012555350189e+03 1.020000000000e+00 4.541507555516e+01 5.100000000000e+00 3.827783895559e+00 4.681402628592e+02 -6.644806711863e+00 -5.875419183003e-01 5.836199982765e+01 -2.346235598143e+01 1.694127920580e+01 -5.676095812259e-01 5.521300737895e+04
2.012555464230e+03 1.020000000000e+00 4.541507555516e+01 5.100000000000e+00 3.878042317151e+00 4.682759895543e+02 -6.246379500264e+00 -6.976392536101e-01 5.929850800983e+01 -2.353267384724e+01 1.740602830395e+01 -5.776486942099e-01 5.537219937886e+04
2.012555578270e+03 1.020000000000e+00 4.541507555516e+01 5.100000000000e+00 3.925618106460e+00 4.683965101595e+02 -5.831357402480e+00 -7.890611671349e-01 6.017006149220e+01 -2.365854724543e+01 1.788300559785e+01 -5.783967373341e-01 5.550549825911e+04
2.012555692310e+03 1.020000000000e+00 4.541507555516e+01 5.100000000000e+00 3.965598160381e+00 4.684753087639e+02 -5.438893806131e+00 -8.501266725363e-01 6.085515375473e+01 -2.381195390319e+01 1.832716806161e+01 -5.730625645109e-01 5.557187938019e+04
2.012555806350e+03 1.020000000000e+00 4.541507555516e+01 5.100000000000e+00 3.996225805654e+00 4.684071987851e+02 -5.091093829283e+00 -8.842602333572e-01 6.131246504346e+01 -2.396327125754e+01 1.870907714722e+01 -5.582412114481e-01 5.556045869617e+04
2.012555920391e+03 1.020000000000e+00 4.541507555516e+01 5.100000000000e+00 4.020144345977e+00 4.681724550175e+02 -4.796505073655e+00 -9.063415529785e-01 6.160570823873e+01 -2.409396518224e+01 1.902708056689e+01 -5.381312616360e-01 5.549394588616e+04
2.012556034431e+03 1.020000000000e+00 4.541507555516e+01 5.100000000000e+00 4.040515541355e+00 4.678401603422e+02 -4.554567519572e+00 -9.167791769306e-01 6.180647521019e+01 -2.419623107450e+01 1.928677953707e+01 -5.132975455461e-01 5.539396747893e+04
2.012556148471e+03 1.020000000000e+00 4.541507555516e+01 5.100000000000e+00 4.058881463438e+00 4.674321600106e+02 -4.359438132387e+00 -9.206204121885e-01 6.195369921765e+01 -2.426941625332e+01 1.948914089577e+01 -4.847649799613e-01 5.527455874506e+04
2.012556262511e+03 1.020000000000e+00 4.541507555516e+01 5.100000000000e+00 4.076125576171e+00 4.669569968384e+02 -4.200997881748e+00 -9.251226752523e-01 6.207435811570e+01 -2.431776035936e+01 1.963595972672e+01 -4.551791166267e-01 5.514786153208e+04
2.012556376552e+03 1.020000000000e+00 4.541507555516e+01 5.100000000000e+00 4.092848258332e+00 4.664212452801e+02 -4.062035983463e+00 -9.345658890850e-01 6.218334618096e+01 -2.434728422795e+01 1.973589576195e+01 -4.247734229361e-01 5.501893103665e+04
2.012556490592e+03 1.020000000000e+00 4.541507555516e+01 5.100000000000e+00 4.109956855360e+00 4.658379808498e+02 -3.926277157438e+00 -9.514746547272e-01 6.230080129355e+01 -2.436313080622e+01 1.980121906892e+01 -3.938051141673e-01 5.489328780314e+04
2.012556604632e+03 1.020000000000e+00 4.541507555516e+01 5.100000000000e+00 4.129137518206e+00 4.652319132143e+02 -3.784537054085e+00 -9.773637148734e-01 6.246578941999e+01 -2.436836435867e+01 1.984545060654e+01 -3.631980244447e-01 5.478273612017e+04
2.012556718672e+03 1.020000000000e+00 4.541507555516e+01 5.100000000000e+00 4.152320999347e+00 4.646335982932e+02 -3.630945328262e+00 -1.014868677335e+00 6.272369118415e+01 -2.436456099782e+01 1.988431387510e+01 -3.357010583795e-01 5.470136732287e+04
2.012556832713e+03 1.020000000000e+00 4.541507555516e+01 5.100000000000e+00 4.180680145230e+00 4.640659355956e+02 -3.463829594994e+00 -1.067176232568e+00 6.310363123177e+01 -2.435298677601e+01 1.992766121987e+01 -3.127395900693e-01 5.465905443649e+04
2.012556946753e+03 1.020000000000e+00 4.541507555516e+01 5.100000000000e+00 4.211896130490e+00 4.635208009689e+02 -3.270905768623e+00 -1.127901637395e+00 6.355485227719e+01 -2.433701994024e+01 1.998673322984e+01 -2.864003557476e-01 5.464178268250e+04
2.012557060793e+03 1.020000000000e+00 4.541507555516e+01 5.100000000000e+00 4.242151142624e+00 4.629649018360e+02 -3.063445474668e+00 -1.187560698767e+00 6.398701687549e+01 -2.432300326489e+01 2.005275937194e+01 -2.501218910018e-01 5.462118954813e+04
2.012557174833e+03 1.020000000000e+00 4.541507555516e+01 5.100000000000e+00 4.268734897184e+00 4.623599169416e+02 -2.890036711592e+00 -1.238108534646e+00 6.432993435903e+01 -2.431664197912e+01 2.008956353926e+01 -2.028913104657e-01 5.457223340412e+04
2.012557288874e+03 1.020000000000e+00 4.541507555516e+01 5.100000000000e+00 4.291134049674e+00 4.616827792398e+02 -2.799564608634e+00 -1.271272828948e+00 6.455990177174e+01 -2.432003213126e+01 2.004482425455e+01 -1.446199257704e-01 5.448163919153e+04
2.012557402914e+03 1.020000000000e+00 4.631507555516e+01 5.200000000000e+00 4.316234415097e+00 4.619356549943e+02 -2.807247370109e+00 -1.257326316916e+00 6.530893236331e+01 -2.451671497072e+01 1.974122310753e+01 -7.244655445823e-02 5.479568599441e+04
2.012557516954e+03 1.020000000000e+00 4.631507555516e+01 5.200000000000e+00 4.324363307273e+00 4.610984673691e+02 -2.822363753758e+00 -1.253741403431e+00 6.514224913515e+01 -2.454941340616e+01 1.947812433378e+01 1.621484739772e-02 5.455362632782e+04
2.012557630994e+03 1.020000000000e+00 4.631507555516e+01 5.200000000000e+00 4.311935824733e+00 4.600422959109e+02 -2.896094385132e+00 -1.232133899857e+00 6.448930621433e+01 -2.460332799451e+01 1.911234249671e+01 1.171368620926e-01 5.416320583193e+04
2.012557745035e+03 1.020000000000e+00 4.631507555516e+01 5.200000000000e+00 4.283598958285e+00 4.588261047553e+02 -2.987004290275e+00 -1.197731878450e+00 6.348794457584e+01 -2.467296126756e+01 1.863084610080e+01 2.149603367041e-01 5.367567526746e+04
2.012557859075e+03 1.020000000000e+00 4.631507555516e+01 5.200000000000e+00 4.242093302116e+00 4.575045121175e+02 -3.041288453079e+00 -1.163726973715e+00 6.223294308931e+01 -2.475008463064e+01 1.810209341981e+01 2.985375688330e-01 5.313021037691e+04
2.012557973115e+03 1.020000000000e+00 4.631507555516e+01 5.200000000000e+00 4.186994516658e+00 4.561050855819e+02 -3.055944583244e+00 -1.137677510989e+00 6.075280772878e+01 -2.483189472050e+01 1.759546663557e+01 3.602593665207e-01 5.254975679876e+04
2.012558087155e+03 1.020000000000e+00 4.631507555516e+01 5.200000000000e+00 4.117691567623e+00 4.546319824179e+02 -3.041496931310e+00 -1.123199576802e+00 5.906019778448e+01 -2.492382132383e+01 1.718900268155e+01 3.953847573864e-01 5.194596863842e+04
2.012558201196e+03 1.020000000000e+00 4.631507555516e+01 5.200000000000e+00 4.038597562212e+00 4.530977181152e+02 -2.958342595545e+00 -1.117842504400e+00 5.725782615520e+01 -2.503308642660e+01 1.689317749859e+01 4.090096669489e-01 5.134727700381e+04
2.012558315236e+03 1.020000000000e+00 4.631507555516e+01 5.200000000000e+00 3.952381017659e+00 4.515051371540e+02 -2.731985557538e+00 -1.128106035096e+00 5.539109918790e+01 -2.516232698972e+01 1.666148464034e+01 4.064317774657e-01 5.075686132561e+04
2.012558429276e+03 1.020000000000e+00 4.631507555516e+01 5.200000000000e+00 3.860907345966e+00 4.498608376729e+02 -2.368245138285e+00 -1.165088257502e+00 5.347362415954e+01 -2.531375008266e+01 1.647825999381e+01 3.915705570948e-01 5.016072620908e+04
2.012558543316e+03 1.020000000000e+00 4.631507555516e+01 5.200000000000e+00 3.766482350007e+00 4.481689897155e+02 -1.893189663950e+00 -1.235467787002e+00 5.152870689792e+01 -2.549336965577e+01 1.643264155299e+01 3.588661065042e-01 4.954806105146e+04
2.012558657356e+03 1.020000000000e+00 4.631507555516e+01 5.200000000000e+00 3.671815241259e+00 4.464212910389e+02 -1.338687222349e+00 -1.332915935191e+00 4.960618480290e+01 -2.570920547937e+01 1.652506189750e+01 2.989343452596e-01 4.892923040493e+04
2.012558771397e+03 1.020000000000e+00 4.631507555516e+01 5.200000000000e+00 3.579595610186e+00 4.446155528796e+02 -7.155915688913e-01 -1.453966948919e+00 4.770963871178e+01 -2.597350319668e+01 1.669776478088e+01 2.226986181769e-01 4.827068078892e+04
2.012558885437e+03 1.020000000000e+00 4.631507555516e+01 5.200000000000e+00 3.492182662960e+00 4.427594088718e+02 -4.596712928647e-03 -1.602402544803e+00 4.587650167055e+01 -2.630255324876e+01 1.694461299313e+01 1.361116475067e-01 4.757755544370e+04
