VARIABLES="time" "Distance" "lon" "lat" "density" "Vx" "Vy" "Vz" "p" "Bx" "By" "Bz" "T"
ZONE
DT=(DOUBLE DOUBLE DOUBLE DOUBLE DOUBLE DOUBLE DOUBLE DOUBLE DOUBLE DOUBLE DOUBLE DOUBLE DOUBLE )
2.012529234973e+03 1.020000000000e+00 3.591507555516e+01 4.200000000000e+00 3.652711505346e+00 4.177684221488e+02 7.070546155698e+00 -2.495022167756e+00 5.448854049228e+01 2.589592908127e+01 -8.701723017045e+00 -1.704747534736e+00 5.393331811807e+04
2.012529349013e+03 1.020000000000e+00 3.591507555516e+01 4.200000000000e+00 3.903202833374e+00 4.158196115199e+02 7.340565587187e+00 -1.329583821007e+00 5.995003876155e+01 2.288904737657e+01 -8.715980294206e+00 -5.343045652393e-01 5.552091706599e+04
2.012529463053e+03 1.020000000000e+00 3.591507555516e+01 4.200000000000e+00 4.208302510863e+00 4.143577701154e+02 7.379797602364e+00 -4.683467205378e-01 6.683595230242e+01 1.979479978681e+01 -8.630231237902e+00 4.775235883051e-01 5.741999675801e+04
2.012529577093e+03 1.020000000000e+00 3.591507555516e+01 4.200000000000e+00 4.521065477482e+00 4.130516063724e+02 7.252663438103e+00 3.731898310541e-02 7.409478726903e+01 1.679155663372e+01 -8.473536063887e+00 1.174904151339e+00 5.927367953126e+04
2.012529691134e+03 1.020000000000e+00 3.591507555516e+01 4.200000000000e+00 4.810908225710e+00 4.117652850988e+02 6.690424865382e+00 2.137844398206e-01 8.097763615994e+01 1.409177881491e+01 -8.299599059344e+00 1.511862639614e+00 6.089916541255e+04
2.012529805174e+03 1.020000000000e+00 3.591507555516e+01 4.200000000000e+00 5.066306087800e+00 4.104882391854e+02 5.506774891593e+00 1.302762661278e-01 8.715613141516e+01 1.184854255748e+01 -8.124906680124e+00 1.636758503909e+00 6.226142857226e+04
2.012529919214e+03 1.020000000000e+00 3.591507555516e+01 4.200000000000e+00 5.278334277020e+00 4.092336498352e+02 3.901115525303e+00 -3.146558901171e-01 9.236497109124e+01 1.010127823092e+01 -7.946145870004e+00 1.617046144366e+00 6.334727199225e+04
2.012530033254e+03 1.020000000000e+00 3.591507555516e+01 4.200000000000e+00 5.438415091503e+00 4.079879198204e+02 2.231460108717e+00 -9.870429345143e-01 9.657256115127e+01 8.782367248054e+00 -7.678240813423e+00 1.440013352031e+00 6.429240254744e+04
2.012530147295e+03 1.020000000000e+00 3.681507555516e+01 4.300000000000e+00 5.551844427043e+00 4.098110267439e+02 1.035310309332e+00 -2.269222294287e+00 9.760426406825e+01 1.103231125370e+01 -9.544930443406e+00 8.568938227319e-01 6.365780544410e+04
2.012530261335e+03 1.020000000000e+00 3.681507555516e+01 4.300000000000e+00 5.480315114719e+00 4.086357437318e+02 -4.146415041162e-01 -2.716695873943e+00 1.008032480619e+02 1.001309761383e+01 -8.556646803558e+00 9.343077759416e-02 6.660542502735e+04
2.012530375375e+03 1.020000000000e+00 3.681507555516e+01 4.300000000000e+00 5.363698712392e+00 4.075158606601e+02 -1.533306927925e+00 -3.111510249663e+00 1.027415884957e+02 9.054747465236e+00 -7.480332831798e+00 -5.450961592020e-01 6.936544779973e+04
2.012530489415e+03 1.020000000000e+00 3.681507555516e+01 4.300000000000e+00 5.231056537670e+00 4.062044276155e+02 -2.185394070449e+00 -3.362626547132e+00 1.028870092392e+02 8.036715483932e+00 -6.245957809711e+00 -9.397132639965e-01 7.122917171752e+04
2.012530603456e+03 1.020000000000e+00 3.681507555516e+01 4.300000000000e+00 5.082420832041e+00 4.043295967203e+02 -2.446773516704e+00 -3.452495136468e+00 1.007675057323e+02 6.846181740267e+00 -4.634230882542e+00 -1.087031378070e+00 7.180342192170e+04
2.012530717496e+03 1.020000000000e+00 3.681507555516e+01 4.300000000000e+00 4.939247001056e+00 4.020623564029e+02 -2.434429155271e+00 -3.409477804910e+00 9.782372340856e+01 5.394752258188e+00 -2.827414391575e+00 -1.103213369805e+00 7.172632430202e+04
2.012530831536e+03 1.020000000000e+00 3.681507555516e+01 4.300000000000e+00 4.814625999147e+00 3.994822715487e+02 -1.883648361949e+00 -3.057081902323e+00 9.485317488147e+01 3.622082590642e+00 -9.447161920832e-01 -9.700881785947e-01 7.134907619018e+04
2.012530945576e+03 1.020000000000e+00 3.681507555516e+01 4.300000000000e+00 4.705092723779e+00 3.965639110606e+02 -6.859141544468e-01 -2.126468138502e+00 9.207156497696e+01 1.498253453362e+00 1.040293108416e+00 -5.410757638171e-01 7.087141142185e+04
2.012531059617e+03 1.020000000000e+00 3.681507555516e+01 4.300000000000e+00 4.609692804908e+00 3.933197519942e+02 1.128613974079e+00 -8.917888371793e-01 8.933273965839e+01 -9.855418457650e-01 3.212943449818e+00 1.448772708219e-01 7.018756051560e+04
2.012531173657e+03 1.020000000000e+00 3.681507555516e+01 4.300000000000e+00 4.527716941892e+00 3.898409779434e+02 3.225825056518e+00 2.992154270557e-01 8.603117437312e+01 -3.815543421701e+00 5.577059283836e+00 8.214044579918e-01 6.882006287432e+04
2.012531287697e+03 1.020000000000e+00 3.681507555516e+01 4.300000000000e+00 4.475656873307e+00 3.862759194279e+02 5.464116923667e+00 1.268396840925e+00 8.228004584564e+01 -6.956091043268e+00 8.104027777443e+00 1.316743723617e+00 6.658260314637e+04
2.012531401737e+03 1.020000000000e+00 3.681507555516e+01 4.300000000000e+00 4.468252580304e+00 3.827392164662e+02 7.747283522377e+00 1.984929991934e+00 7.827516202661e+01 -1.032932902012e+01 1.074346158677e+01 1.624076502170e+00 6.343353455353e+04
2.012531515778e+03 1.020000000000e+00 3.681507555516e+01 4.300000000000e+00 4.476779220841e+00 3.792832619838e+02 9.993784202191e+00 2.481497751807e+00 7.381689342870e+01 -1.382130360354e+01 1.341283889296e+01 1.801306285428e+00 5.969044838787e+04
2.012531629818e+03 1.020000000000e+00 3.681507555516e+01 4.300000000000e+00 4.486806911298e+00 3.759750008771e+02 1.211212274447e+01 2.731744026441e+00 6.852158273164e+01 -1.729781835955e+01 1.605170507250e+01 1.864154580613e+00 5.526988737170e+04
2.012531743858e+03 1.020000000000e+00 3.681507555516e+01 4.300000000000e+00 4.494505364074e+00 3.729269593400e+02 1.400581479476e+01 2.789406957587e+00 6.278061309355e+01 -2.063229765245e+01 1.860940069256e+01 1.814024014872e+00 5.054326289485e+04
2.012531857898e+03 1.020000000000e+00 3.681507555516e+01 4.300000000000e+00 4.504511847087e+00 3.702176134248e+02 1.559529517384e+01 2.705992847927e+00 5.706323472899e+01 -2.372667407667e+01 2.097872817216e+01 1.604097334632e+00 4.583882010356e+04
2.012531971939e+03 1.020000000000e+00 3.681507555516e+01 4.300000000000e+00 4.524392931453e+00 3.678712696154e+02 1.682551400714e+01 2.487581224662e+00 5.179938686391e+01 -2.651097638059e+01 2.308177839019e+01 1.211588991842e+00 4.144193964051e+04
2.012532085979e+03 1.020000000000e+00 3.681507555516e+01 4.300000000000e+00 4.560386501978e+00 3.658760023997e+02 1.767192855622e+01 2.158869932052e+00 4.732954055862e+01 -2.895061529112e+01 2.489774697253e+01 6.538143053951e-01 3.758993980867e+04
2.012532200019e+03 1.020000000000e+00 3.681507555516e+01 4.300000000000e+00 4.618657107697e+00 3.642403883746e+02 1.818295397852e+01 1.864106068571e+00 4.388296019538e+01 -3.105285862506e+01 2.645913951496e+01 9.698587071831e-02 3.443159290686e+04
2.012532314059e+03 1.020000000000e+00 3.681507555516e+01 4.300000000000e+00 4.703898121533e+00 3.629515824175e+02 1.841161744729e+01 1.694979042262e+00 4.140360460448e+01 -3.283575820639e+01 2.777201555915e+01 -3.453015729357e-01 3.190817537349e+04
2.012532428100e+03 1.020000000000e+00 3.681507555516e+01 4.300000000000e+00 4.807200979168e+00 3.620716636504e+02 1.839371671767e+01 1.631291666572e+00 3.975915749457e+01 -3.433531298878e+01 2.886579193544e+01 -6.113616157933e-01 2.998531538844e+04
2.012532542140e+03 1.020000000000e+00 3.681507555516e+01 4.300000000000e+00 4.910669678896e+00 3.616399817782e+02 1.814811524217e+01 1.651665427448e+00 3.862251312531e+01 -3.558923900930e+01 2.983914167232e+01 -7.260361078167e-01 2.850241387125e+04
2.012532656180e+03 1.020000000000e+00 3.681507555516e+01 4.300000000000e+00 5.036598918385e+00 3.617452358317e+02 1.753258374770e+01 1.820799767688e+00 3.818327324388e+01 -3.662211505967e+01 3.066551044166e+01 -7.289649462352e-01 2.746967092681e+04
2.012532770220e+03 1.020000000000e+00 3.681507555516e+01 4.300000000000e+00 5.163021914869e+00 3.624776734152e+02 1.647024441799e+01 2.195823687586e+00 3.845651900773e+01 -3.743129569920e+01 3.140932159125e+01 -5.795363686766e-01 2.699007349068e+04
2.012532884261e+03 1.020000000000e+00 3.781507555516e+01 4.400000000000e+00 5.172339108698e+00 3.591512748832e+02 1.787855962699e+01 2.182765300710e+00 3.945304377993e+01 -3.629644912622e+01 3.061221774143e+01 -6.791301193304e-01 2.764483958343e+04
2.012532998301e+03 1.020000000000e+00 3.781507555516e+01 4.400000000000e+00 5.361986165386e+00 3.600837324907e+02 1.663449065746e+01 2.601428087623e+00 4.011228791584e+01 -3.714003887972e+01 3.136108046681e+01 -4.005871300430e-01 2.709623728316e+04
2.012533112341e+03 1.020000000000e+00 3.781507555516e+01 4.400000000000e+00 5.564517299893e+00 3.616889967582e+02 1.497925400843e+01 3.160077373138e+00 4.155292499479e+01 -3.777368883490e+01 3.201547945851e+01 1.694357373736e-02 2.702622158809e+04
2.012533226381e+03 1.020000000000e+00 3.781507555516e+01 4.400000000000e+00 5.778236969992e+00 3.636266007592e+02 1.303128391087e+01 3.844055293220e+00 4.345715242711e+01 -3.820740608738e+01 3.255919835515e+01 6.060096361288e-01 2.717952174221e+04
2.012533340422e+03 1.020000000000e+00 3.781507555516e+01 4.400000000000e+00 6.062678001066e+00 3.661329439422e+02 1.068660088525e+01 4.567156173172e+00 4.637255186068e+01 -3.846080271063e+01 3.285201699149e+01 1.296754896712e+00 2.762368998771e+04
2.012533454462e+03 1.020000000000e+00 3.781507555516e+01 4.400000000000e+00 6.360494226987e+00 3.689616330679e+02 8.186076355807e+00 5.261567857493e+00 4.978228621198e+01 -3.857173040371e+01 3.293204360788e+01 2.015499622605e+00 2.827259113640e+04
2.012533568502e+03 1.020000000000e+00 3.781507555516e+01 4.400000000000e+00 6.600503556957e+00 3.718115875539e+02 5.713664818706e+00 5.892864705752e+00 5.313307404020e+01 -3.858397155676e+01 3.284516142330e+01 2.688497003975e+00 2.910084961738e+04
2.012533682542e+03 1.020000000000e+00 3.781507555516e+01 4.400000000000e+00 6.741870559422e+00 3.745001489040e+02 3.372514787235e+00 6.425229022369e+00 5.614072417958e+01 -3.854287655855e+01 3.261530403829e+01 3.248323196882e+00 3.014122115628e+04
2.012533796583e+03 1.020000000000e+00 3.781507555516e+01 4.400000000000e+00 6.816930356425e+00 3.768810394040e+02 1.236617052879e+00 6.842915033431e+00 5.862271738959e+01 -3.849649025809e+01 3.222434294164e+01 3.658920955387e+00 3.117625662717e+04
2.012533910623e+03 1.020000000000e+00 3.781507555516e+01 4.400000000000e+00 6.794976779302e+00 3.788606796135e+02 -6.139021366949e-01 7.153761002399e+00 6.039309543493e+01 -3.847700932496e+01 3.169147210439e+01 3.922101011052e+00 3.224582648224e+04
2.012534024663e+03 1.020000000000e+00 3.781507555516e+01 4.400000000000e+00 6.686489747214e+00 3.804113052826e+02 -2.145608382983e+00 7.372951678742e+00 6.130397324847e+01 -3.850267523308e+01 3.110544462919e+01 4.061329585231e+00 3.325698410660e+04
2.012534138703e+03 1.020000000000e+00 3.781507555516e+01 4.400000000000e+00 6.526256681982e+00 3.815280144526e+02 -3.342004133202e+00 7.495548082193e+00 6.142884691162e+01 -3.857864613448e+01 3.050634450464e+01 4.044908300846e+00 3.412939035261e+04
2.012534252744e+03 1.020000000000e+00 3.781507555516e+01 4.400000000000e+00 6.350704232101e+00 3.822108261953e+02 -4.240726772123e+00 7.478637798567e+00 6.086513794978e+01 -3.871779278013e+01 2.987785050149e+01 3.842568041548e+00 3.473677444536e+04
2.012534366784e+03 1.020000000000e+00 3.781507555516e+01 4.400000000000e+00 6.129826582494e+00 3.822663866480e+02 -4.849255871340e+00 7.410480367749e+00 5.928742567696e+01 -3.879961031496e+01 2.929289565346e+01 3.575999596049e+00 3.502303982026e+04
2.012534480824e+03 1.020000000000e+00 3.781507555516e+01 4.400000000000e+00 5.945454678101e+00 3.826984360108e+02 -5.180991790707e+00 6.984355328469e+00 6.061571408799e+01 -3.865349941513e+01 2.904146483672e+01 3.122680126241e+00 3.691469165233e+04
2.012534594864e+03 1.020000000000e+00 3.781507555516e+01 4.400000000000e+00 7.954992622465e+00 4.322832660548e+02 -4.889886884759e-01 -9.683693914765e+00 6.124179924995e+02 -4.139380943867e+01 4.467460498935e+01 -4.588619470533e+00 2.442700800447e+05
2.012534708905e+03 1.020000000000e+00 3.781507555516e+01 4.400000000000e+00 1.558472956294e+01 5.525969459596e+02 1.149615071406e+01 -4.547486475074e+01 3.182127031582e+03 -4.863287399546e+01 1.039848994837e+02 -2.172005060194e+01 7.360653117193e+05
2.012534822945e+03 1.020000000000e+00 3.781507555516e+01 4.400000000000e+00 1.818786276912e+01 5.871179041601e+02 1.763598381432e+01 -5.343683974572e+01 4.176308175718e+03 -4.912586036130e+01 1.258141532592e+02 -2.332908212787e+01 8.317799018252e+05
2.012534936985e+03 1.020000000000e+00 3.781507555516e+01 4.400000000000e+00 1.769800993386e+01 5.874121695702e+02 1.853267485032e+01 -5.100093082570e+01 3.972539115929e+03 -4.440181079238e+01 1.226437572441e+02 -1.614050739293e+01 8.126420251858e+05
2.012535051025e+03 1.020000000000e+00 3.781507555516e+01 4.400000000000e+00 1.689362769756e+01 5.789761237979e+02 1.587073243065e+01 -4.604512412188e+01 3.535703590228e+03 -3.767599422928e+01 1.015054890748e+02 -7.718374775914e+00 7.579109376323e+05
2.012535165066e+03 1.020000000000e+00 3.781507555516e+01 4.400000000000e+00 1.671022223061e+01 5.740696810230e+02 5.102803521612e+00 -4.423096297907e+01 3.311637186823e+03 -3.276791545088e+01 6.049453779377e+01 -4.942108262068e+00 7.177825207603e+05
2.012535279106e+03 1.020000000000e+00 3.781507555516e+01 4.400000000000e+00 1.673989114104e+01 5.751382952662e+02 -1.177839370178e+01 -4.547859142055e+01 3.207547345283e+03 -2.972699454417e+01 6.514998522145e+00 -7.075503558323e+00 6.940369105244e+05
2.012535393146e+03 1.020000000000e+00 3.781507555516e+01 4.400000000000e+00 1.606266320493e+01 5.768309743034e+02 -2.684561845896e+01 -5.134140848442e+01 2.987665319508e+03 -2.843212818873e+01 -5.320060937972e+01 -2.313587047023e+01 6.738197407151e+05
2.012535507186e+03 1.020000000000e+00 3.781507555516e+01 4.400000000000e+00 1.375317757225e+01 5.759835767095e+02 -3.556383310016e+01 -5.701710740642e+01 2.461411833953e+03 -3.193298729060e+01 -1.030087758792e+02 -5.200152307089e+01 6.507649167285e+05
2.012535621227e+03 1.020000000000e+00 3.871507555516e+01 4.400000000000e+00 1.054294328116e+01 5.705344269402e+02 -4.062817776620e+01 -5.641783777509e+01 1.864675692160e+03 -4.011350372997e+01 -1.227310005193e+02 -7.331201318964e+01 6.430126292813e+05
2.012535735267e+03 1.020000000000e+00 3.871507555516e+01 4.400000000000e+00 7.119704320630e+00 5.639841563425e+02 -3.922338788579e+01 -5.367814201472e+01 1.328301016852e+03 -5.989606680212e+01 -1.222283562901e+02 -1.012404147087e+02 6.772363451087e+05
2.012535849307e+03 1.020000000000e+00 3.871507555516e+01 4.400000000000e+00 5.199440392016e+00 5.589934662168e+02 -2.848412473899e+01 -4.602067241510e+01 9.785037133895e+02 -8.115950200624e+01 -1.117449846134e+02 -1.194603301161e+02 6.803024918525e+05
2.012535963347e+03 1.020000000000e+00 3.871507555516e+01 4.400000000000e+00 4.210053346826e+00 5.544443643636e+02 -2.715701479687e+00 -3.958042733069e+01 7.204767936836e+02 -9.979412052641e+01 -9.555364513122e+01 -1.345541313757e+02 6.179662555520e+05
2.012536077388e+03 1.020000000000e+00 3.871507555516e+01 4.400000000000e+00 3.753772997870e+00 5.514741173073e+02 2.056924220493e+01 -3.469483836791e+01 5.284754494708e+02 -1.134568217033e+02 -8.421403211197e+01 -1.448161919661e+02 5.091353690035e+05
2.012536191428e+03 1.020000000000e+00 3.871507555516e+01 4.400000000000e+00 3.570011139703e+00 5.489585293885e+02 3.444117966825e+01 -2.822899625083e+01 3.893521910551e+02 -1.234629439943e+02 -7.932578988605e+01 -1.491636036690e+02 3.947768446215e+05
2.012536305468e+03 1.020000000000e+00 3.871507555516e+01 4.400000000000e+00 3.457444339948e+00 5.474823085484e+02 4.036101411592e+01 -2.089517495325e+01 2.809140579607e+02 -1.321491153642e+02 -8.086234194038e+01 -1.493581094421e+02 2.940944800223e+05
2.012536419508e+03 1.020000000000e+00 3.871507555516e+01 4.400000000000e+00 3.294559999681e+00 5.476263951539e+02 4.141521301681e+01 -1.068532237212e+01 1.876624112457e+02 -1.394438692473e+02 -9.304473594195e+01 -1.449439063372e+02 2.057276808321e+05
2.012536533549e+03 1.020000000000e+00 3.871507555516e+01 4.400000000000e+00 2.949321015435e+00 5.478566099384e+02 4.175129540586e+01 3.111979947727e+00 1.129046001079e+02 -1.449123788448e+02 -1.098064880823e+02 -1.330676791670e+02 1.377383690823e+05
2.012536647589e+03 1.020000000000e+00 3.871507555516e+01 4.400000000000e+00 2.504019040758e+00 5.480717376284e+02 4.285275011077e+01 1.555288511169e+01 6.222494859428e+01 -1.503317956384e+02 -1.254820237351e+02 -1.166198658410e+02 8.923447804616e+04
2.012536761629e+03 1.020000000000e+00 3.871507555516e+01 4.400000000000e+00 2.114229024602e+00 5.477495495819e+02 4.492797541576e+01 2.272361708632e+01 3.343966305302e+01 -1.562088699850e+02 -1.375425093889e+02 -9.953305039017e+01 5.687482631319e+04
2.012536875669e+03 1.020000000000e+00 3.871507555516e+01 4.400000000000e+00 1.831706096798e+00 5.448343845212e+02 4.758576097508e+01 2.479359761025e+01 2.027386120814e+01 -1.619101426873e+02 -1.448441907892e+02 -8.339260601416e+01 3.999528626947e+04
2.012536989709e+03 1.020000000000e+00 3.871507555516e+01 4.400000000000e+00 1.626685398899e+00 5.381963026232e+02 5.116731584066e+01 2.297214611142e+01 1.489287611608e+01 -1.672806435949e+02 -1.479875366440e+02 -6.849605797196e+01 3.315588615436e+04
2.012537103750e+03 1.020000000000e+00 3.871507555516e+01 4.400000000000e+00 1.438720417632e+00 5.309945454190e+02 5.500756161019e+01 1.791805382931e+01 1.173586608954e+01 -1.724835075795e+02 -1.492196317780e+02 -5.427965793311e+01 2.959849757402e+04
2.012537217790e+03 1.020000000000e+00 3.871507555516e+01 4.400000000000e+00 1.260144535650e+00 5.242206662119e+02 5.717754323865e+01 1.305000974794e+01 9.434473027226e+00 -1.771476428365e+02 -1.495412892030e+02 -3.921252140930e+01 2.724034782697e+04
2.012537331830e+03 1.020000000000e+00 3.871507555516e+01 4.400000000000e+00 1.126372637530e+00 5.172594622315e+02 5.716806335630e+01 8.962647799121e+00 8.016742846178e+00 -1.812101807803e+02 -1.487623837813e+02 -2.329172689783e+01 2.592207354619e+04
2.012537445870e+03 1.020000000000e+00 3.871507555516e+01 4.400000000000e+00 1.041455735464e+00 5.100265539380e+02 5.599195151187e+01 5.175528409047e+00 7.466428492631e+00 -1.846901647786e+02 -1.465266612899e+02 -7.045466686622e+00 2.612176761495e+04
2.012537559911e+03 1.020000000000e+00 3.871507555516e+01 4.400000000000e+00 9.842322785186e-01 5.030743423747e+02 5.439509439827e+01 1.799059380149e+00 7.291707905266e+00 -1.872770627493e+02 -1.427983854380e+02 9.183357497799e+00 2.697081479051e+04
2.012537673951e+03 1.020000000000e+00 3.871507555516e+01 4.400000000000e+00 9.449282470636e-01 4.967254358955e+02 5.236076474924e+01 -1.211634477459e+00 7.342807739344e+00 -1.888499137583e+02 -1.379525612340e+02 2.518115076435e+01 2.825353624649e+04
2.012537787991e+03 1.020000000000e+00 3.871507555516e+01 4.400000000000e+00 9.111331177078e-01 4.897150826035e+02 5.102084706970e+01 -3.899979243910e+00 7.389601465895e+00 -1.890860702836e+02 -1.315278746233e+02 4.062758213484e+01 2.944129086849e+04
2.012537902031e+03 1.020000000000e+00 3.871507555516e+01 4.400000000000e+00 8.813458105790e-01 4.829570744829e+02 4.964176510062e+01 -6.218420079527e+00 7.396079561391e+00 -1.881797236439e+02 -1.241505234680e+02 5.531075773750e+01 3.042102059240e+04
2.012538016072e+03 1.020000000000e+00 3.871507555516e+01 4.400000000000e+00 8.549206377981e-01 4.769587718780e+02 4.818453287660e+01 -7.973325527557e+00 7.413302198470e+00 -1.865632336378e+02 -1.161282028396e+02 6.919806688034e+01 3.141514584091e+04
2.012538130112e+03 1.020000000000e+00 3.871507555516e+01 4.400000000000e+00 8.299901799078e-01 4.713822977603e+02 4.718390618157e+01 -9.291736625202e+00 7.247441248426e+00 -1.843150115937e+02 -1.073754286223e+02 8.201524405858e+01 3.166255710431e+04
2.012538244152e+03 1.020000000000e+00 3.871507555516e+01 4.400000000000e+00 8.063018345083e-01 4.660626414650e+02 4.657498051567e+01 -1.032522506809e+01 6.950113600586e+00 -1.814826845017e+02 -9.803350693451e+01 9.350680127221e+01 3.127247406647e+04
2.012538358192e+03 1.020000000000e+00 3.971507555516e+01 4.500000000000e+00 8.148717681906e-01 4.534870192582e+02 4.565686220319e+01 -1.506810791006e+01 8.219642618437e+00 -1.779364614129e+02 -9.044975558265e+01 1.150354423889e+02 3.616638401585e+04
2.012538472233e+03 1.020000000000e+00 3.971507555516e+01 4.500000000000e+00 7.880662350704e-01 4.487506417331e+02 4.652580904070e+01 -1.550454679294e+01 7.326725728389e+00 -1.736013840183e+02 -7.983133296478e+01 1.237461531096e+02 3.352643110545e+04
2.012538586273e+03 1.020000000000e+00 3.971507555516e+01 4.500000000000e+00 7.644654049324e-01 4.445588381443e+02 4.810367877192e+01 -1.556818396315e+01 6.500380392590e+00 -1.675507641945e+02 -6.952620153190e+01 1.310878966277e+02 3.077389783785e+04
2.012538700313e+03 1.020000000000e+00 3.971507555516e+01 4.500000000000e+00 7.483544894151e-01 4.410085590614e+02 4.998131613528e+01 -1.546306219811e+01 5.795090686206e+00 -1.607964571146e+02 -5.971002745238e+01 1.370817561007e+02 2.806677701437e+04
2.012538814353e+03 1.020000000000e+00 3.971507555516e+01 4.500000000000e+00 7.359976881317e-01 4.380845317645e+02 5.192200506459e+01 -1.540066545663e+01 5.262785112389e+00 -1.538652896632e+02 -5.055877263596e+01 1.417796741624e+02 2.592378547454e+04
2.012538928394e+03 1.020000000000e+00 3.971507555516e+01 4.500000000000e+00 7.226796341698e-01 4.357800479964e+02 5.361659401924e+01 -1.552291192046e+01 4.898291869699e+00 -1.469349783010e+02 -4.220821692647e+01 1.452116642355e+02 2.456639685448e+04
2.012539042434e+03 1.020000000000e+00 3.971507555516e+01 4.500000000000e+00 7.062367943681e-01 4.340477350500e+02 5.504061933932e+01 -1.604117380898e+01 4.682271339653e+00 -1.401527272823e+02 -3.469486600922e+01 1.474408655491e+02 2.402822584529e+04
2.012539156474e+03 1.020000000000e+00 3.971507555516e+01 4.500000000000e+00 6.871591496231e-01 4.325817702996e+02 5.614456276515e+01 -1.711516098091e+01 4.551894253504e+00 -1.337104955403e+02 -2.795045841003e+01 1.486471775715e+02 2.401192566534e+04
2.012539270514e+03 1.020000000000e+00 3.971507555516e+01 4.500000000000e+00 6.660018648191e-01 4.311547617172e+02 5.710859026082e+01 -1.853113565005e+01 4.502178810499e+00 -1.277192920546e+02 -2.188366077853e+01 1.490523174250e+02 2.450846458036e+04
2.012539384555e+03 1.020000000000e+00 3.971507555516e+01 4.500000000000e+00 6.401467785776e-01 4.298428754406e+02 5.813763230977e+01 -2.023562378319e+01 4.536018633658e+00 -1.221388834408e+02 -1.640600950207e+01 1.488203808648e+02 2.570631507643e+04
2.012539498595e+03 1.020000000000e+00 3.971507555516e+01 4.500000000000e+00 6.053929656421e-01 4.285096200693e+02 5.949238381906e+01 -2.223165611085e+01 4.535544375346e+00 -1.169312697645e+02 -1.150156914983e+01 1.481135926916e+02 2.719356344609e+04
2.012539612635e+03 1.020000000000e+00 3.971507555516e+01 4.500000000000e+00 5.630344108032e-01 4.271625071218e+02 6.145231288388e+01 -2.441314399091e+01 4.452153228861e+00 -1.121420732816e+02 -7.133221553259e+00 1.470749287388e+02 2.871103963436e+04
2.012539726675e+03 1.020000000000e+00 3.971507555516e+01 4.500000000000e+00 5.196528376843e-01 4.257438565454e+02 6.396666112415e+01 -2.664182503528e+01 4.318381491621e+00 -1.077781507631e+02 -3.189845956964e+00 1.457768887464e+02 3.017778029766e+04
2.012539840716e+03 1.020000000000e+00 3.971507555516e+01 4.500000000000e+00 4.774942611348e-01 4.241643527593e+02 6.683832336099e+01 -2.894506483709e+01 4.115850535724e+00 -1.037867208639e+02 3.942420431808e-01 1.442918179240e+02 3.129249370643e+04
2.012539954756e+03 1.020000000000e+00 3.971507555516e+01 4.500000000000e+00 4.371949762378e-01 4.224245005476e+02 6.946612588451e+01 -3.124688505125e+01 3.851870607623e+00 -1.000709527949e+02 3.691328153053e+00 1.426589193118e+02 3.197819545911e+04
2.012540068796e+03 1.020000000000e+00 3.971507555516e+01 4.500000000000e+00 4.003438454849e-01 4.205718759305e+02 7.142646251880e+01 -3.339262599669e+01 3.600442922669e+00 -9.658226768504e+01 6.852973549551e+00 1.409117904678e+02 3.263811545075e+04
2.012540182836e+03 1.020000000000e+00 3.971507555516e+01 4.500000000000e+00 3.671349552417e-01 4.186085198226e+02 7.249298643748e+01 -3.519278922987e+01 3.405635650386e+00 -9.325627266811e+01 1.000482193863e+01 1.390670127055e+02 3.366245773922e+04
2.012540296877e+03 1.020000000000e+00 3.971507555516e+01 4.500000000000e+00 3.359561466730e-01 4.164858685844e+02 7.258333586447e+01 -3.657706620421e+01 3.276973037085e+00 -9.013143791548e+01 1.329447609101e+01 1.371347575141e+02 3.540354336535e+04
2.012540410917e+03 1.020000000000e+00 3.971507555516e+01 4.500000000000e+00 3.066712826614e-01 4.141267296222e+02 7.151868932302e+01 -3.740668100028e+01 3.258334519520e+00 -8.723715489540e+01 1.698951717394e+01 1.350596509558e+02 3.855895021656e+04
2.012540524957e+03 1.020000000000e+00 3.971507555516e+01 4.500000000000e+00 2.865039887082e-01 4.109599965226e+02 6.783135391373e+01 -3.706255349972e+01 3.534296123522e+00 -8.439046924368e+01 2.145508636385e+01 1.327885547527e+02 4.472852548693e+04
2.012540638997e+03 1.020000000000e+00 3.971507555516e+01 4.500000000000e+00 2.733092195887e-01 4.070149190494e+02 6.047376374853e+01 -3.617144153685e+01 4.101693091423e+00 -8.137550224338e+01 2.673209393600e+01 1.302813341609e+02 5.438835441967e+04
2.012540753038e+03 1.020000000000e+00 3.971507555516e+01 4.500000000000e+00 2.634833921726e-01 4.025288177650e+02 5.088868983471e+01 -3.456325893055e+01 4.685353812120e+00 -7.799387497687e+01 3.283638527471e+01 1.274912190623e+02 6.444743397376e+04
2.012540867078e+03 1.020000000000e+00 3.971507555516e+01 4.500000000000e+00 2.557892229518e-01 3.971318802317e+02 3.991080324949e+01 -3.150026482892e+01 5.137285623609e+00 -7.418831749206e+01 3.946084049749e+01 1.243746193881e+02 7.280482964280e+04
2.012540981118e+03 1.020000000000e+00 3.971507555516e+01 4.500000000000e+00 2.505103182732e-01 3.913424605900e+02 2.930374649555e+01 -2.755275109937e+01 5.393972756893e+00 -7.009427654097e+01 4.633145756275e+01 1.208479544635e+02 7.816845580860e+04
2.012541095158e+03 1.020000000000e+00 4.061507555516e+01 4.600000000000e+00 2.634986920606e-01 3.805073306350e+02 1.793876379155e+01 -2.190580248430e+01 4.985786460056e+00 -5.895724032655e+01 5.617987664110e+01 1.204891444028e+02 6.899773336914e+04
2.012541209199e+03 1.020000000000e+00 4.061507555516e+01 4.600000000000e+00 2.594856102541e-01 3.759303488949e+02 1.346529910713e+01 -1.723240996388e+01 4.781745102138e+00 -5.473176441963e+01 6.179466722841e+01 1.161783424702e+02 6.731528941054e+04
2.012541323239e+03 1.020000000000e+00 4.061507555516e+01 4.600000000000e+00 2.602282252364e-01 3.723810423402e+02 1.186379030458e+01 -1.352732434762e+01 4.499408477268e+00 -5.076286047894e+01 6.633661426588e+01 1.119664881754e+02 6.321598676473e+04
2.012541437279e+03 1.020000000000e+00 4.061507555516e+01 4.600000000000e+00 2.682985575514e-01 3.699716416428e+02 1.215868400374e+01 -1.096521518032e+01 4.232822196233e+00 -4.714220388369e+01 6.985528091344e+01 1.078985888947e+02 5.766982813056e+04
2.012541551319e+03 1.020000000000e+00 4.061507555516e+01 4.600000000000e+00 2.844135130515e-01 3.685152305127e+02 1.463624189963e+01 -9.199309676268e+00 4.028924945713e+00 -4.399325690336e+01 7.255763848010e+01 1.040052966058e+02 5.178205954798e+04
2.012541665360e+03 1.020000000000e+00 4.061507555516e+01 4.600000000000e+00 3.065189057669e-01 3.677062213627e+02 1.848810451512e+01 -7.405598338220e+00 3.892284267347e+00 -4.132698000084e+01 7.455995968983e+01 1.002650785606e+02 4.643372190617e+04
2.012541779400e+03 1.020000000000e+00 4.061507555516e+01 4.600000000000e+00 3.308964015901e-01 3.673567829544e+02 2.288314492540e+01 -5.501438961595e+00 3.805180955544e+00 -3.907409756579e+01 7.609779883642e+01 9.662644528665e+01 4.208597965628e+04
2.012541893440e+03 1.020000000000e+00 4.061507555516e+01 4.600000000000e+00 3.533002988417e-01 3.670413725435e+02 2.751836587259e+01 -3.554205180124e+00 3.728715881089e+00 -3.717017035756e+01 7.733683023162e+01 9.310466656294e+01 3.866401376314e+04
2.012542007480e+03 1.020000000000e+00 4.061507555516e+01 4.600000000000e+00 3.685174998131e-01 3.664671912308e+02 3.165287824472e+01 -1.499913872101e+00 3.657841970308e+00 -3.558103122956e+01 7.829897683920e+01 8.978561455571e+01 3.637000020286e+04
2.012542121521e+03 1.020000000000e+00 4.061507555516e+01 4.600000000000e+00 3.740048845990e-01 3.656361275272e+02 3.495184657789e+01 3.527476820111e-01 3.601125204428e+00 -3.424770041504e+01 7.902158000279e+01 8.665862861250e+01 3.528274804741e+04
2.012542235561e+03 1.020000000000e+00 4.061507555516e+01 4.600000000000e+00 3.712598360336e-01 3.647710435193e+02 3.748967096798e+01 1.645151861046e+00 3.562667103539e+00 -3.310223826383e+01 7.959614044539e+01 8.370151009086e+01 3.517947188719e+04
2.012542349601e+03 1.020000000000e+00 4.061507555516e+01 4.600000000000e+00 3.650272729587e-01 3.639319293939e+02 3.938864124041e+01 2.173713030410e+00 3.615790910703e+00 -3.211084022267e+01 7.999681226184e+01 8.093142490688e+01 3.630380814329e+04
2.012542463641e+03 1.020000000000e+00 4.061507555516e+01 4.600000000000e+00 3.558812732179e-01 3.633208661567e+02 4.060073180114e+01 1.816136915388e+00 4.280350319157e+00 -3.127104851086e+01 8.010050400697e+01 7.838721683662e+01 4.404735499146e+04
2.012542577682e+03 1.020000000000e+00 4.061507555516e+01 4.600000000000e+00 3.416623019617e-01 3.636489013605e+02 4.037997049732e+01 -6.600877633649e-01 6.577056988828e+00 -3.058268718046e+01 7.979594218763e+01 7.606032156180e+01 7.050362292475e+04
2.012542691722e+03 1.020000000000e+00 4.061507555516e+01 4.600000000000e+00 3.213608380049e-01 3.648886518647e+02 3.778910999505e+01 -6.240539989000e+00 1.039408062302e+01 -3.010157397165e+01 7.907392697376e+01 7.387896116100e+01 1.181424447759e+05
2.012542805762e+03 1.020000000000e+00 4.061507555516e+01 4.600000000000e+00 3.024120617307e-01 3.679909845579e+02 3.080418303551e+01 -1.334414099405e+01 1.486280982976e+01 -2.978540753332e+01 7.787299637749e+01 7.211150508486e+01 1.787780444813e+05
2.012542919802e+03 1.020000000000e+00 4.061507555516e+01 4.600000000000e+00 2.890576213109e-01 3.712598703261e+02 2.128503428146e+01 -2.066176382877e+01 1.918496101729e+01 -2.976812401622e+01 7.613463556968e+01 7.087564748733e+01 2.408335890143e+05
2.012543033843e+03 1.020000000000e+00 4.061507555516e+01 4.600000000000e+00 2.813725919090e-01 3.737531333264e+02 1.068326274591e+01 -2.473375075985e+01 2.275613943608e+01 -3.043064053390e+01 7.382096366664e+01 7.019417023421e+01 2.930763348090e+05
2.012543147883e+03 1.020000000000e+00 4.061507555516e+01 4.600000000000e+00 2.777744933092e-01 3.760864133986e+02 1.762615958178e+00 -2.575631425285e+01 2.527151326951e+01 -3.186995387897e+01 7.124737934922e+01 7.005821795122e+01 3.294123755594e+05
2.012543261923e+03 1.020000000000e+00 4.061507555516e+01 4.600000000000e+00 2.815347506857e-01 3.774641620069e+02 -2.902376632651e+00 -2.558181696290e+01 2.694234088098e+01 -3.347384421858e+01 6.874227734609e+01 7.005748140058e+01 3.464834693849e+05
2.012543375963e+03 1.020000000000e+00 4.061507555516e+01 4.600000000000e+00 3.140338462549e-01 3.780424525605e+02 -4.044657318524e+00 -2.459891667078e+01 2.839198925875e+01 -3.494539765031e+01 6.666716972162e+01 6.985067860067e+01 3.355737664735e+05
2.012543490004e+03 1.020000000000e+00 4.061507555516e+01 4.600000000000e+00 4.550281527563e-01 3.778327585231e+02 -3.595575320580e+00 -2.250166475282e+01 3.003042286319e+01 -3.623316276861e+01 6.508420375979e+01 6.933251933760e+01 2.741873708071e+05
2.012543604044e+03 1.020000000000e+00 4.061507555516e+01 4.600000000000e+00 9.124818016265e-01 3.770104185385e+02 -1.818043040244e+00 -2.016110136387e+01 3.219190472127e+01 -3.737416968030e+01 6.399552210936e+01 6.863439168774e+01 1.400110942700e+05
2.012543718084e+03 1.020000000000e+00 4.161507555516e+01 4.700000000000e+00 1.543005445507e+00 3.745044309451e+02 6.167559139330e-01 -1.846811595014e+01 3.546620420303e+01 -3.820673534682e+01 6.181263426398e+01 6.932966912126e+01 8.687225186829e+04
2.012543832124e+03 1.020000000000e+00 4.161507555516e+01 4.700000000000e+00 2.337017458953e+00 3.731647057225e+02 2.989615123097e+00 -1.606726268321e+01 3.853591690036e+01 -3.931473226917e+01 6.140854635971e+01 6.894875729068e+01 6.095683464068e+04
2.012543946165e+03 1.020000000000e+00 4.161507555516e+01 4.700000000000e+00 3.173956427699e+00 3.722731746480e+02 5.514381014040e+00 -1.390432985236e+01 4.173275591676e+01 -4.045058908111e+01 6.185974952090e+01 6.914560375949e+01 4.812888721594e+04
2.012544060205e+03 1.020000000000e+00 4.161507555516e+01 4.700000000000e+00 3.986381765707e+00 3.715407125250e+02 7.991379110067e+00 -1.257101099051e+01 4.455355037249e+01 -4.162816345345e+01 6.333831555442e+01 6.960826234241e+01 4.069952538970e+04
2.012544174245e+03 1.020000000000e+00 4.161507555516e+01 4.700000000000e+00 4.711436234957e+00 3.707485791215e+02 9.850777585973e+00 -1.189429962297e+01 4.690649169367e+01 -4.286664345109e+01 6.529038207731e+01 7.029281458592e+01 3.613856292218e+04
2.012544288285e+03 1.020000000000e+00 4.161507555516e+01 4.700000000000e+00 5.303875108597e+00 3.700431878499e+02 1.087703941421e+01 -1.148840110392e+01 4.936461902402e+01 -4.413210371599e+01 6.749299116336e+01 7.117089956836e+01 3.371340818975e+04
2.012544402326e+03 1.020000000000e+00 4.161507555516e+01 4.700000000000e+00 5.824549541699e+00 3.695439110920e+02 1.121661039378e+01 -1.137606409961e+01 5.370177874827e+01 -4.528892744025e+01 7.001351770362e+01 7.165057267429e+01 3.331946590411e+04
2.012544516366e+03 1.020000000000e+00 4.161507555516e+01 4.700000000000e+00 6.666275212808e+00 3.695975873728e+02 1.108181598999e+01 -1.212902058938e+01 6.497753327251e+01 -4.613888717026e+01 7.235268992753e+01 7.125111643573e+01 3.507304774803e+04
2.012544630406e+03 1.020000000000e+00 4.161507555516e+01 4.700000000000e+00 8.135687330370e+00 3.700759264933e+02 9.941299606746e+00 -1.437214765197e+01 8.743990504027e+01 -4.653435341225e+01 7.384274046236e+01 7.027837422626e+01 3.864543223431e+04
2.012544744446e+03 1.020000000000e+00 4.161507555516e+01 4.700000000000e+00 9.925755293597e+00 3.706596360080e+02 7.563491551224e+00 -1.744624494710e+01 1.179837189636e+02 -4.655195086956e+01 7.475683139397e+01 6.884359426032e+01 4.280648291162e+04
2.012544858487e+03 1.020000000000e+00 4.161507555516e+01 4.700000000000e+00 1.180116711188e+01 3.713436765630e+02 4.509327373875e+00 -2.064463821060e+01 1.533159022760e+02 -4.638130266717e+01 7.587622623426e+01 6.611251255138e+01 4.686653602645e+04
2.012544972527e+03 1.020000000000e+00 4.161507555516e+01 4.700000000000e+00 1.355710287733e+01 3.721555505567e+02 7.253372063767e-01 -2.299585452813e+01 1.902430912697e+02 -4.613655401122e+01 7.823408158387e+01 6.120870919934e+01 5.068362501869e+04
2.012545086567e+03 1.020000000000e+00 4.161507555516e+01 4.700000000000e+00 1.489144598515e+01 3.732833276847e+02 -3.366743749072e+00 -2.444898701324e+01 2.255127958833e+02 -4.585209084128e+01 8.151772274770e+01 5.482794781541e+01 5.476824132002e+04
2.012545200607e+03 1.020000000000e+00 4.161507555516e+01 4.700000000000e+00 1.537782460776e+01 3.745630343027e+02 -7.357982669334e+00 -2.524275660980e+01 2.561057102036e+02 -4.550504286069e+01 8.495650141323e+01 4.794639806883e+01 6.029573236086e+04
2.012545314648e+03 1.020000000000e+00 4.161507555516e+01 4.700000000000e+00 1.534987713192e+01 3.757451117252e+02 -1.098365726535e+01 -2.552898889997e+01 2.802325080694e+02 -4.509342961688e+01 8.802752474089e+01 4.128653016041e+01 6.611998134345e+04
2.012545428688e+03 1.020000000000e+00 4.161507555516e+01 4.700000000000e+00 1.512803491386e+01 3.767928786553e+02 -1.406415800393e+01 -2.550320495367e+01 2.974740335967e+02 -4.465034196406e+01 9.042910334304e+01 3.531635342798e+01 7.122146992108e+04
2.012545542728e+03 1.020000000000e+00 4.161507555516e+01 4.700000000000e+00 1.482122745840e+01 3.778129756317e+02 -1.651439823807e+01 -2.525349496591e+01 3.083785655313e+02 -4.420594954498e+01 9.194798466305e+01 3.023723621030e+01 7.536565393380e+04
2.012545656768e+03 1.020000000000e+00 4.161507555516e+01 4.700000000000e+00 1.440283780477e+01 3.790170151398e+02 -1.831232653568e+01 -2.456534855817e+01 3.137406283265e+02 -4.373732391611e+01 9.258902363689e+01 2.598114805134e+01 7.892210922748e+04
2.012545770809e+03 1.020000000000e+00 4.161507555516e+01 4.700000000000e+00 1.370945416433e+01 3.808682304090e+02 -1.939328041823e+01 -2.286840453372e+01 3.141030330715e+02 -4.320059747653e+01 9.222159503747e+01 2.191393119024e+01 8.305631127876e+04
2.012545884849e+03 1.020000000000e+00 4.161507555516e+01 4.700000000000e+00 1.268841519280e+01 3.850026951552e+02 -1.977742097513e+01 -2.053540006496e+01 3.046740089038e+02 -4.244102283128e+01 8.984860108411e+01 1.731101874901e+01 8.705257641514e+04
2.012545998889e+03 1.020000000000e+00 4.161507555516e+01 4.700000000000e+00 1.121509754051e+01 3.933576344622e+02 -1.937560563562e+01 -1.765019914475e+01 2.774554503854e+02 -4.129567147659e+01 8.151791780357e+01 1.225051427457e+01 8.926088990604e+04
2.012546112929e+03 1.020000000000e+00 4.161507555516e+01 4.700000000000e+00 9.317135255524e+00 4.058671860156e+02 -1.695321384070e+01 -1.374649261900e+01 2.132389296343e+02 -3.932722504906e+01 6.615883971977e+01 7.942735991723e+00 8.215220314151e+04
2.012546226970e+03 1.020000000000e+00 4.161507555516e+01 4.700000000000e+00 7.486983075076e+00 4.199400199449e+02 -1.117642538987e+01 -9.163186424679e+00 1.458690591822e+02 -3.722368478089e+01 5.037888594584e+01 5.001326573287e+00 6.998616107474e+04
2.012546341010e+03 1.020000000000e+00 4.161507555516e+01 4.700000000000e+00 6.177886231633e+00 4.312790663414e+02 -5.513260362673e+00 -5.448554443630e+00 1.010852993198e+02 -3.563606168104e+01 3.914544908374e+01 2.985136484802e+00 5.911198673896e+04
2.012546455050e+03 1.020000000000e+00 4.251507555516e+01 4.800000000000e+00 5.578168151286e+00 4.368628987991e+02 -2.981850244549e+00 -3.698282649760e+00 8.374903951318e+01 -3.476006355283e+01 3.421271952815e+01 1.986972259940e+00 5.434941622887e+04
2.012546569090e+03 1.020000000000e+00 4.251507555516e+01 4.800000000000e+00 5.302628663020e+00 4.392093128760e+02 -1.882190738369e+00 -2.905885037345e+00 7.671421265025e+01 -3.419588365562e+01 3.208849303427e+01 1.468137322621e+00 5.239087986210e+04
2.012546683131e+03 1.020000000000e+00 4.251507555516e+01 4.800000000000e+00 5.170255121099e+00 4.402952431912e+02 -1.404037895489e+00 -2.628819312519e+00 7.368380290154e+01 -3.401120636872e+01 3.125429900515e+01 1.243788267721e+00 5.161126574357e+04
2.012546797171e+03 1.020000000000e+00 4.251507555516e+01 4.800000000000e+00 5.086794084956e+00 4.409618439446e+02 -1.140924393893e+00 -2.533641272404e+00 7.187435747108e+01 -3.418454239831e+01 3.083213759691e+01 1.111301004711e+00 5.116948658776e+04
2.012546911211e+03 1.020000000000e+00 4.251507555516e+01 4.800000000000e+00 5.051177271030e+00 4.415021699151e+02 -8.848154172302e-01 -2.502650428111e+00 7.109280784569e+01 -3.432624299357e+01 3.054234019774e+01 9.739692636296e-01 5.096833983309e+04
2.012547025251e+03 1.020000000000e+00 4.251507555516e+01 4.800000000000e+00 5.067028229736e+00 4.420284302549e+02 -4.969086520030e-01 -2.492273339293e+00 7.143806876353e+01 -3.436695909911e+01 3.030136250662e+01 7.970975840485e-01 5.105541314697e+04
2.012547139292e+03 1.020000000000e+00 4.251507555516e+01 4.800000000000e+00 5.089941453696e+00 4.426187320424e+02 -1.133071358246e-01 -2.487514000706e+00 7.195235537789e+01 -3.438433166032e+01 3.017185973611e+01 6.070070076759e-01 5.119175995617e+04
2.012547253332e+03 1.020000000000e+00 4.251507555516e+01 4.800000000000e+00 5.110319469402e+00 4.433163654964e+02 1.861369151822e-01 -2.486109265186e+00 7.241737430585e+01 -3.444226959337e+01 3.017448740751e+01 4.166728864746e-01 5.131702703189e+04
2.012547367372e+03 1.020000000000e+00 4.251507555516e+01 4.800000000000e+00 5.138594936889e+00 4.440956100699e+02 3.806131206887e-01 -2.489388248356e+00 7.305625738654e+01 -3.455343246802e+01 3.021361625412e+01 2.328261520929e-01 5.148410943142e+04
2.012547481412e+03 1.020000000000e+00 4.251507555516e+01 4.800000000000e+00 5.188366857796e+00 4.448814666820e+02 4.704597398877e-01 -2.499293258635e+00 7.415821797940e+01 -3.470189655332e+01 3.032261416657e+01 6.334150571462e-02 5.175830285182e+04
2.012547595453e+03 1.020000000000e+00 4.251507555516e+01 4.800000000000e+00 5.263445644112e+00 4.456490247319e+02 5.070096070676e-01 -2.517235594756e+00 7.580561340063e+01 -3.486192456402e+01 3.052066542316e+01 -8.416418812634e-02 5.215274873138e+04
2.012547709493e+03 1.020000000000e+00 4.251507555516e+01 4.800000000000e+00 5.355967513236e+00 4.464732250246e+02 5.233633435642e-01 -2.540200187039e+00 7.784641970648e+01 -3.500214594093e+01 3.072896088047e+01 -2.045630773764e-01 5.263111959581e+04
2.012547823533e+03 1.020000000000e+00 4.251507555516e+01 4.800000000000e+00 5.462584588198e+00 4.473886576985e+02 5.224036811552e-01 -2.564620410714e+00 8.022440074988e+01 -3.508889113253e+01 3.091092072343e+01 -2.948898901464e-01 5.317971365552e+04
2.012547937573e+03 1.020000000000e+00 4.251507555516e+01 4.800000000000e+00 5.582747598905e+00 4.484049111385e+02 4.597952736348e-01 -2.587526201135e+00 8.293665451900e+01 -3.509344271964e+01 3.105630930291e+01 -3.546677534033e-01 5.379369425661e+04
2.012548051613e+03 1.020000000000e+00 4.251507555516e+01 4.800000000000e+00 5.716134691846e+00 4.495162247569e+02 3.378038928365e-01 -2.603452051079e+00 8.598727822442e+01 -3.500099422204e+01 3.116966311622e+01 -3.901682499702e-01 5.447029551613e+04
2.012548165654e+03 1.020000000000e+00 4.251507555516e+01 4.800000000000e+00 5.861484839023e+00 4.507144256540e+02 1.824505459192e-01 -2.619467389057e+00 8.935894111075e+01 -3.481134677232e+01 3.125731119332e+01 -4.030785413320e-01 5.520189337190e+04
2.012548279694e+03 1.020000000000e+00 4.251507555516e+01 4.800000000000e+00 6.014567456707e+00 4.520017171500e+02 6.627875257584e-03 -2.636978092721e+00 9.302182019953e+01 -3.453842633567e+01 3.132991374202e+01 -4.050698687882e-01 5.600124850474e+04
2.012548393734e+03 1.020000000000e+00 4.251507555516e+01 4.800000000000e+00 6.145149051005e+00 4.533943762756e+02 -1.826449550524e-01 -2.658999918818e+00 9.694520778274e+01 -3.420435380304e+01 3.140479423340e+01 -3.863630350378e-01 5.712211271235e+04
2.012548507774e+03 1.020000000000e+00 4.251507555516e+01 4.800000000000e+00 6.230562417280e+00 4.549055688877e+02 -3.926884259050e-01 -2.695692008577e+00 1.010880616085e+02 -3.382978570129e+01 3.149198818165e+01 -2.850684089264e-01 5.874685407516e+04
2.012548621815e+03 1.020000000000e+00 4.251507555516e+01 4.800000000000e+00 6.301841392267e+00 4.565189331115e+02 -6.503212985094e-01 -2.735518800906e+00 1.053630557712e+02 -3.342570845275e+01 3.157583013250e+01 -8.764674297322e-02 6.053889057279e+04
2.012548735855e+03 1.020000000000e+00 4.251507555516e+01 4.800000000000e+00 6.372066260962e+00 4.581854441257e+02 -9.895021944160e-01 -2.804099779665e+00 1.095965196973e+02 -3.299401978563e+01 3.160516271074e+01 1.560999895592e-01 6.227811713237e+04
2.012548849895e+03 1.020000000000e+00 4.251507555516e+01 4.800000000000e+00 6.436554270652e+00 4.598387498635e+02 -1.420750335600e+00 -2.895701818129e+00 1.135127209731e+02 -3.253871732711e+01 3.151181263601e+01 4.340120305383e-01 6.385870489406e+04
2.012548963935e+03 1.020000000000e+00 4.251507555516e+01 4.800000000000e+00 6.482087653623e+00 4.614066694377e+02 -1.916640965770e+00 -2.990663699300e+00 1.167604202358e+02 -3.206862242076e+01 3.127890217128e+01 7.405845618001e-01 6.522653362826e+04
2.012549077976e+03 1.020000000000e+00 4.251507555516e+01 4.800000000000e+00 6.486980857948e+00 4.628392805551e+02 -2.440619548790e+00 -3.070409741041e+00 1.189162956457e+02 -3.159378855654e+01 3.098558942116e+01 1.058900297789e+00 6.638313505493e+04
2.012549192016e+03 1.020000000000e+00 4.351507555516e+01 4.900000000000e+00 6.441907889979e+00 4.639877474286e+02 -2.770634300986e+00 -3.145108404570e+00 1.196977346243e+02 -3.126978347110e+01 3.055326692333e+01 1.361242138403e+00 6.728929560754e+04
2.012549306056e+03 1.020000000000e+00 4.351507555516e+01 4.900000000000e+00 6.336183466725e+00 4.651476141628e+02 -3.258327487137e+00 -3.158100861123e+00 1.193445681234e+02 -3.080661308171e+01 3.005021966227e+01 1.630024811576e+00 6.821097306802e+04
2.012549420096e+03 1.020000000000e+00 4.351507555516e+01 4.900000000000e+00 6.210948300659e+00 4.661770328626e+02 -3.620250868225e+00 -3.147580539955e+00 1.178472815317e+02 -3.033991304709e+01 2.952286972913e+01 1.830669038684e+00 6.871367541425e+04
2.012549534137e+03 1.020000000000e+00 4.351507555516e+01 4.900000000000e+00 6.069623130869e+00 4.671199276618e+02 -3.838872517235e+00 -3.108241574935e+00 1.154839379360e+02 -2.986109618440e+01 2.900060166119e+01 1.953623409509e+00 6.890421091412e+04
2.012549648177e+03 1.020000000000e+00 4.351507555516e+01 4.900000000000e+00 5.897005680884e+00 4.680170466289e+02 -3.930907832490e+00 -3.008591190365e+00 1.124557828499e+02 -2.936785047485e+01 2.848410471867e+01 2.023637328194e+00 6.906178038185e+04
2.012549762217e+03 1.020000000000e+00 4.351507555516e+01 4.900000000000e+00 5.716662000625e+00 4.688989516395e+02 -3.949651927516e+00 -2.875828723605e+00 1.091514881070e+02 -2.887431473932e+01 2.796797668000e+01 2.039372696558e+00 6.914707390193e+04
2.012549876257e+03 1.020000000000e+00 4.351507555516e+01 4.900000000000e+00 5.543158256656e+00 4.697699227246e+02 -3.939626814546e+00 -2.729002402551e+00 1.058005071707e+02 -2.840987422332e+01 2.745251470793e+01 2.023227253159e+00 6.912185735056e+04
2.012549990298e+03 1.020000000000e+00 4.351507555516e+01 4.900000000000e+00 5.384252974431e+00 4.706255096503e+02 -3.898332532489e+00 -2.584058933230e+00 1.024734944082e+02 -2.800642388156e+01 2.694062074612e+01 1.962224166127e+00 6.892393587254e+04
2.012550104338e+03 1.020000000000e+00 4.351507555516e+01 4.900000000000e+00 5.243058540484e+00 4.714641367258e+02 -3.814545586558e+00 -2.432606403726e+00 9.927700051367e+01 -2.768466941730e+01 2.643132978367e+01 1.825690799311e+00 6.857210474718e+04
2.012550218378e+03 1.020000000000e+00 4.351507555516e+01 4.900000000000e+00 5.119148738760e+00 4.722836496763e+02 -3.731479703059e+00 -2.270713342367e+00 9.623369117421e+01 -2.744924473169e+01 2.592362854754e+01 1.670054175010e+00 6.807897089129e+04
2.012550332418e+03 1.020000000000e+00 4.351507555516e+01 4.900000000000e+00 5.009416160933e+00 4.730773656639e+02 -3.653626351191e+00 -2.105323322895e+00 9.340176171248e+01 -2.729135948026e+01 2.541408061212e+01 1.515484594849e+00 6.752306522884e+04
2.012550446459e+03 1.020000000000e+00 4.351507555516e+01 4.900000000000e+00 4.909637043815e+00 4.738338295105e+02 -3.565032019825e+00 -1.944075927111e+00 9.083108401488e+01 -2.719298176004e+01 2.489577542422e+01 1.365200595239e+00 6.699918692604e+04
2.012550560499e+03 1.020000000000e+00 4.351507555516e+01 4.900000000000e+00 4.825088760272e+00 4.745403489576e+02 -3.446760015337e+00 -1.790706060420e+00 8.859038024670e+01 -2.713334781188e+01 2.435940436614e+01 1.220079326549e+00 6.649155357864e+04
2.012550674539e+03 1.020000000000e+00 4.351507555516e+01 4.900000000000e+00 4.760149544923e+00 4.752011196667e+02 -3.321036724673e+00 -1.647250671406e+00 8.654658596804e+01 -2.709407306930e+01 2.382608246648e+01 1.083991644985e+00 6.584383875006e+04
2.012550788579e+03 1.020000000000e+00 4.351507555516e+01 4.900000000000e+00 4.703760270519e+00 4.758233151154e+02 -3.198369611956e+00 -1.512753889281e+00 8.465274656963e+01 -2.706290477341e+01 2.330661532777e+01 9.601059445728e-01 6.517493297125e+04
2.012550902620e+03 1.020000000000e+00 4.351507555516e+01 4.900000000000e+00 4.648415307775e+00 4.764079971362e+02 -3.069665952348e+00 -1.386227275868e+00 8.293683194615e+01 -2.703305669041e+01 2.279671934798e+01 8.506722967144e-01 6.461393479512e+04
2.012551016660e+03 1.020000000000e+00 4.351507555516e+01 4.900000000000e+00 4.595822412473e+00 4.769535742195e+02 -2.927441375708e+00 -1.268113702878e+00 8.141760570046e+01 -2.700190467880e+01 2.229472606842e+01 7.585127793882e-01 6.415609718953e+04
2.012551130700e+03 1.020000000000e+00 4.351507555516e+01 4.900000000000e+00 4.548385168074e+00 4.774566803469e+02 -2.771631348981e+00 -1.158310622531e+00 8.008804487071e+01 -2.696991283928e+01 2.180527690758e+01 6.864619035741e-01 6.376650117413e+04
2.012551244740e+03 1.020000000000e+00 4.351507555516e+01 4.900000000000e+00 4.506655984277e+00 4.779097544486e+02 -2.609150679374e+00 -1.055395937191e+00 7.892925974666e+01 -2.693893507603e+01 2.133690674822e+01 6.365378849537e-01 6.342567215791e+04
2.012551358781e+03 1.020000000000e+00 4.351507555516e+01 4.900000000000e+00 4.470013976841e+00 4.783018766485e+02 -2.450816038189e+00 -9.565295953056e-01 7.791850704641e+01 -2.691105643109e+01 2.089756982884e+01 6.089506072836e-01 6.312666266334e+04
2.012551472821e+03 1.020000000000e+00 4.351507555516e+01 4.900000000000e+00 4.437236877668e+00 4.786239401687e+02 -2.308150434628e+00 -8.578665907907e-01 7.702261400556e+01 -2.688733323216e+01 2.049161086690e+01 5.994718398891e-01 6.286170723616e+04
2.012551586861e+03 1.020000000000e+00 4.351507555516e+01 4.900000000000e+00 4.408722457079e+00 4.788590174485e+02 -2.200948519628e+00 -7.561342653104e-01 7.624803929609e+01 -2.686826423678e+01 2.013066898258e+01 5.982319537638e-01 6.263165121059e+04
2.012551700901e+03 1.020000000000e+00 4.351507555516e+01 4.900000000000e+00 4.392330181471e+00 4.789723628076e+02 -2.161359216929e+00 -6.525365227234e-01 7.578904831434e+01 -2.685432744681e+01 1.985201169494e+01 6.074490250408e-01 6.248689096914e+04
2.012551814942e+03 1.020000000000e+00 4.351507555516e+01 4.900000000000e+00 4.380094372931e+00 4.790321034336e+02 -2.150817837200e+00 -5.510930294848e-01 7.543287179202e+01 -2.684483922701e+01 1.961159094025e+01 6.324258851655e-01 6.236706685031e+04
2.012551928982e+03 1.020000000000e+00 4.441507555516e+01 5.000000000000e+00 4.377565503064e+00 4.789884909181e+02 -2.076268013917e+00 -4.780261710268e-01 7.531136163298e+01 -2.696759615541e+01 1.945552707802e+01 6.255657561638e-01 6.230235930891e+04
2.012552043022e+03 1.020000000000e+00 4.441507555516e+01 5.000000000000e+00 4.365962316439e+00 4.789497702918e+02 -2.097655027151e+00 -3.893807593951e-01 7.498387165855e+01 -2.695427251323e+01 1.924733498504e+01 6.472850878536e-01 6.219627301776e+04
2.012552157062e+03 1.020000000000e+00 4.441507555516e+01 5.000000000000e+00 4.356412739451e+00 4.788390395697e+02 -2.160458558041e+00 -3.154241498938e-01 7.470419286963e+01 -2.694486630967e+01 1.909490584674e+01 6.526776389778e-01 6.210006821551e+04
2.012552271103e+03 1.020000000000e+00 4.441507555516e+01 5.000000000000e+00 4.349046009550e+00 4.786982691489e+02 -2.237977189351e+00 -2.607550780558e-01 7.447564170273e+01 -2.693610217045e+01 1.900208089260e+01 6.485430121965e-01 6.201494761617e+04
2.012552385143e+03 1.020000000000e+00 4.441507555516e+01 5.000000000000e+00 4.342449163288e+00 4.785281455156e+02 -2.316540396080e+00 -2.285994784889e-01 7.426036131214e+01 -2.692216822446e+01 1.892091060855e+01 6.362379715262e-01 6.192964511271e+04
2.012552499183e+03 1.020000000000e+00 4.441507555516e+01 5.000000000000e+00 4.335545164865e+00 4.783243562395e+02 -2.393174027955e+00 -2.127984997121e-01 7.403267481878e+01 -2.689870010694e+01 1.883963972024e+01 6.092500590158e-01 6.183808905122e+04
2.012552613223e+03 1.020000000000e+00 4.441507555516e+01 5.000000000000e+00 4.327794500321e+00 4.780855218342e+02 -2.471980161043e+00 -2.111678127332e-01 7.378241341013e+01 -2.686178522285e+01 1.875705932343e+01 5.618798867288e-01 6.173942712135e+04
2.012552727264e+03 1.020000000000e+00 4.441507555516e+01 5.000000000000e+00 4.318851788550e+00 4.778114400434e+02 -2.561065398799e+00 -2.221472921767e-01 7.350113268141e+01 -2.680880394427e+01 1.866984646942e+01 4.985083145475e-01 6.163143202978e+04
2.012552841304e+03 1.020000000000e+00 4.441507555516e+01 5.000000000000e+00 4.308285672787e+00 4.775040907695e+02 -2.668035756239e+00 -2.441100894988e-01 7.317671703466e+01 -2.673806119663e+01 1.857379562727e+01 4.262428402594e-01 6.150993661202e+04
2.012552955344e+03 1.020000000000e+00 4.441507555516e+01 5.000000000000e+00 4.295444068290e+00 4.771681845061e+02 -2.799888738868e+00 -2.705362894155e-01 7.279341320569e+01 -2.664816685862e+01 1.846675259177e+01 3.503647475579e-01 6.137074384084e+04
2.012553069384e+03 1.020000000000e+00 4.441507555516e+01 5.000000000000e+00 4.279531654566e+00 4.768098539007e+02 -2.961888584702e+00 -2.950957846475e-01 7.233222101935e+01 -2.653901745814e+01 1.834835643989e+01 2.738498767213e-01 6.120876856995e+04
2.012553183425e+03 1.020000000000e+00 4.441507555516e+01 5.000000000000e+00 4.259876446237e+00 4.764341085600e+02 -3.156523898332e+00 -3.147572943958e-01 7.177685530668e+01 -2.641250507633e+01 1.821969590578e+01 1.979235124537e-01 6.101917373890e+04
2.012553297465e+03 1.020000000000e+00 4.441507555516e+01 5.000000000000e+00 4.235994413144e+00 4.760429376848e+02 -3.383422992297e+00 -3.280114771200e-01 7.111519973897e+01 -2.627198800059e+01 1.808297599303e+01 1.232364584162e-01 6.079764696280e+04
2.012553411505e+03 1.020000000000e+00 4.441507555516e+01 5.000000000000e+00 4.207650239368e+00 4.756368190291e+02 -3.639383460566e+00 -3.330741062524e-01 7.034075728900e+01 -2.612089537237e+01 1.794149785047e+01 5.052777538628e-02 6.054073359346e+04
2.012553525545e+03 1.020000000000e+00 4.441507555516e+01 5.000000000000e+00 4.175258310451e+00 4.752179838062e+02 -3.917419085052e+00 -3.310607155332e-01 6.946179568500e+01 -2.596273308188e+01 1.780039979820e+01 -1.961098292521e-02 6.024810615113e+04
2.012553639586e+03 1.020000000000e+00 4.441507555516e+01 5.000000000000e+00 4.138838195678e+00 4.747784435501e+02 -4.212014283618e+00 -3.243695810700e-01 6.847611912800e+01 -2.580083324831e+01 1.765872437610e+01 -8.647056671543e-02 5.991582114134e+04
2.012553753626e+03 1.020000000000e+00 4.441507555516e+01 5.000000000000e+00 4.099474399026e+00 4.743173276568e+02 -4.513858613695e+00 -3.137353271383e-01 6.740808039416e+01 -2.563778099184e+01 1.751952723637e+01 -1.501103364858e-01 5.954760485139e+04
2.012553867666e+03 1.020000000000e+00 4.441507555516e+01 5.000000000000e+00 4.058027047400e+00 4.738286642967e+02 -4.815810300469e+00 -3.028546765904e-01 6.627646778417e+01 -2.547512491867e+01 1.738213376054e+01 -2.116381472158e-01 5.914587085107e+04
2.012553981706e+03 1.020000000000e+00 4.441507555516e+01 5.000000000000e+00 4.015268985188e+00 4.733051724253e+02 -5.112365148910e+00 -2.935961408179e-01 6.509844223475e+01 -2.531278124136e+01 1.724455086834e+01 -2.717413843969e-01 5.871314318286e+04
2.012554095747e+03 1.020000000000e+00 4.441507555516e+01 5.000000000000e+00 3.971774003720e+00 4.727386572749e+02 -5.400878002317e+00 -2.858783504753e-01 6.388727084940e+01 -2.514917642087e+01 1.710285423318e+01 -3.294234398425e-01 5.825168829129e+04
2.012554209787e+03 1.020000000000e+00 4.441507555516e+01 5.000000000000e+00 3.927988513782e+00 4.721232305437e+02 -5.682688055479e+00 -2.780884321591e-01 6.265448282402e+01 -2.498094192959e+01 1.695013594287e+01 -3.819822190786e-01 5.776436699343e+04
2.012554323827e+03 1.020000000000e+00 4.441507555516e+01 5.000000000000e+00 3.884350823873e+00 4.714610537470e+02 -5.965408275483e+00 -2.672874054319e-01 6.141367542297e+01 -2.480108516170e+01 1.677796804959e+01 -4.256300855140e-01 5.725640971913e+04
2.012554437867e+03 1.020000000000e+00 4.441507555516e+01 5.000000000000e+00 3.841308631037e+00 4.707647970334e+02 -6.264116982085e+00 -2.523292879582e-01 6.018202081751e+01 -2.459879015519e+01 1.658209866827e+01 -4.566672494285e-01 5.673673935841e+04
2.012554551908e+03 1.020000000000e+00 4.441507555516e+01 5.000000000000e+00 3.799707213972e+00 4.700520893384e+02 -6.594014527007e+00 -2.354232734249e-01 5.898915643212e+01 -2.436376719243e+01 1.636926748314e+01 -4.733785375278e-01 5.622092669918e+04
2.012554665948e+03 1.020000000000e+00 4.541507555516e+01 5.100000000000e+00 3.821892871433e+00 4.699972490240e+02 -6.515569478557e+00 -2.453637660343e-01 5.944657896733e+01 -2.443036113487e+01 1.653414833948e+01 -4.741247980983e-01 5.632461259012e+04
2.012554779988e+03 1.020000000000e+00 4.541507555516e+01 5.100000000000e+00 3.790159701113e+00 4.693376274939e+02 -6.820897412202e+00 -2.365017812720e-01 5.848962832844e+01 -2.417440157055e+01 1.637196717635e+01 -4.835159558534e-01 5.588190262825e+04
2.012554894028e+03 1.020000000000e+00 4.541507555516e+01 5.100000000000e+00 3.765972614874e+00 4.687318333431e+02 -7.064006383384e+00 -2.421683115631e-01 5.772665694724e+01 -2.392202294597e+01 1.625840316884e+01 -4.968892157951e-01 5.550748214118e+04
2.012555008069e+03 1.020000000000e+00 4.541507555516e+01 5.100000000000e+00 3.749879983982e+00 4.682405215750e+02 -7.166723822669e+00 -2.849113293192e-01 5.716900305931e+01 -2.370478312951e+01 1.619388386840e+01 -5.106575437100e-01 5.520751245535e+04
2.012555122109e+03 1.020000000000e+00 4.541507555516e+01 5.100000000000e+00 3.751856479253e+00 4.679881179628e+02 -7.130180756146e+00 -3.656232389447e-01 5.703158655036e+01 -2.354792255280e+01 1.625376075053e+01 -5.269720496017e-01 5.504621028607e+04
2.012555236149e+03 1.020000000000e+00 4.541507555516e+01 5.100000000000e+00 3.782607015085e+00 4.680162317321e+02 -6.969106810332e+00 -4.720751083524e-01 5.753967310102e+01 -2.346570864539e+01 1.653027567233e+01 -5.484090925903e-01 5.508515099528e+04
2.012555350189e+03 1.020000000000e+00 4.541507555516e+01 5.100000000000e+00 3.827783754356e+00 4.681402608537e+02 -6.644805867671e+00 -5.875418412547e-01 5.836199735791e+01 -2.346235663299e+01 1.694127906755e+01 -5.676093784703e-01 5.521300709403e+04
2.012555464230e+03 1.020000000000e+00 4.541507555516e+01 5.100000000000e+00 3.878042041610e+00 4.682759871427e+02 -6.246374511439e+00 -6.976398883377e-01 5.929850142942e+01 -2.353267324233e+01 1.740603158812e+01 -5.776494580336e-01 5.537219717612e+04
2.012555578270e+03 1.020000000000e+00 4.541507555516e+01 5.100000000000e+00 3.925617777020e+00 4.683965077042e+02 -5.831350496840e+00 -7.890622000682e-01 6.017005249796e+01 -2.365854583547e+01 1.788301105526e+01 -5.783977816902e-01 5.550549462110e+04
2.012555692310e+03 1.020000000000e+00 4.541507555516e+01 5.100000000000e+00 3.965597864270e+00 4.684753062942e+02 -5.438886961249e+00 -8.501276578574e-01 6.085514475170e+01 -2.381195221432e+01 1.832717439966e+01 -5.730637444215e-01 5.557187530403e+04
2.012555806350e+03 1.020000000000e+00 4.541507555516e+01 5.100000000000e+00 3.996225606999e+00 4.684071963327e+02 -5.091088289232e+00 -8.842608939864e-01 6.131245799988e+01 -2.396326967612e+01 1.870908338941e+01 -5.582424858685e-01 5.556045506676e+04
2.012555920391e+03 1.020000000000e+00 4.541507555516e+01 5.100000000000e+00 4.020144265505e+00 4.681724530718e+02 -4.796501357772e+00 -9.063419066978e-01 6.160570416290e+01 -2.409396387928e+01 1.902708607363e+01 -5.381324323799e-01 5.549394331399e+04
2.012556034431e+03 1.020000000000e+00 4.541507555516e+01 5.100000000000e+00 4.040515559130e+00 4.678401589881e+02 -4.554565612238e+00 -9.167789653610e-01 6.180647389891e+01 -2.419623008974e+01 1.928678396419e+01 -5.132982423531e-01 5.539396604708e+04
2.012556148471e+03 1.020000000000e+00 4.541507555516e+01 5.100000000000e+00 4.058881536549e+00 4.674321592065e+02 -4.359437678788e+00 -9.206199041389e-01 6.195369976436e+01 -2.426941555924e+01 1.948914415049e+01 -4.847653149482e-01 5.527455822465e+04
2.012556262511e+03 1.020000000000e+00 4.541507555516e+01 5.100000000000e+00 4.076125657446e+00 4.669569965610e+02 -4.200998257629e+00 -9.251221333503e-01 6.207435934475e+01 -2.431775987809e+01 1.963596190470e+01 -4.551791461386e-01 5.514786151416e+04
2.012556376552e+03 1.020000000000e+00 4.541507555516e+01 5.100000000000e+00 4.092848298263e+00 4.664212455182e+02 -4.062036510731e+00 -9.345654987362e-01 6.218334680625e+01 -2.434728384902e+01 1.973589705893e+01 -4.247732053713e-01 5.501893104534e+04
2.012556490592e+03 1.020000000000e+00 4.541507555516e+01 5.100000000000e+00 4.109956837318e+00 4.658379816742e+02 -3.926277559353e+00 -9.514744394731e-01 6.230080080584e+01 -2.436313045874e+01 1.980121952292e+01 -3.938046940860e-01 5.489328760877e+04
2.012556604632e+03 1.020000000000e+00 4.541507555516e+01 5.100000000000e+00 4.129137466169e+00 4.652319147111e+02 -3.784537515140e+00 -9.773635498246e-01 6.246578840392e+01 -2.436836405779e+01 1.984545010937e+01 -3.631973994419e-01 5.478273591223e+04
2.012556718672e+03 1.020000000000e+00 4.541507555516e+01 5.100000000000e+00 4.152320927245e+00 4.646336002850e+02 -3.630946057014e+00 -1.014868485989e+00 6.272368998078e+01 -2.436456078889e+01 1.988431258811e+01 -3.357003194587e-01 5.470136721826e+04
2.012556832713e+03 1.020000000000e+00 4.541507555516e+01 5.100000000000e+00 4.180680095633e+00 4.640659377336e+02 -3.463831083261e+00 -1.067175942490e+00 6.310363078414e+01 -2.435298680136e+01 1.992765941240e+01 -3.127388463754e-01 5.465905469982e+04
2.012556946753e+03 1.020000000000e+00 4.541507555516e+01 5.100000000000e+00 4.211896107271e+00 4.635208024756e+02 -3.270907835870e+00 -1.127901143553e+00 6.355485254086e+01 -2.433702038392e+01 1.998673181985e+01 -2.863996961243e-01 5.464178321603e+04
2.012557060793e+03 1.020000000000e+00 4.541507555516e+01 5.100000000000e+00 4.242151182613e+00 4.629649021427e+02 -3.063448135342e+00 -1.187559875808e+00 6.398701850835e+01 -2.432300424325e+01 2.005275889740e+01 -2.501213961562e-01 5.462119042913e+04
2.012557174833e+03 1.020000000000e+00 4.541507555516e+01 5.100000000000e+00 4.268735054741e+00 4.623599158963e+02 -2.890040114204e+00 -1.238107246240e+00 6.432993851943e+01 -2.431664346030e+01 2.008956400449e+01 -2.028910127926e-01 5.457223491549e+04
2.012557288874e+03 1.020000000000e+00 4.541507555516e+01 5.100000000000e+00 4.291134381422e+00 4.616827770568e+02 -2.799568722081e+00 -1.271271070021e+00 6.455990975879e+01 -2.432003403844e+01 2.004482539448e+01 -1.446198408232e-01 5.448164171412e+04
2.012557402914e+03 1.020000000000e+00 4.631507555516e+01 5.200000000000e+00 4.316234789738e+00 4.619356525740e+02 -2.807250689738e+00 -1.257324605514e+00 6.530894130732e+01 -2.451671688065e+01 1.974122412293e+01 -7.244682118638e-02 5.479568873916e+04
2.012557516954e+03 1.020000000000e+00 4.631507555516e+01 5.200000000000e+00 4.324363763860e+00 4.610984632927e+02 -2.822367262052e+00 -1.253739692773e+00 6.514225970306e+01 -2.454941552601e+01 1.947812566363e+01 1.621443115136e-02 5.455362942151e+04
2.012557630994e+03 1.020000000000e+00 4.631507555516e+01 5.200000000000e+00 4.311936356089e+00 4.600422911723e+02 -2.896097951050e+00 -1.232132187842e+00 6.448931802339e+01 -2.460333005551e+01 1.911234505454e+01 1.171363875154e-01 5.416320908005e+04
2.012557745035e+03 1.020000000000e+00 4.631507555516e+01 5.200000000000e+00 4.283599514959e+00 4.588260999717e+02 -2.987007734969e+00 -1.197730186753e+00 6.348795667016e+01 -2.467296312972e+01 1.863084909828e+01 2.149599113772e-01 5.367567852012e+04
2.012557859075e+03 1.020000000000e+00 4.631507555516e+01 5.200000000000e+00 4.242093818268e+00 4.575045077046e+02 -3.041291751512e+00 -1.163725453858e+00 6.223295411937e+01 -2.475008622576e+01 1.810209608406e+01 2.985372439492e-01 5.313021333101e+04
2.012557973115e+03 1.020000000000e+00 4.631507555516e+01 5.200000000000e+00 4.186994960850e+00 4.561050819379e+02 -3.055947815530e+00 -1.137676204919e+00 6.075281709326e+01 -2.483189607943e+01 1.759546873731e+01 3.602591501812e-01 5.254975932478e+04
2.012558087155e+03 1.020000000000e+00 4.631507555516e+01 5.200000000000e+00 4.117691915687e+00 4.546319796779e+02 -3.041499729258e+00 -1.123198553638e+00 5.906020505462e+01 -2.492382248283e+01 1.718900441290e+01 3.953846189083e-01 5.194597064204e+04
2.012558201196e+03 1.020000000000e+00 4.631507555516e+01 5.200000000000e+00 4.038597806309e+00 4.530977161979e+02 -2.958344247697e+00 -1.117841700076e+00 5.725783119508e+01 -2.503308739348e+01 1.689317905663e+01 4.090096240495e-01 5.134727841925e+04
2.012558315236e+03 1.020000000000e+00 4.631507555516e+01 5.200000000000e+00 3.952381162026e+00 4.515051358963e+02 -2.731986010793e+00 -1.128105514483e+00 5.539110212811e+01 -2.516232774616e+01 1.666148595513e+01 4.064317612801e-01 5.075686216424e+04
2.012558429276e+03 1.020000000000e+00 4.631507555516e+01 5.200000000000e+00 3.860907403030e+00 4.498608369691e+02 -2.368245108665e+00 -1.165088090142e+00 5.347362533975e+01 -2.531375063866e+01 1.647826066708e+01 3.915705426864e-01 5.016072657349e+04
