VARIABLES="time" "Distance" "lon" "lat" "density" "Vx" "Vy" "Vz" "p" "Bx" "By" "Bz" "T"
ZONE
DT=(DOUBLE DOUBLE DOUBLE DOUBLE DOUBLE DOUBLE DOUBLE DOUBLE DOUBLE DOUBLE DOUBLE DOUBLE DOUBLE )
2.012529234973e+03 1.020000000000e+00 3.591507555516e+01 4.200000000000e+00 3.652711505346e+00 4.177684221488e+02 7.070546155698e+00 -2.495022167756e+00 5.448854049228e+01 2.589592908127e+01 -8.701723017045e+00 -1.704747534736e+00 5.393331811807e+04
2.012529349013e+03 1.020000000000e+00 3.591507555516e+01 4.200000000000e+00 3.903202833374e+00 4.158196115199e+02 7.340565587187e+00 -1.329583821007e+00 5.995003876155e+01 2.288904737657e+01 -8.715980294206e+00 -5.343045652393e-01 5.552091706599e+04
2.012529463053e+03 1.020000000000e+00 3.591507555516e+01 4.200000000000e+00 4.208302510863e+00 4.143577701154e+02 7.379797602364e+00 -4.683467205378e-01 6.683595230242e+01 1.979479978681e+01 -8.630231237902e+00 4.775235883051e-01 5.741999675801e+04
2.012529577093e+03 1.020000000000e+00 3.591507555516e+01 4.200000000000e+00 4.521065477482e+00 4.130516063724e+02 7.252663438103e+00 3.731898310541e-02 7.409478726903e+01 1.679155663372e+01 -8.473536063887e+00 1.174904151339e+00 5.927367953126e+04
2.012529691134e+03 1.020000000000e+00 3.591507555516e+01 4.200000000000e+00 4.810908225710e+00 4.117652850988e+02 6.690424865382e+00 2.137844398206e-01 8.097763615994e+01 1.409177881491e+01 -8.299599059344e+00 1.511862639614e+00 6.089916541255e+04
2.012529805174e+03 1.020000000000e+00 3.591507555516e+01 4.200000000000e+00 5.066306087800e+00 4.104882391854e+02 5.506774891593e+00 1.302762661278e-01 8.715613141516e+01 1.184854255748e+01 -8.124906680124e+00 1.636758503909e+00 6.226142857226e+04
2.012529919214e+03 1.020000000000e+00 3.591507555516e+01 4.200000000000e+00 5.278334277020e+00 4.092336498352e+02 3.901115525303e+00 -3.146558901171e-01 9.236497109124e+01 1.010127823092e+01 -7.946145870004e+00 1.617046144366e+00 6.334727199225e+04
2.012530033254e+03 1.020000000000e+00 3.591507555516e+01 4.200000000000e+00 5.438415091503e+00 4.079879198204e+02 2.231460108717e+00 -9.870429345143e-01 9.657256115127e+01 8.782367248054e+00 -7.678240813423e+00 1.440013352031e+00 6.429240254744e+04
2.012530147295e+03 1.020000000000e+00 3.681507555516e+01 4.300000000000e+00 5.551844427043e+00 4.098110267439e+02 1.035310309332e+00 -2.269222294287e+00 9.760426406825e+01 1.103231125370e+01 -9.544930443406e+00 8.568938227319e-01 6.365780544410e+04
2.012530261335e+03 1.020000000000e+00 3.681507555516e+01 4.300000000000e+00 5.480315114719e+00 4.086357437318e+02 -4.146415041162e-01 -2.716695873943e+00 1.008032480619e+02 1.001309761383e+01 -8.556646803558e+00 9.343077759416e-02 6.660542502735e+04
2.012530375375e+03 1.020000000000e+00 3.681507555516e+01 4.300000000000e+00 5.363698712392e+00 4.075158606601e+02 -1.533306927925e+00 -3.111510249663e+00 1.027415884957e+02 9.054747465236e+00 -7.480332831798e+00 -5.450961592020e-01 6.936544779973e+04
2.012530489415e+03 1.020000000000e+00 3.681507555516e+01 4.300000000000e+00 5.231056537670e+00 4.062044276155e+02 -2.185394070449e+00 -3.362626547132e+00 1.028870092392e+02 8.036715483932e+00 -6.245957809711e+00 -9.397132639965e-01 7.122917171752e+04
2.012530603456e+03 1.020000000000e+00 3.681507555516e+01 4.300000000000e+00 5.082420832041e+00 4.043295967203e+02 -2.446773516704e+00 -3.452495136468e+00 1.007675057323e+02 6.846181740267e+00 -4.634230882542e+00 -1.087031378070e+00 7.180342192170e+04
2.012530717496e+03 1.020000000000e+00 3.681507555516e+01 4.300000000000e+00 4.939247001056e+00 4.020623564029e+02 -2.434429155272e+00 -3.409477804910e+00 9.782372340856e+01 5.394752258188e+00 -2.827414391575e+00 -1.103213369805e+00 7.172632430202e+04
2.012530831536e+03 1.020000000000e+00 3.681507555516e+01 4.300000000000e+00 4.814625999147e+00 3.994822715487e+02 -1.883648361949e+00 -3.057081902323e+00 9.485317488147e+01 3.622082590642e+00 -9.447161920832e-01 -9.700881785947e-01 7.134907619018e+04
2.012530945576e+03 1.020000000000e+00 3.681507555516e+01 4.300000000000e+00 4.705092723779e+00 3.965639110606e+02 -6.859141544468e-01 -2.126468138502e+00 9.207156497696e+01 1.498253453362e+00 1.040293108416e+00 -5.410757638171e-01 7.087141142185e+04
2.012531059617e+03 1.020000000000e+00 3.681507555516e+01 4.300000000000e+00 4.609692804908e+00 3.933197519942e+02 1.128613974079e+00 -8.917888371795e-01 8.933273965839e+01 -9.855418457650e-01 3.212943449818e+00 1.448772708219e-01 7.018756051560e+04
2.012531173657e+03 1.020000000000e+00 3.681507555516e+01 4.300000000000e+00 4.527716941893e+00 3.898409779434e+02 3.225825056518e+00 2.992154270554e-01 8.603117437313e+01 -3.815543421701e+00 5.577059283836e+00 8.214044579918e-01 6.882006287433e+04
2.012531287697e+03 1.020000000000e+00 3.681507555516e+01 4.300000000000e+00 4.475656873307e+00 3.862759194279e+02 5.464116923667e+00 1.268396840924e+00 8.228004584564e+01 -6.956091043268e+00 8.104027777442e+00 1.316743723617e+00 6.658260314638e+04
2.012531401737e+03 1.020000000000e+00 3.681507555516e+01 4.300000000000e+00 4.468252580304e+00 3.827392164662e+02 7.747283522377e+00 1.984929991934e+00 7.827516202662e+01 -1.032932902012e+01 1.074346158677e+01 1.624076502170e+00 6.343353455354e+04
2.012531515778e+03 1.020000000000e+00 3.681507555516e+01 4.300000000000e+00 4.476779220841e+00 3.792832619838e+02 9.993784202191e+00 2.481497751807e+00 7.381689342869e+01 -1.382130360354e+01 1.341283889296e+01 1.801306285428e+00 5.969044838787e+04
2.012531629818e+03 1.020000000000e+00 3.681507555516e+01 4.300000000000e+00 4.486806911298e+00 3.759750008771e+02 1.211212274447e+01 2.731744026441e+00 6.852158273163e+01 -1.729781835955e+01 1.605170507250e+01 1.864154580613e+00 5.526988737169e+04
2.012531743858e+03 1.020000000000e+00 3.681507555516e+01 4.300000000000e+00 4.494505364074e+00 3.729269593400e+02 1.400581479476e+01 2.789406957587e+00 6.278061309354e+01 -2.063229765246e+01 1.860940069257e+01 1.814024014872e+00 5.054326289485e+04
2.012531857898e+03 1.020000000000e+00 3.681507555516e+01 4.300000000000e+00 4.504511847086e+00 3.702176134248e+02 1.559529517384e+01 2.705992847926e+00 5.706323472898e+01 -2.372667407667e+01 2.097872817217e+01 1.604097334633e+00 4.583882010356e+04
2.012531971939e+03 1.020000000000e+00 3.681507555516e+01 4.300000000000e+00 4.524392931453e+00 3.678712696154e+02 1.682551400714e+01 2.487581224662e+00 5.179938686390e+01 -2.651097638059e+01 2.308177839019e+01 1.211588991842e+00 4.144193964050e+04
2.012532085979e+03 1.020000000000e+00 3.681507555516e+01 4.300000000000e+00 4.560386501978e+00 3.658760023997e+02 1.767192855622e+01 2.158869932051e+00 4.732954055861e+01 -2.895061529112e+01 2.489774697253e+01 6.538143053951e-01 3.758993980866e+04
2.012532200019e+03 1.020000000000e+00 3.681507555516e+01 4.300000000000e+00 4.618657107697e+00 3.642403883746e+02 1.818295397853e+01 1.864106068570e+00 4.388296019537e+01 -3.105285862506e+01 2.645913951496e+01 9.698587071846e-02 3.443159290685e+04
2.012532314059e+03 1.020000000000e+00 3.681507555516e+01 4.300000000000e+00 4.703898121532e+00 3.629515824175e+02 1.841161744729e+01 1.694979042261e+00 4.140360460447e+01 -3.283575820639e+01 2.777201555915e+01 -3.453015729354e-01 3.190817537348e+04
2.012532428100e+03 1.020000000000e+00 3.681507555516e+01 4.300000000000e+00 4.807200979167e+00 3.620716636504e+02 1.839371671767e+01 1.631291666571e+00 3.975915749455e+01 -3.433531298878e+01 2.886579193544e+01 -6.113616157929e-01 2.998531538843e+04
2.012532542140e+03 1.020000000000e+00 3.681507555516e+01 4.300000000000e+00 4.910669678895e+00 3.616399817782e+02 1.814811524217e+01 1.651665427448e+00 3.862251312530e+01 -3.558923900930e+01 2.983914167232e+01 -7.260361078163e-01 2.850241387125e+04
2.012532656180e+03 1.020000000000e+00 3.681507555516e+01 4.300000000000e+00 5.036598918385e+00 3.617452358317e+02 1.753258374770e+01 1.820799767689e+00 3.818327324388e+01 -3.662211505967e+01 3.066551044165e+01 -7.289649462346e-01 2.746967092681e+04
2.012532770220e+03 1.020000000000e+00 3.681507555516e+01 4.300000000000e+00 5.163021914869e+00 3.624776734152e+02 1.647024441799e+01 2.195823687586e+00 3.845651900773e+01 -3.743129569920e+01 3.140932159126e+01 -5.795363686765e-01 2.699007349068e+04
2.012532884261e+03 1.020000000000e+00 3.781507555516e+01 4.400000000000e+00 5.172339108691e+00 3.591512748832e+02 1.787855962699e+01 2.182765300716e+00 3.945304377991e+01 -3.629644912622e+01 3.061221774142e+01 -6.791301193252e-01 2.764483958345e+04
2.012532998301e+03 1.020000000000e+00 3.781507555516e+01 4.400000000000e+00 5.361986165457e+00 3.600837324909e+02 1.663449065735e+01 2.601428087554e+00 4.011228791618e+01 -3.714003887970e+01 3.136108046683e+01 -4.005871301296e-01 2.709623728301e+04
2.012533112341e+03 1.020000000000e+00 3.781507555516e+01 4.400000000000e+00 5.564517299369e+00 3.616889967576e+02 1.497925400843e+01 3.160077373706e+00 4.155292499306e+01 -3.777368883547e+01 3.201547945762e+01 1.694357459635e-02 2.702622158957e+04
2.012533226381e+03 1.020000000000e+00 3.781507555516e+01 4.400000000000e+00 5.778236969038e+00 3.636266007366e+02 1.303128391022e+01 3.844055301113e+00 4.345715239358e+01 -3.820740608047e+01 3.255919833415e+01 6.060096430718e-01 2.717952172519e+04
2.012533340422e+03 1.020000000000e+00 3.781507555516e+01 4.400000000000e+00 6.062678097548e+00 3.661329442604e+02 1.068660083061e+01 4.567156091024e+00 4.637255256954e+01 -3.846080273146e+01 3.285201716162e+01 1.296754828738e+00 2.762368996766e+04
2.012533454462e+03 1.020000000000e+00 3.781507555516e+01 4.400000000000e+00 6.360493595399e+00 3.689616310450e+02 8.186076612338e+00 5.261568663033e+00 4.978228097354e+01 -3.857173071845e+01 3.293204280055e+01 2.015500728394e+00 2.827259107479e+04
2.012533568502e+03 1.020000000000e+00 3.781507555516e+01 4.400000000000e+00 6.600503985227e+00 3.718115877649e+02 5.713669467649e+00 5.892864820077e+00 5.313307441367e+01 -3.858396706369e+01 3.284516547528e+01 2.688496597545e+00 2.910084752893e+04
2.012533682542e+03 1.020000000000e+00 3.781507555516e+01 4.400000000000e+00 6.741885941407e+00 3.745002404241e+02 3.372479216659e+00 6.425164977683e+00 5.614092811707e+01 -3.854290324649e+01 3.261533954170e+01 3.248286360974e+00 3.014126526527e+04
2.012533796583e+03 1.020000000000e+00 3.781507555516e+01 4.400000000000e+00 6.816833785378e+00 3.768803533787e+02 1.236779086151e+00 6.843003913027e+00 5.862052298760e+01 -3.849648917041e+01 3.222415956129e+01 3.659049399592e+00 3.117551353980e+04
2.012533910623e+03 1.020000000000e+00 3.781507555516e+01 4.400000000000e+00 6.794995618652e+00 3.788602589764e+02 -6.129249154970e-01 7.154068111904e+00 6.039076625666e+01 -3.847548007323e+01 3.169210149396e+01 3.922639576674e+00 3.224447403578e+04
2.012534024663e+03 1.020000000000e+00 3.781507555516e+01 4.400000000000e+00 6.688732524041e+00 3.804225564993e+02 -2.151401773346e+00 7.367657586068e+00 6.132992277696e+01 -3.851198041834e+01 3.111241220655e+01 4.057764283142e+00 3.325890913572e+04
2.012534138703e+03 1.020000000000e+00 3.781507555516e+01 4.400000000000e+00 6.519368606754e+00 3.814748790600e+02 -3.356650719460e+00 7.498095341872e+00 6.129402934198e+01 -3.858990080330e+01 3.048254280279e+01 4.040866789875e+00 3.409059131060e+04
2.012534252744e+03 1.020000000000e+00 3.781507555516e+01 4.400000000000e+00 6.322764265871e+00 3.819540494492e+02 -4.292029893724e+00 7.561613614466e+00 6.034780008067e+01 -3.842875359583e+01 2.983075346646e+01 3.946481327052e+00 3.460112807271e+04
2.012534366784e+03 1.020000000000e+00 3.781507555516e+01 4.400000000000e+00 7.376443077937e+00 4.106349487547e+02 -2.686331426058e+00 -2.077403766276e+00 3.756463423213e+02 -3.973075307920e+01 3.703365009518e+01 5.180057612314e-02 1.566647262956e+05
2.012534480824e+03 1.020000000000e+00 3.781507555516e+01 4.400000000000e+00 1.517675177578e+01 5.445431589587e+02 5.898019002072e+00 -4.186030926275e+01 3.199160774831e+03 -4.698612209759e+01 9.194621956953e+01 -1.784480814613e+01 7.549218633206e+05
2.012534594864e+03 1.020000000000e+00 3.781507555516e+01 4.400000000000e+00 1.885777395536e+01 5.993772457771e+02 1.216409976255e+01 -5.510371657380e+01 4.925354253935e+03 -4.932951418315e+01 1.269767055696e+02 -2.419106209504e+01 9.461620231562e+05
2.012534708905e+03 1.020000000000e+00 3.781507555516e+01 4.400000000000e+00 1.814710832104e+01 6.025256349467e+02 1.371388790260e+01 -5.312763591016e+01 4.712482911833e+03 -4.548733515498e+01 1.257853399949e+02 -1.882614816615e+01 9.400628959062e+05
2.012534822945e+03 1.020000000000e+00 3.781507555516e+01 4.400000000000e+00 1.697016051918e+01 5.944073851929e+02 1.281204225768e+01 -4.757623638044e+01 4.126923744693e+03 -3.880333578504e+01 1.106502324525e+02 -9.044772368530e+00 8.805911307626e+05
2.012534936985e+03 1.020000000000e+00 3.781507555516e+01 4.400000000000e+00 1.676917938599e+01 5.890475393166e+02 6.696054950334e+00 -4.554283067986e+01 3.833654610205e+03 -3.377368336200e+01 7.304641596696e+01 -4.957941535598e+00 8.280366188767e+05
2.012535051025e+03 1.020000000000e+00 3.781507555516e+01 4.400000000000e+00 1.709766761145e+01 5.918659865475e+02 -7.571397803721e+00 -4.736320663362e+01 3.774842725542e+03 -2.997984171846e+01 1.391189216244e+01 -6.794412438728e+00 7.996556104933e+05
2.012535165066e+03 1.020000000000e+00 3.781507555516e+01 4.400000000000e+00 1.659828386912e+01 5.956987417509e+02 -2.184063511543e+01 -5.413095593641e+01 3.580483883443e+03 -2.746662216579e+01 -5.505629056990e+01 -2.252185090783e+01 7.814356890868e+05
2.012535279106e+03 1.020000000000e+00 3.781507555516e+01 4.400000000000e+00 1.439304656417e+01 5.951232368761e+02 -3.011380236050e+01 -5.907006620879e+01 2.978484470981e+03 -2.936476929663e+01 -1.109323284391e+02 -5.097307336560e+01 7.520230033853e+05
2.012535393146e+03 1.020000000000e+00 3.781507555516e+01 4.400000000000e+00 1.081526288468e+01 5.894038314507e+02 -3.188868174815e+01 -5.861740486656e+01 2.263133170058e+03 -4.218672341904e+01 -1.331098164829e+02 -8.064238448561e+01 7.633653887166e+05
2.012535507186e+03 1.020000000000e+00 3.781507555516e+01 4.400000000000e+00 7.616336506346e+00 5.801460406916e+02 -2.744294167937e+01 -5.151075721344e+01 1.649657346368e+03 -6.643967895342e+01 -1.289562134394e+02 -1.037664515525e+02 7.870867298359e+05
2.012535621227e+03 1.020000000000e+00 3.871507555516e+01 4.400000000000e+00 5.831556596865e+00 5.760711991489e+02 -1.919542252343e+01 -4.352163517582e+01 1.216417012168e+03 -8.852675811849e+01 -1.164310028804e+02 -1.214000443797e+02 7.539855592873e+05
2.012535735267e+03 1.020000000000e+00 3.871507555516e+01 4.400000000000e+00 4.665449570034e+00 5.698076290184e+02 1.195304863882e+01 -4.101480186307e+01 8.749829414110e+02 -1.106896384945e+02 -9.477532826097e+01 -1.414240561315e+02 6.771403918397e+05
2.012535849307e+03 1.020000000000e+00 3.871507555516e+01 4.400000000000e+00 4.117513691019e+00 5.648420751925e+02 3.680663882963e+01 -4.022930374031e+01 6.239034591161e+02 -1.257857165287e+02 -8.064278692640e+01 -1.542297990975e+02 5.479410484686e+05
2.012535963347e+03 1.020000000000e+00 3.871507555516e+01 4.400000000000e+00 3.899909571203e+00 5.588203862136e+02 4.800011885622e+01 -3.773772496666e+01 4.502738381892e+02 -1.364838120158e+02 -7.514296119779e+01 -1.587255203269e+02 4.179737814572e+05
2.012536077388e+03 1.020000000000e+00 3.871507555516e+01 4.400000000000e+00 3.774180064029e+00 5.541490072227e+02 4.981153523401e+01 -3.082287257343e+01 3.249494102089e+02 -1.452083652143e+02 -7.692563684508e+01 -1.577049885935e+02 3.117533718074e+05
2.012536191428e+03 1.020000000000e+00 3.871507555516e+01 4.400000000000e+00 3.641127515122e+00 5.519911889038e+02 4.755969188411e+01 -1.792824694603e+01 2.249495105725e+02 -1.525815706742e+02 -8.932841974422e+01 -1.509039956948e+02 2.236118892164e+05
2.012536305468e+03 1.020000000000e+00 3.871507555516e+01 4.400000000000e+00 3.440207284902e+00 5.515637055508e+02 4.393709141973e+01 -1.307851899606e+00 1.485097405914e+02 -1.588484578711e+02 -1.073154128120e+02 -1.365309491983e+02 1.558814314928e+05
2.012536419508e+03 1.020000000000e+00 3.871507555516e+01 4.400000000000e+00 3.085130787704e+00 5.543781266448e+02 4.244369494972e+01 1.298128911069e+01 9.391664548951e+01 -1.646309682841e+02 -1.246098001380e+02 -1.191927155113e+02 1.095575347100e+05
2.012536533549e+03 1.020000000000e+00 3.871507555516e+01 4.400000000000e+00 2.593932293294e+00 5.561007658678e+02 4.437562541683e+01 2.133105736074e+01 5.658861565755e+01 -1.696690589166e+02 -1.368426970852e+02 -1.009117415263e+02 7.838335099757e+04
2.012536647589e+03 1.020000000000e+00 3.871507555516e+01 4.400000000000e+00 2.126598908937e+00 5.550042515625e+02 4.946968451416e+01 2.363155442874e+01 3.448864632088e+01 -1.748054439468e+02 -1.433355208850e+02 -8.303631672392e+01 5.847263031804e+04
2.012536761629e+03 1.020000000000e+00 3.871507555516e+01 4.400000000000e+00 1.771250568896e+00 5.529368189523e+02 5.426519320803e+01 2.156513698039e+01 2.344822113895e+01 -1.795435526353e+02 -1.467519718008e+02 -6.578994045141e+01 4.795275595235e+04
2.012536875669e+03 1.020000000000e+00 3.871507555516e+01 4.400000000000e+00 1.533492023109e+00 5.500008802178e+02 5.644024734828e+01 1.646086081905e+01 1.818253553714e+01 -1.836258544353e+02 -1.486092539988e+02 -4.876790728997e+01 4.304663787157e+04
2.012536989709e+03 1.020000000000e+00 3.871507555516e+01 4.400000000000e+00 1.329661907518e+00 5.456126079212e+02 5.745682082081e+01 1.121810766807e+01 1.485393646956e+01 -1.874284820011e+02 -1.485081071356e+02 -3.127235129743e+01 4.072399685651e+04
2.012537103750e+03 1.020000000000e+00 3.871507555516e+01 4.400000000000e+00 1.138987596758e+00 5.400971255366e+02 5.681669599203e+01 6.105351356814e+00 1.263943626852e+01 -1.906463427971e+02 -1.467191271931e+02 -1.364971018855e+01 4.045075744868e+04
2.012537217790e+03 1.020000000000e+00 3.871507555516e+01 4.400000000000e+00 1.018915547368e+00 5.331833358612e+02 5.477472721547e+01 1.265573280180e+00 1.165110146037e+01 -1.929280772357e+02 -1.432726315013e+02 3.994693523578e+00 4.162972028009e+04
2.012537331830e+03 1.020000000000e+00 3.871507555516e+01 4.400000000000e+00 9.527021260177e-01 5.264988135443e+02 5.216960202521e+01 -2.973951471933e+00 1.108904016659e+01 -1.941346458023e+02 -1.386815403425e+02 2.153235076598e+01 4.234835428985e+04
2.012537445870e+03 1.020000000000e+00 3.871507555516e+01 4.400000000000e+00 9.092673378097e-01 5.189372427279e+02 5.034186453230e+01 -6.635759938185e+00 1.062813893463e+01 -1.943253558908e+02 -1.323299341428e+02 3.858214499043e+01 4.250732951427e+04
2.012537559911e+03 1.020000000000e+00 3.871507555516e+01 4.400000000000e+00 8.693862219212e-01 5.111169449200e+02 4.845774779003e+01 -9.633730635044e+00 1.057940400685e+01 -1.937108145717e+02 -1.247951837213e+02 5.481921332143e+01 4.422358576426e+04
2.012537673951e+03 1.020000000000e+00 3.871507555516e+01 4.400000000000e+00 8.261545365688e-01 5.038966868423e+02 4.648284659558e+01 -1.180475076891e+01 1.064535968932e+01 -1.923851684146e+02 -1.164705187496e+02 7.013359519640e+01 4.681100484624e+04
2.012537787991e+03 1.020000000000e+00 3.871507555516e+01 4.400000000000e+00 7.835169936763e-01 4.970398325709e+02 4.521637697812e+01 -1.328360645371e+01 1.047002667692e+01 -1.901923645714e+02 -1.073251683974e+02 8.416214904123e+01 4.849764661691e+04
2.012537902031e+03 1.020000000000e+00 3.871507555516e+01 4.400000000000e+00 7.436391624481e-01 4.906094190548e+02 4.479605825054e+01 -1.434092826912e+01 1.014101186841e+01 -1.872541269623e+02 -9.756189940229e+01 9.665494377318e+01 4.946709232580e+04
2.012538016072e+03 1.020000000000e+00 3.871507555516e+01 4.400000000000e+00 7.103419406451e-01 4.845549837276e+02 4.496113287706e+01 -1.506448444153e+01 9.768490867877e+00 -1.838868107744e+02 -8.753936821517e+01 1.075959248513e+02 4.986215035803e+04
2.012538130112e+03 1.020000000000e+00 3.871507555516e+01 4.400000000000e+00 6.830492717411e-01 4.789029681428e+02 4.583666329493e+01 -1.546724527845e+01 9.310004563973e+00 -1.792627923865e+02 -7.755438864149e+01 1.169865227326e+02 4.940882138439e+04
2.012538244152e+03 1.020000000000e+00 3.871507555516e+01 4.400000000000e+00 6.588808948173e-01 4.738317175198e+02 4.701660164709e+01 -1.595920803590e+01 8.840643866874e+00 -1.732466305935e+02 -6.783011986860e+01 1.248090321129e+02 4.862899008013e+04
2.012538358192e+03 1.020000000000e+00 3.971507555516e+01 4.500000000000e+00 6.552465508942e-01 4.603469726679e+02 4.769500613814e+01 -1.999902679976e+01 8.126360134678e+00 -1.643597047056e+02 -5.809791699491e+01 1.427586726157e+02 4.495358021634e+04
2.012538472233e+03 1.020000000000e+00 3.971507555516e+01 4.500000000000e+00 6.332496889659e-01 4.554216208585e+02 4.946708189779e+01 -2.051062378666e+01 7.624162092787e+00 -1.569788546565e+02 -4.868516381248e+01 1.473744940996e+02 4.363687485255e+04
2.012538586273e+03 1.020000000000e+00 3.971507555516e+01 4.500000000000e+00 6.128283784061e-01 4.510264225617e+02 5.130263059920e+01 -2.120700347186e+01 7.254817177641e+00 -1.495562922601e+02 -4.004534265995e+01 1.506092278938e+02 4.290536710579e+04
2.012538700313e+03 1.020000000000e+00 3.971507555516e+01 4.500000000000e+00 5.923715054332e-01 4.473726860505e+02 5.313618077944e+01 -2.215033857453e+01 7.002390945880e+00 -1.423630866555e+02 -3.226527150626e+01 1.526465490632e+02 4.284585516794e+04
2.012538814353e+03 1.020000000000e+00 3.971507555516e+01 4.500000000000e+00 5.692271742146e-01 4.444798039802e+02 5.462728190836e+01 -2.320208646040e+01 6.868854132447e+00 -1.355601893808e+02 -2.524830680809e+01 1.536901926488e+02 4.375385423799e+04
2.012538928394e+03 1.020000000000e+00 3.971507555516e+01 4.500000000000e+00 5.412708452635e-01 4.420511760614e+02 5.582701955286e+01 -2.434842902704e+01 6.752618497058e+00 -1.291055895634e+02 -1.892121607481e+01 1.538875469700e+02 4.524924966220e+04
2.012539042434e+03 1.020000000000e+00 3.971507555516e+01 4.500000000000e+00 5.101399459838e-01 4.399076275804e+02 5.685438045018e+01 -2.561194868671e+01 6.608701753753e+00 -1.230694261529e+02 -1.326313866437e+01 1.534234250038e+02 4.698256108439e+04
2.012539156474e+03 1.020000000000e+00 3.971507555516e+01 4.500000000000e+00 4.800172388932e-01 4.377975147563e+02 5.793965322968e+01 -2.707215408045e+01 6.414872721013e+00 -1.174296953390e+02 -8.182708688400e+00 1.524312248008e+02 4.845243981606e+04
2.012539270514e+03 1.020000000000e+00 3.971507555516e+01 4.500000000000e+00 4.527488782773e-01 4.357724981444e+02 5.919008695386e+01 -2.869114111869e+01 6.198529544470e+00 -1.122324360537e+02 -3.588097907409e+00 1.510545363407e+02 4.962833481726e+04
2.012539384555e+03 1.020000000000e+00 3.971507555516e+01 4.500000000000e+00 4.269167312015e-01 4.338671094044e+02 6.076599432546e+01 -3.042839386279e+01 5.925374794466e+00 -1.075022931877e+02 5.421468782507e-01 1.494113493736e+02 5.029574237330e+04
2.012539498595e+03 1.020000000000e+00 3.971507555516e+01 4.500000000000e+00 4.011002298131e-01 4.320442344179e+02 6.251186956519e+01 -3.235288011255e+01 5.536507238079e+00 -1.032619521090e+02 4.267373039075e+00 1.475833317462e+02 5.001079305042e+04
2.012539612635e+03 1.020000000000e+00 3.971507555516e+01 4.500000000000e+00 3.752647695309e-01 4.301989333761e+02 6.418075415472e+01 -3.433489523180e+01 5.100324197245e+00 -9.937899685729e+01 7.675392152113e+00 1.456093157312e+02 4.923349499566e+04
2.012539726675e+03 1.020000000000e+00 3.971507555516e+01 4.500000000000e+00 3.506379665449e-01 4.283608332001e+02 6.553202851396e+01 -3.615722284768e+01 4.667073915384e+00 -9.569012910663e+01 1.083007949825e+01 1.435226800417e+02 4.821307638039e+04
2.012539840716e+03 1.020000000000e+00 3.971507555516e+01 4.500000000000e+00 3.278201790394e-01 4.264457480953e+02 6.636573989641e+01 -3.769067948147e+01 4.305581080513e+00 -9.216869233451e+01 1.381832089251e+01 1.413452857996e+02 4.758942927918e+04
2.012539954756e+03 1.020000000000e+00 3.971507555516e+01 4.500000000000e+00 3.041989516444e-01 4.244876726953e+02 6.668137784528e+01 -3.882714184260e+01 4.060030857897e+00 -8.880670340778e+01 1.677230000774e+01 1.390903592850e+02 4.839098221001e+04
2.012540068796e+03 1.020000000000e+00 3.971507555516e+01 4.500000000000e+00 2.794012973093e-01 4.222982504536e+02 6.593952552320e+01 -3.940628973569e+01 3.929441056215e+00 -8.556499609061e+01 1.999217662886e+01 1.367540102590e+02 5.100555946212e+04
2.012540182836e+03 1.020000000000e+00 3.971507555516e+01 4.500000000000e+00 2.602768308362e-01 4.194702763553e+02 6.387748236985e+01 -3.901018785528e+01 4.020509971501e+00 -8.242053298357e+01 2.386445436218e+01 1.342540891263e+02 5.601506843766e+04
2.012540296877e+03 1.020000000000e+00 3.971507555516e+01 4.500000000000e+00 2.466840884368e-01 4.161488701527e+02 5.915973540892e+01 -3.793763138090e+01 4.454101025392e+00 -7.924363962225e+01 2.846698953869e+01 1.315687979955e+02 6.545383961046e+04
2.012540410917e+03 1.020000000000e+00 3.971507555516e+01 4.500000000000e+00 2.368574759194e-01 4.116846785103e+02 5.200029073593e+01 -3.655121971156e+01 5.071385418932e+00 -7.573938569688e+01 3.385817280335e+01 1.286716209565e+02 7.761352454888e+04
2.012540524957e+03 1.020000000000e+00 3.971507555516e+01 4.500000000000e+00 2.294241605578e-01 4.064801510448e+02 4.316498960899e+01 -3.380413258728e+01 5.592064497323e+00 -7.177282902241e+01 3.993996681891e+01 1.255128054613e+02 8.837089944871e+04
2.012540638997e+03 1.020000000000e+00 3.971507555516e+01 4.500000000000e+00 2.238095641202e-01 4.007742033976e+02 3.383931653936e+01 -3.018954951876e+01 5.933076573761e+00 -6.751040702033e+01 4.644111428807e+01 1.219918003731e+02 9.621479118139e+04
2.012540753038e+03 1.020000000000e+00 3.971507555516e+01 4.500000000000e+00 2.190175643487e-01 3.947357659957e+02 2.575640370519e+01 -2.603223820209e+01 5.991649182200e+00 -6.316269262895e+01 5.279202126779e+01 1.181969001656e+02 9.943536441737e+04
2.012540867078e+03 1.020000000000e+00 3.971507555516e+01 4.500000000000e+00 2.133475919199e-01 3.888658219649e+02 1.985731331898e+01 -2.171145900214e+01 5.875470641928e+00 -5.878396706380e+01 5.848795496535e+01 1.142109576644e+02 1.001787060928e+05
2.012540981118e+03 1.020000000000e+00 3.971507555516e+01 4.500000000000e+00 2.091927026158e-01 3.834500499718e+02 1.643249234282e+01 -1.817635407116e+01 5.652593982406e+00 -5.457518070026e+01 6.322087574250e+01 1.101942453152e+02 9.847639498328e+04
2.012541095158e+03 1.020000000000e+00 4.061507555516e+01 4.600000000000e+00 2.308806524816e-01 3.759101195394e+02 1.461354209877e+01 -1.489955144281e+01 4.648326980853e+00 -4.385622806003e+01 6.912974520183e+01 1.084959554148e+02 7.371244757684e+04
2.012541209199e+03 1.020000000000e+00 4.061507555516e+01 4.600000000000e+00 2.424180030670e-01 3.735556544634e+02 1.668099722960e+01 -1.356145459589e+01 4.330338867638e+00 -4.060616905109e+01 7.152041940483e+01 1.047264618245e+02 6.539254716617e+04
2.012541323239e+03 1.020000000000e+00 4.061507555516e+01 4.600000000000e+00 2.642946222560e-01 3.717838100589e+02 2.021231994079e+01 -1.207721069868e+01 4.148829695749e+00 -3.784273743760e+01 7.319461882783e+01 1.011374535135e+02 5.749630703063e+04
2.012541437279e+03 1.020000000000e+00 4.061507555516e+01 4.600000000000e+00 2.930684747024e-01 3.703338822926e+02 2.394676095897e+01 -1.011573028546e+01 4.052650460541e+00 -3.552121074931e+01 7.439178946603e+01 9.772099297740e+01 5.066235847035e+04
2.012541551319e+03 1.020000000000e+00 4.061507555516e+01 4.600000000000e+00 3.242577773916e-01 3.689871252486e+02 2.754338025110e+01 -7.626593216304e+00 3.999829750864e+00 -3.363698009369e+01 7.525028274444e+01 9.444835719915e+01 4.521002680086e+04
2.012541665360e+03 1.020000000000e+00 4.061507555516e+01 4.600000000000e+00 3.527449413092e-01 3.674844334939e+02 3.074271938483e+01 -4.699208099041e+00 3.993148308821e+00 -3.215715879851e+01 7.584589928667e+01 9.136135338515e+01 4.147816389184e+04
2.012541779400e+03 1.020000000000e+00 4.061507555516e+01 4.600000000000e+00 3.725845232750e-01 3.658580366146e+02 3.345607180023e+01 -1.747091251223e+00 3.995850971766e+00 -3.095907799362e+01 7.623705887014e+01 8.844576991593e+01 3.925747942477e+04
2.012541893440e+03 1.020000000000e+00 4.061507555516e+01 4.600000000000e+00 3.824655928272e-01 3.642029971199e+02 3.568589277760e+01 7.751911204988e-01 4.009567117131e+00 -2.997632072617e+01 7.651015736435e+01 8.565136818652e+01 3.835652914003e+04
2.012542007480e+03 1.020000000000e+00 4.061507555516e+01 4.600000000000e+00 3.829536033011e-01 3.626069063921e+02 3.758647214354e+01 2.413678802230e+00 4.106610654559e+00 -2.917263752602e+01 7.666532277770e+01 8.296595645641e+01 3.919374586783e+04
2.012542121521e+03 1.020000000000e+00 4.061507555516e+01 4.600000000000e+00 3.769574818700e-01 3.610742068459e+02 3.932852529251e+01 3.130988065397e+00 4.469130552114e+00 -2.852172641386e+01 7.667561195710e+01 8.040835313725e+01 4.326962191520e+04
2.012542235561e+03 1.020000000000e+00 4.061507555516e+01 4.600000000000e+00 3.667191978535e-01 3.598856238554e+02 4.044073728352e+01 2.746299066893e+00 5.764917907192e+00 -2.798048188682e+01 7.646527038667e+01 7.801659137709e+01 5.747391431459e+04
2.012542349601e+03 1.020000000000e+00 4.061507555516e+01 4.600000000000e+00 3.488610801863e-01 3.595493367660e+02 4.036728041455e+01 5.093374559334e-01 8.634840637078e+00 -2.752375295421e+01 7.596443912802e+01 7.580235316243e+01 9.061158002159e+04
2.012542463641e+03 1.020000000000e+00 4.061507555516e+01 4.600000000000e+00 3.255990790979e-01 3.601962025790e+02 3.831047476045e+01 -5.533370444822e+00 1.263813978516e+01 -2.725177636085e+01 7.523861704786e+01 7.366699059381e+01 1.417444084892e+05
2.012542577682e+03 1.020000000000e+00 4.061507555516e+01 4.600000000000e+00 3.041686045545e-01 3.626219223983e+02 3.159405228188e+01 -1.353377470145e+01 1.709586973352e+01 -2.719412658051e+01 7.404581163586e+01 7.185744376885e+01 2.044214667353e+05
2.012542691722e+03 1.020000000000e+00 4.061507555516e+01 4.600000000000e+00 2.894749614365e-01 3.656323139564e+02 2.207147232288e+01 -2.183957066524e+01 2.138031184202e+01 -2.763695299618e+01 7.247076808084e+01 7.051831589452e+01 2.679788119095e+05
2.012542805762e+03 1.020000000000e+00 4.061507555516e+01 4.600000000000e+00 2.805033451513e-01 3.683264659371e+02 1.195147986887e+01 -2.740485763293e+01 2.488694920048e+01 -2.875789512802e+01 7.045506363640e+01 6.962337098415e+01 3.215839530577e+05
2.012542919802e+03 1.020000000000e+00 4.061507555516e+01 4.600000000000e+00 2.745214300903e-01 3.705153944831e+02 3.321603029656e+00 -2.967255390699e+01 2.718293437775e+01 -3.038883210288e+01 6.827095677428e+01 6.909366222559e+01 3.586505850289e+05
2.012543033843e+03 1.020000000000e+00 4.061507555516e+01 4.600000000000e+00 2.716167080711e-01 3.722461287548e+02 -1.913966973525e+00 -3.010894886830e+01 2.826684661037e+01 -3.220675199369e+01 6.617299855006e+01 6.883593154286e+01 3.768289699373e+05
2.012543147883e+03 1.020000000000e+00 4.061507555516e+01 4.600000000000e+00 2.895395157123e-01 3.732513188189e+02 -3.638795172865e+00 -2.970489986009e+01 2.878858536710e+01 -3.390231222964e+01 6.433573831431e+01 6.859543826959e+01 3.659584298126e+05
2.012543261923e+03 1.020000000000e+00 4.061507555516e+01 4.600000000000e+00 3.910393442997e-01 3.737085144820e+02 -3.650755030294e+00 -2.811675605374e+01 2.945841859584e+01 -3.537277202385e+01 6.289600802311e+01 6.820165595203e+01 3.085226767535e+05
2.012543375963e+03 1.020000000000e+00 4.061507555516e+01 4.600000000000e+00 7.561394125504e-01 3.733510535376e+02 -2.767205317012e+00 -2.540352104996e+01 3.080091061661e+01 -3.664136967756e+01 6.182794031239e+01 6.763171839410e+01 1.616062012785e+05
2.012543490004e+03 1.020000000000e+00 4.061507555516e+01 4.600000000000e+00 1.352776697886e+00 3.724664089030e+02 -1.019445941223e+00 -2.260385836046e+01 3.314475182359e+01 -3.778744883920e+01 6.109010419210e+01 6.709895634134e+01 9.262914470784e+04
2.012543604044e+03 1.020000000000e+00 4.061507555516e+01 4.600000000000e+00 2.068395285524e+00 3.714319678303e+02 1.323978233590e+00 -1.996687841724e+01 3.654563299512e+01 -3.885583298725e+01 6.058614505496e+01 6.684164340324e+01 6.540000031648e+04
2.012543718084e+03 1.020000000000e+00 4.161507555516e+01 4.700000000000e+00 2.769188342836e+00 3.693178777494e+02 3.856067440029e+00 -1.770692911113e+01 4.083840098949e+01 -3.985468610250e+01 5.876112853441e+01 6.800533877935e+01 5.405363825788e+04
2.012543832124e+03 1.020000000000e+00 4.161507555516e+01 4.700000000000e+00 3.546749414992e+00 3.684952448081e+02 6.525937193866e+00 -1.583351132162e+01 4.439901818184e+01 -4.106710540347e+01 5.940977035842e+01 6.827105014096e+01 4.566125325414e+04
2.012543946165e+03 1.020000000000e+00 4.161507555516e+01 4.700000000000e+00 4.302644527800e+00 3.677639886599e+02 9.066776118910e+00 -1.482613432682e+01 4.736908289368e+01 -4.240075519326e+01 6.095090768983e+01 6.858246304081e+01 4.003334047917e+04
2.012544060205e+03 1.020000000000e+00 4.161507555516e+01 4.700000000000e+00 4.983370384110e+00 3.672212443194e+02 1.092207328915e+01 -1.426745934652e+01 4.981256116893e+01 -4.386152576305e+01 6.301510184317e+01 6.921275579641e+01 3.626237534916e+04
2.012544174245e+03 1.020000000000e+00 4.161507555516e+01 4.700000000000e+00 5.542212469549e+00 3.669543138834e+02 1.193632910213e+01 -1.391164580295e+01 5.235389840691e+01 -4.535831601671e+01 6.538481219396e+01 7.009232657458e+01 3.420965451161e+04
2.012544288285e+03 1.020000000000e+00 4.161507555516e+01 4.700000000000e+00 6.070502496589e+00 3.670414021344e+02 1.227840873342e+01 -1.390757375092e+01 5.731387021852e+01 -4.671449145827e+01 6.806774949750e+01 7.053769717488e+01 3.409943616687e+04
2.012544402326e+03 1.020000000000e+00 4.161507555516e+01 4.700000000000e+00 7.013910081827e+00 3.676342619386e+02 1.214474076262e+01 -1.494762455341e+01 7.057256415085e+01 -4.770760042113e+01 7.051572919617e+01 7.007165680915e+01 3.619487805923e+04
2.012544516366e+03 1.020000000000e+00 4.161507555516e+01 4.700000000000e+00 8.556753627825e+00 3.685602894283e+02 1.097994031819e+01 -1.718197740635e+01 9.509715339834e+01 -4.821912853399e+01 7.241078162188e+01 6.913673342751e+01 3.996481279423e+04
2.012544630406e+03 1.020000000000e+00 4.161507555516e+01 4.700000000000e+00 1.039063200913e+01 3.697300264145e+02 8.160793838012e+00 -1.983268035736e+01 1.276347214621e+02 -4.828143334800e+01 7.428341291129e+01 6.786821643303e+01 4.424625437762e+04
2.012544744446e+03 1.020000000000e+00 4.161507555516e+01 4.700000000000e+00 1.229788521647e+01 3.711359466032e+02 4.248341848758e+00 -2.225468544295e+01 1.649365594339e+02 -4.801984202705e+01 7.686954258730e+01 6.530396651672e+01 4.838783367185e+04
2.012544858487e+03 1.020000000000e+00 4.161507555516e+01 4.700000000000e+00 1.407896228616e+01 3.725163665239e+02 -3.752329825040e-02 -2.412375779176e+01 2.038919365412e+02 -4.756248980278e+01 8.007503872318e+01 6.000776431163e+01 5.230780132176e+04
2.012544972527e+03 1.020000000000e+00 4.161507555516e+01 4.700000000000e+00 1.541314366281e+01 3.739038708239e+02 -4.136652638557e+00 -2.522364097154e+01 2.411667178523e+02 -4.700213371159e+01 8.340214454348e+01 5.292031728070e+01 5.659827138887e+04
2.012545086567e+03 1.020000000000e+00 4.161507555516e+01 4.700000000000e+00 1.586411986679e+01 3.753791755104e+02 -7.945773554793e+00 -2.569900374220e+01 2.715187599101e+02 -4.636542287682e+01 8.644710457132e+01 4.540479943458e+01 6.197203513023e+04
2.012545200607e+03 1.020000000000e+00 4.161507555516e+01 4.700000000000e+00 1.582110260112e+01 3.768946327135e+02 -1.130426247520e+01 -2.575079884133e+01 2.927575227346e+02 -4.567236007574e+01 8.885136591484e+01 3.832068746992e+01 6.701968647392e+04
2.012545314648e+03 1.020000000000e+00 4.161507555516e+01 4.700000000000e+00 1.558385002972e+01 3.783953966443e+02 -1.410856998820e+01 -2.552268542364e+01 3.046983495825e+02 -4.498212402112e+01 9.040386238709e+01 3.219455242850e+01 7.081777351442e+04
2.012545428688e+03 1.020000000000e+00 4.161507555516e+01 4.700000000000e+00 1.520137489071e+01 3.799726623253e+02 -1.630490838490e+01 -2.483173184117e+01 3.091565985983e+02 -4.432155899482e+01 9.120559722971e+01 2.715701027071e+01 7.368538383802e+04
2.012545542728e+03 1.020000000000e+00 4.161507555516e+01 4.700000000000e+00 1.440929216810e+01 3.823706008573e+02 -1.769184176294e+01 -2.310038667232e+01 3.066786540368e+02 -4.365942171998e+01 9.077922711785e+01 2.247818625007e+01 7.721192477419e+04
2.012545656768e+03 1.020000000000e+00 4.161507555516e+01 4.700000000000e+00 1.305996942116e+01 3.869230086701e+02 -1.828119733137e+01 -2.071137935916e+01 2.953247363438e+02 -4.282113318309e+01 8.823652638699e+01 1.744666566553e+01 8.195418789367e+04
2.012545770809e+03 1.020000000000e+00 4.161507555516e+01 4.700000000000e+00 1.138151164738e+01 3.947868743554e+02 -1.807853981098e+01 -1.782201348992e+01 2.630820718549e+02 -4.153930665298e+01 7.972835832419e+01 1.226967658589e+01 8.340095621988e+04
2.012545884849e+03 1.020000000000e+00 4.161507555516e+01 4.700000000000e+00 9.503402287114e+00 4.060080762974e+02 -1.620636812319e+01 -1.393240693158e+01 2.025811775115e+02 -3.958737619703e+01 6.546580481413e+01 8.201047216615e+00 7.666898583690e+04
2.012545998889e+03 1.020000000000e+00 4.161507555516e+01 4.700000000000e+00 7.721461538294e+00 4.187214375284e+02 -1.128557837492e+01 -9.472088696421e+00 1.445378247869e+02 -3.759996434011e+01 5.123304131711e+01 5.451857892140e+00 6.736240497224e+04
2.012546112929e+03 1.020000000000e+00 4.161507555516e+01 4.700000000000e+00 6.406985126220e+00 4.293061671825e+02 -6.185042647535e+00 -5.882890423396e+00 1.046434058165e+02 -3.601135234350e+01 4.075106018725e+01 3.449507129245e+00 5.902248434694e+04
2.012546226970e+03 1.020000000000e+00 4.161507555516e+01 4.700000000000e+00 5.739355299809e+00 4.352636424606e+02 -3.431402305753e+00 -3.938206107080e+00 8.654057847280e+01 -3.502243761989e+01 3.535914948012e+01 2.234666490110e+00 5.459090697908e+04
2.012546341010e+03 1.020000000000e+00 4.161507555516e+01 4.700000000000e+00 5.457420146493e+00 4.377089579775e+02 -2.353571876268e+00 -3.180983798117e+00 7.975563066191e+01 -3.443135441328e+01 3.316389556123e+01 1.721901040271e+00 5.292335464754e+04
2.012546455050e+03 1.020000000000e+00 4.251507555516e+01 4.800000000000e+00 5.308961239054e+00 4.390882531463e+02 -1.965865911633e+00 -2.889588038013e+00 7.662424053468e+01 -3.414405218857e+01 3.219595547389e+01 1.532477081289e+00 5.226855437091e+04
2.012546569090e+03 1.020000000000e+00 4.251507555516e+01 4.800000000000e+00 5.204378635240e+00 4.398426902679e+02 -1.698442013667e+00 -2.720113029067e+00 7.435144402856e+01 -3.421848756300e+01 3.158085550109e+01 1.389005426748e+00 5.173753433457e+04
2.012546683131e+03 1.020000000000e+00 4.251507555516e+01 4.800000000000e+00 5.126830752326e+00 4.404151364500e+02 -1.482391980365e+00 -2.615686872123e+00 7.268896829910e+01 -3.433973034847e+01 3.116400138057e+01 1.280490042121e+00 5.134526528184e+04
2.012546797171e+03 1.020000000000e+00 4.251507555516e+01 4.800000000000e+00 5.093066001592e+00 4.409290728414e+02 -1.176599446639e+00 -2.541400283180e+00 7.197092901101e+01 -3.436317024638e+01 3.082147459081e+01 1.154832432541e+00 5.117436313538e+04
2.012546911211e+03 1.020000000000e+00 4.251507555516e+01 4.800000000000e+00 5.086587256661e+00 4.414278674103e+02 -7.861798566741e-01 -2.510122649062e+00 7.184388004511e+01 -3.433710327097e+01 3.051956667540e+01 9.776897103093e-01 5.114897956985e+04
2.012547025251e+03 1.020000000000e+00 4.251507555516e+01 4.800000000000e+00 5.085421094523e+00 4.419783752975e+02 -4.176401100600e-01 -2.495566491052e+00 7.183915379935e+01 -3.432752666398e+01 3.028032395772e+01 7.879417845722e-01 5.115716083964e+04
2.012547139292e+03 1.020000000000e+00 4.251507555516e+01 4.800000000000e+00 5.091056443039e+00 4.426037298552e+02 -9.621790154254e-02 -2.486177970109e+00 7.198256085417e+01 -3.436172138845e+01 3.015747252801e+01 6.000389636598e-01 5.120224195924e+04
2.012547253332e+03 1.020000000000e+00 4.251507555516e+01 4.800000000000e+00 5.106759651537e+00 4.433203393102e+02 1.746296661841e-01 -2.481316003688e+00 7.234225997839e+01 -3.444070016585e+01 3.017350956654e+01 4.136967099507e-01 5.129947417393e+04
2.012547367372e+03 1.020000000000e+00 4.251507555516e+01 4.800000000000e+00 5.136386197335e+00 4.441044768529e+02 3.715456519491e-01 -2.482419752341e+00 7.300784329088e+01 -3.455796901272e+01 3.021658644135e+01 2.316690929653e-01 5.147200666809e+04
2.012547481412e+03 1.020000000000e+00 4.251507555516e+01 4.800000000000e+00 5.188064140920e+00 4.448859423268e+02 4.677041077433e-01 -2.495590386122e+00 7.414899571042e+01 -3.470416961497e+01 3.032435843756e+01 6.252850560736e-02 5.175482273071e+04
2.012547595453e+03 1.020000000000e+00 4.251507555516e+01 4.800000000000e+00 5.263866403221e+00 4.456472840218e+02 5.053978514633e-01 -2.517581557290e+00 7.581508321639e+01 -3.486174879129e+01 3.052241681442e+01 -8.453186600801e-02 5.215509226840e+04
2.012547709493e+03 1.020000000000e+00 4.251507555516e+01 4.800000000000e+00 5.356445552616e+00 4.464693189749e+02 5.219496932429e-01 -2.541518262993e+00 7.785699583940e+01 -3.500149270982e+01 3.073115457512e+01 -2.043444287794e-01 5.263359099735e+04
2.012547823533e+03 1.020000000000e+00 4.251507555516e+01 4.800000000000e+00 5.462857589159e+00 4.473861000107e+02 5.214497714929e-01 -2.565423787815e+00 8.022987698839e+01 -3.508872501699e+01 3.091267958755e+01 -2.944551065911e-01 5.318070102593e+04
2.012547937573e+03 1.020000000000e+00 4.251507555516e+01 4.800000000000e+00 5.582827421883e+00 4.484042625408e+02 4.597764185423e-01 -2.587793216606e+00 8.293782721248e+01 -3.509362381522e+01 3.105707698264e+01 -3.543149357198e-01 5.379369242862e+04
2.012548051613e+03 1.020000000000e+00 4.251507555516e+01 4.800000000000e+00 5.716128492204e+00 4.495165295971e+02 3.380649745382e-01 -2.603599295632e+00 8.598662666659e+01 -3.500116716815e+01 3.116964806504e+01 -3.898920172170e-01 5.446994305574e+04
2.012548165654e+03 1.020000000000e+00 4.251507555516e+01 4.800000000000e+00 5.861472135177e+00 4.507148148034e+02 1.826750756475e-01 -2.619493009248e+00 8.935817218903e+01 -3.481139659569e+01 3.125706750713e+01 -4.029120152652e-01 5.520153743385e+04
2.012548279694e+03 1.020000000000e+00 4.251507555516e+01 4.800000000000e+00 6.014557632752e+00 4.520018858896e+02 6.728198947877e-03 -2.637017764719e+00 9.302152811140e+01 -3.453840448795e+01 3.132979074706e+01 -4.049263559474e-01 5.600116238293e+04
2.012548393734e+03 1.020000000000e+00 4.251507555516e+01 4.800000000000e+00 6.145076889486e+00 4.533943769831e+02 -1.826354220937e-01 -2.659055375992e+00 9.694532383832e+01 -3.420432407326e+01 3.140484129829e+01 -3.862528620813e-01 5.712285278945e+04
2.012548507774e+03 1.020000000000e+00 4.251507555516e+01 4.800000000000e+00 6.230491583665e+00 4.549055069898e+02 -3.927153471075e-01 -2.695763422814e+00 1.010883467049e+02 -3.382976985788e+01 3.149212109437e+01 -2.850306939069e-01 5.874768833526e+04
2.012548621815e+03 1.020000000000e+00 4.251507555516e+01 4.800000000000e+00 6.301813883355e+00 4.565188572996e+02 -6.503562744254e-01 -2.735579058575e+00 1.053633449153e+02 -3.342570206493e+01 3.157597293817e+01 -8.762493466293e-02 6.053932100195e+04
2.012548735855e+03 1.020000000000e+00 4.251507555516e+01 4.800000000000e+00 6.372069190482e+00 4.581853693151e+02 -9.895408623247e-01 -2.804133402738e+00 1.095967455808e+02 -3.299401792108e+01 3.160528072923e+01 1.561252356875e-01 6.227821683698e+04
2.012548849895e+03 1.020000000000e+00 4.251507555516e+01 4.800000000000e+00 6.436566635169e+00 4.598386804407e+02 -1.420795293722e+00 -2.895721005377e+00 1.135128808950e+02 -3.253872117565e+01 3.151189918434e+01 4.340337701479e-01 6.385867228652e+04
2.012548963935e+03 1.020000000000e+00 4.251507555516e+01 4.800000000000e+00 6.482096665555e+00 4.614066129662e+02 -1.916687604516e+00 -2.990678711771e+00 1.167605026021e+02 -3.206863300079e+01 3.127897142929e+01 7.406027916590e-01 6.522648913957e+04
2.012549077976e+03 1.020000000000e+00 4.251507555516e+01 4.800000000000e+00 6.486983177377e+00 4.628392393465e+02 -2.440670070628e+00 -3.070424627141e+00 1.189162853538e+02 -3.159380375866e+01 3.098565035488e+01 1.058919064865e+00 6.638310571807e+04
2.012549192016e+03 1.020000000000e+00 4.351507555516e+01 4.900000000000e+00 6.441905479678e+00 4.639877165587e+02 -2.770686422266e+00 -3.145120229944e+00 1.196976604147e+02 -3.126978830536e+01 3.055329159296e+01 1.361261729056e+00 6.728927904525e+04
2.012549306056e+03 1.020000000000e+00 4.351507555516e+01 4.900000000000e+00 6.336179023125e+00 4.651475923478e+02 -3.258373943261e+00 -3.158114091631e+00 1.193444591316e+02 -3.080661557597e+01 3.005022290958e+01 1.630044769011e+00 6.821095855262e+04
2.012549420096e+03 1.020000000000e+00 4.351507555516e+01 4.900000000000e+00 6.210943466050e+00 4.661770169149e+02 -3.620286278894e+00 -3.147594111892e+00 1.178471676018e+02 -3.033991173225e+01 2.952286016042e+01 1.830685416541e+00 6.871366250166e+04
2.012549534137e+03 1.020000000000e+00 4.351507555516e+01 4.900000000000e+00 6.069617047909e+00 4.671199137175e+02 -3.838896198676e+00 -3.108254204026e+00 1.154838604966e+02 -2.986109089068e+01 2.900058606860e+01 1.953633006258e+00 6.890423384636e+04
2.012549648177e+03 1.020000000000e+00 4.351507555516e+01 4.900000000000e+00 5.897000688237e+00 4.680170297797e+02 -3.930921606878e+00 -3.008597890134e+00 1.124557885193e+02 -2.936784208936e+01 2.848408844333e+01 2.023641756048e+00 6.906184229851e+04
2.012549762217e+03 1.020000000000e+00 4.351507555516e+01 4.900000000000e+00 5.716659968044e+00 4.688989270770e+02 -3.949661698182e+00 -2.875820341454e+00 1.091515334177e+02 -2.887430503778e+01 2.796796488078e+01 2.039370843283e+00 6.914712720971e+04
2.012549876257e+03 1.020000000000e+00 4.351507555516e+01 4.900000000000e+00 5.543159362348e+00 4.697698903845e+02 -3.939634161821e+00 -2.728982706192e+00 1.058006088062e+02 -2.840986481394e+01 2.745251026331e+01 2.023222009542e+00 6.912190999863e+04
2.012549990298e+03 1.020000000000e+00 4.351507555516e+01 4.900000000000e+00 5.384256334128e+00 4.706254706095e+02 -3.898334426688e+00 -2.584032267704e+00 1.024736386726e+02 -2.800641595015e+01 2.694062444472e+01 1.962204276753e+00 6.892398993740e+04
2.012550104338e+03 1.020000000000e+00 4.351507555516e+01 4.900000000000e+00 5.243062855069e+00 4.714640943746e+02 -3.814543462030e+00 -2.432575577055e+00 9.927716394455e+01 -2.768466327771e+01 2.643133966793e+01 1.825666182528e+00 6.857216126123e+04
2.012550218378e+03 1.020000000000e+00 4.351507555516e+01 4.900000000000e+00 5.119152877513e+00 4.722836081912e+02 -3.731477191311e+00 -2.270684308108e+00 9.623385251597e+01 -2.744923975652e+01 2.592364215067e+01 1.670033512656e+00 6.807903005236e+04
2.012550332418e+03 1.020000000000e+00 4.351507555516e+01 4.900000000000e+00 5.009419770824e+00 4.730773285682e+02 -3.653626517005e+00 -2.105300721993e+00 9.340190548327e+01 -2.729135480536e+01 2.541409661679e+01 1.515469256003e+00 6.752312056223e+04
2.012550446459e+03 1.020000000000e+00 4.351507555516e+01 4.900000000000e+00 4.909639938435e+00 4.738338002380e+02 -3.565040771087e+00 -1.944061721446e+00 9.083117199418e+01 -2.719297636683e+01 2.489579672792e+01 1.365189880385e+00 6.699921235460e+04
2.012550560499e+03 1.020000000000e+00 4.351507555516e+01 4.900000000000e+00 4.825089588441e+00 4.745403280866e+02 -3.446777588568e+00 -1.790699455992e+00 8.859041374757e+01 -2.713334112145e+01 2.435943015594e+01 1.220071520056e+00 6.649156732031e+04
2.012550674539e+03 1.020000000000e+00 4.351507555516e+01 4.900000000000e+00 4.760149149544e+00 4.752011028717e+02 -3.321053891399e+00 -1.647248501703e+00 8.654660152039e+01 -2.709406474276e+01 2.382610513999e+01 1.083983990634e+00 6.584385607923e+04
2.012550788579e+03 1.020000000000e+00 4.351507555516e+01 4.900000000000e+00 4.703760133507e+00 4.758232994807e+02 -3.198382032060e+00 -1.512752700295e+00 8.465276017898e+01 -2.706289515692e+01 2.330663197267e+01 9.600966427831e-01 6.517494536977e+04
2.012550902620e+03 1.020000000000e+00 4.351507555516e+01 4.900000000000e+00 4.648415729170e+00 4.764079818571e+02 -3.069672541858e+00 -1.386224336188e+00 8.293684862137e+01 -2.703304684756e+01 2.279672964826e+01 8.506607065880e-01 6.461394194130e+04
2.012551016660e+03 1.020000000000e+00 4.351507555516e+01 4.900000000000e+00 4.595823131784e+00 4.769535601537e+02 -2.927442937969e+00 -1.268108115724e+00 8.141762501682e+01 -2.700189559285e+01 2.229473102394e+01 7.584992614105e-01 6.415610238016e+04
2.012551130700e+03 1.020000000000e+00 4.351507555516e+01 4.900000000000e+00 4.548385904582e+00 4.774566690138e+02 -2.771629449535e+00 -1.158303209260e+00 8.008806406436e+01 -2.696990523805e+01 2.180527809654e+01 6.864481518389e-01 6.376650614446e+04
2.012551244740e+03 1.020000000000e+00 4.351507555516e+01 4.900000000000e+00 4.506656566812e+00 4.779097469999e+02 -2.609147073592e+00 -1.055388169830e+00 7.892927542880e+01 -2.693892934576e+01 2.133690581345e+01 6.365262129056e-01 6.342567657620e+04
2.012551358781e+03 1.020000000000e+00 4.351507555516e+01 4.900000000000e+00 4.470014378055e+00 4.783018732020e+02 -2.450812314207e+00 -9.565229280186e-01 7.791851831523e+01 -2.691105259401e+01 2.089756806292e+01 6.089427898892e-01 6.312666613615e+04
2.012551472821e+03 1.020000000000e+00 4.351507555516e+01 4.900000000000e+00 4.437237153857e+00 4.786239400929e+02 -2.308147940815e+00 -8.578616777469e-01 7.702262213946e+01 -2.688733116449e+01 2.049160889664e+01 5.994668568627e-01 6.286170997930e+04
2.012551586861e+03 1.020000000000e+00 4.351507555516e+01 4.900000000000e+00 4.408722436033e+00 4.788590221418e+02 -2.200947219732e+00 -7.561305958862e-01 7.624803962615e+01 -2.686826374124e+01 2.013066515442e+01 5.982288948974e-01 6.263165179079e+04
2.012551700901e+03 1.020000000000e+00 4.351507555516e+01 4.900000000000e+00 4.392329975567e+00 4.789723699352e+02 -2.161358436947e+00 -6.525333179966e-01 7.578904387605e+01 -2.685432818324e+01 1.985200640195e+01 6.074522257900e-01 6.248689023568e+04
2.012551814942e+03 1.020000000000e+00 4.351507555516e+01 4.900000000000e+00 4.380094267463e+00 4.790321114194e+02 -2.150817365196e+00 -5.510902695059e-01 7.543287002635e+01 -2.684484083049e+01 1.961158495077e+01 6.324333369755e-01 6.236706688768e+04
2.012551928982e+03 1.020000000000e+00 4.441507555516e+01 5.000000000000e+00 4.377565509713e+00 4.789884987622e+02 -2.076269072613e+00 -4.780245694258e-01 7.531136291550e+01 -2.696759805820e+01 1.945552078833e+01 6.255759407618e-01 6.230236027599e+04
2.012552043022e+03 1.020000000000e+00 4.441507555516e+01 5.000000000000e+00 4.365962254082e+00 4.789497776660e+02 -2.097656160383e+00 -3.893794512959e-01 7.498387148712e+01 -2.695427454710e+01 1.924732791561e+01 6.472930615451e-01 6.219627376779e+04
2.012552157062e+03 1.020000000000e+00 4.441507555516e+01 5.000000000000e+00 4.356412481025e+00 4.788390453801e+02 -2.160458241292e+00 -3.154237823260e-01 7.470418806557e+01 -2.694486802414e+01 1.909489735559e+01 6.526829879326e-01 6.210006791173e+04
2.012552271103e+03 1.020000000000e+00 4.441507555516e+01 5.000000000000e+00 4.349045485058e+00 4.786982731015e+02 -2.237974422338e+00 -2.607570806677e-01 7.447563059213e+01 -2.693610310012e+01 1.900207398905e+01 6.485470988757e-01 6.201494584928e+04
2.012552385143e+03 1.020000000000e+00 4.441507555516e+01 5.000000000000e+00 4.342448404555e+00 4.785281477330e+02 -2.316535417971e+00 -2.286038566360e-01 7.426034450126e+01 -2.692216806611e+01 1.892090598582e+01 6.362389753509e-01 6.192964191752e+04
2.012552499183e+03 1.020000000000e+00 4.441507555516e+01 5.000000000000e+00 4.335544301016e+00 4.783243572736e+02 -2.393167561781e+00 -2.128035879643e-01 7.403265512492e+01 -2.689869881778e+01 1.883963709602e+01 6.092480905126e-01 6.183808492312e+04
2.012552613223e+03 1.020000000000e+00 4.441507555516e+01 5.000000000000e+00 4.327793690749e+00 4.780855224740e+02 -2.471973184794e+00 -2.111730716855e-01 7.378239454695e+01 -2.686178305668e+01 1.875705818319e+01 5.618761802041e-01 6.173942288337e+04
2.012552727264e+03 1.020000000000e+00 4.441507555516e+01 5.000000000000e+00 4.318851147162e+00 4.778114409091e+02 -2.561059009965e+00 -2.221524569310e-01 7.350111768441e+01 -2.680880134175e+01 1.866984618021e+01 4.985048417626e-01 6.163142860264e+04
2.012552841304e+03 1.020000000000e+00 4.441507555516e+01 5.000000000000e+00 4.308285232349e+00 4.775040920695e+02 -2.668030678500e+00 -2.441141691534e-01 7.317670690537e+01 -2.673805862682e+01 1.857379562610e+01 4.262406325397e-01 6.150993438114e+04
2.012552955344e+03 1.020000000000e+00 4.441507555516e+01 5.000000000000e+00 4.295443794356e+00 4.771681860469e+02 -2.799885133869e+00 -2.705391352597e-01 7.279340715492e+01 -2.664816469066e+01 1.846675260972e+01 3.503639736171e-01 6.137074264992e+04
2.012553069384e+03 1.020000000000e+00 4.441507555516e+01 5.000000000000e+00 4.279531483115e+00 4.768098552956e+02 -2.961886248509e+00 -2.950977074635e-01 7.233221745502e+01 -2.653901586602e+01 1.834835648414e+01 2.738501013777e-01 6.120876800395e+04
2.012553183425e+03 1.020000000000e+00 4.441507555516e+01 5.000000000000e+00 4.259876325139e+00 4.764341095058e+02 -3.156522553479e+00 -3.147587034489e-01 7.177685291305e+01 -2.641250405273e+01 1.821969604530e+01 1.979241461560e-01 6.101917343753e+04
2.012553297465e+03 1.020000000000e+00 4.441507555516e+01 5.000000000000e+00 4.235994326185e+00 4.760429381301e+02 -3.383422442994e+00 -3.280126078796e-01 7.111519807641e+01 -2.627198744745e+01 1.808297624893e+01 1.232371168332e-01 6.079764678882e+04
2.012553411505e+03 1.020000000000e+00 4.441507555516e+01 5.000000000000e+00 4.207650190732e+00 4.756368191212e+02 -3.639383505710e+00 -3.330748871551e-01 7.034075644880e+01 -2.612089516342e+01 1.794149826285e+01 5.052831521468e-02 6.054073357011e+04
2.012553525545e+03 1.020000000000e+00 4.441507555516e+01 5.000000000000e+00 4.175258286362e+00 4.752179836406e+02 -3.917419384617e+00 -3.310612481038e-01 6.946179534307e+01 -2.596273307033e+01 1.780040048638e+01 -1.961059171437e-02 6.024810620266e+04
2.012553639586e+03 1.020000000000e+00 4.441507555516e+01 5.000000000000e+00 4.138838177379e+00 4.747784432918e+02 -4.212014289671e+00 -3.243697304079e-01 6.847611883485e+01 -2.580083328529e+01 1.765872569086e+01 -8.647034310975e-02 5.991582115061e+04
2.012553753626e+03 1.020000000000e+00 4.441507555516e+01 5.000000000000e+00 4.099474368552e+00 4.743173273903e+02 -4.513857977253e+00 -3.137351380950e-01 6.740807969886e+01 -2.563778097459e+01 1.751952941730e+01 -1.501103514774e-01 5.954760468003e+04
2.012553867666e+03 1.020000000000e+00 4.441507555516e+01 5.000000000000e+00 4.058027018133e+00 4.738286640837e+02 -4.815809327386e+00 -3.028541912335e-01 6.627646703091e+01 -2.547512487441e+01 1.738213657929e+01 -2.116383870479e-01 5.914587060386e+04
2.012553981706e+03 1.020000000000e+00 4.441507555516e+01 5.000000000000e+00 4.015269016043e+00 4.733051723627e+02 -5.112364904797e+00 -2.935952854423e-01 6.509844290519e+01 -2.531278137175e+01 1.724455350184e+01 -2.717416532751e-01 5.871314333253e+04
2.012554095747e+03 1.020000000000e+00 4.441507555516e+01 5.000000000000e+00 3.971774173547e+00 4.727386574614e+02 -5.400879867016e+00 -2.858768627641e-01 6.388727492291e+01 -2.514917701307e+01 1.710285552711e+01 -3.294233818890e-01 5.825168950958e+04
2.012554209787e+03 1.020000000000e+00 4.441507555516e+01 5.000000000000e+00 3.927988864101e+00 4.721232309657e+02 -5.682692856290e+00 -2.780862281792e-01 6.265449136529e+01 -2.498094316212e+01 1.695013498983e+01 -3.819815383421e-01 5.776436971214e+04
2.012554323827e+03 1.020000000000e+00 4.441507555516e+01 5.000000000000e+00 3.884351305113e+00 4.714610541686e+02 -5.965415500983e+00 -2.672849279235e-01 6.141368727361e+01 -2.480108691356e+01 1.677796486541e+01 -4.256287766523e-01 5.725641367327e+04
2.012554437867e+03 1.020000000000e+00 4.441507555516e+01 5.000000000000e+00 3.841309092983e+00 4.707647969696e+02 -6.264124567653e+00 -2.523266833098e-01 6.018203237135e+01 -2.459879191782e+01 1.658209435014e+01 -4.566655816316e-01 5.673674343203e+04
2.012554551908e+03 1.020000000000e+00 4.441507555516e+01 5.000000000000e+00 3.799707460389e+00 4.700520882263e+02 -6.594019420760e+00 -2.354208744432e-01 5.898916296752e+01 -2.436376820729e+01 1.636926351305e+01 -4.733771892739e-01 5.622092929056e+04
2.012554665948e+03 1.020000000000e+00 4.541507555516e+01 5.100000000000e+00 3.821892613281e+00 4.699972469168e+02 -6.515565823765e+00 -2.453628717375e-01 5.944657369506e+01 -2.443035940865e+01 1.653414917368e+01 -4.741254568397e-01 5.632461142538e+04
2.012554779988e+03 1.020000000000e+00 4.541507555516e+01 5.100000000000e+00 3.790159148182e+00 4.693376249262e+02 -6.820887980078e+00 -2.365022429578e-01 5.848961528040e+01 -2.417439832307e+01 1.637197174854e+01 -4.835181367614e-01 5.588189833335e+04
2.012554894028e+03 1.020000000000e+00 4.541507555516e+01 5.100000000000e+00 3.765971880860e+00 4.687318310401e+02 -7.063994200559e+00 -2.421706031654e-01 5.772663872591e+01 -2.392201869810e+01 1.625840974483e+01 -4.968924016953e-01 5.550747544486e+04
2.012555008069e+03 1.020000000000e+00 4.541507555516e+01 5.100000000000e+00 3.749879251641e+00 4.682405208622e+02 -7.166712466451e+00 -2.849142113230e-01 5.716898421296e+01 -2.370477870326e+01 1.619389126005e+01 -5.106606216262e-01 5.520750503111e+04
2.012555122109e+03 1.020000000000e+00 4.541507555516e+01 5.100000000000e+00 3.751855970894e+00 4.679881191731e+02 -7.130171162624e+00 -3.656254717119e-01 5.703157279571e+01 -2.354791876754e+01 1.625376756799e+01 -5.269746882603e-01 5.504620444417e+04
2.012555236149e+03 1.020000000000e+00 4.541507555516e+01 5.100000000000e+00 3.782606810157e+00 4.680162337496e+02 -6.969100353449e+00 -4.720763507221e-01 5.753966684790e+01 -2.346570606997e+01 1.653027975408e+01 -5.484107727385e-01 5.508514796837e+04
2.012555350189e+03 1.020000000000e+00 4.541507555516e+01 5.100000000000e+00 3.827783746694e+00 4.681402632039e+02 -6.644804642461e+00 -5.875420467403e-01 5.836199651203e+01 -2.346235549758e+01 1.694128025623e+01 -5.676098634170e-01 5.521300638526e+04
2.012555464230e+03 1.020000000000e+00 4.541507555516e+01 5.100000000000e+00 3.878042244765e+00 4.682759897417e+02 -6.246378142245e+00 -6.976391215952e-01 5.929850639754e+01 -2.353267341046e+01 1.740602958483e+01 -5.776489468005e-01 5.537219890216e+04
2.012555578270e+03 1.020000000000e+00 4.541507555516e+01 5.100000000000e+00 3.925618114275e+00 4.683965102600e+02 -5.831357023610e+00 -7.890607110826e-01 6.017006166234e+01 -2.365854695616e+01 1.788300682418e+01 -5.783969204425e-01 5.550549830158e+04
2.012555692310e+03 1.020000000000e+00 4.541507555516e+01 5.100000000000e+00 3.965598234148e+00 4.684753085668e+02 -5.438894281048e+00 -8.501259289149e-01 6.085515544718e+01 -2.381195381495e+01 1.832716908463e+01 -5.730626520963e-01 5.557187988886e+04
2.012555806350e+03 1.020000000000e+00 4.541507555516e+01 5.100000000000e+00 3.996225931442e+00 4.684071977174e+02 -5.091094880401e+00 -8.842594333350e-01 6.131246799695e+01 -2.396327138620e+01 1.870907795103e+01 -5.582411474280e-01 5.556045962150e+04
2.012555920391e+03 1.020000000000e+00 4.541507555516e+01 5.100000000000e+00 4.020144509683e+00 4.681724538217e+02 -4.796506392498e+00 -9.063407686215e-01 6.160571212993e+01 -2.409396550771e+01 1.902708121093e+01 -5.381310619031e-01 5.549394713105e+04
2.012556034431e+03 1.020000000000e+00 4.541507555516e+01 5.100000000000e+00 4.040515709502e+00 4.678401592990e+02 -4.554568850611e+00 -9.167784273036e-01 6.180647923793e+01 -2.419623153322e+01 1.928678000428e+01 -5.132972271995e-01 5.539396878445e+04
2.012556148471e+03 1.020000000000e+00 4.541507555516e+01 5.100000000000e+00 4.058881608513e+00 4.674321591768e+02 -4.359439289762e+00 -9.206197797970e-01 6.195370270453e+01 -2.426941676924e+01 1.948914116716e+01 -4.847646641015e-01 5.527455988163e+04
2.012556262511e+03 1.020000000000e+00 4.541507555516e+01 5.100000000000e+00 4.076125685497e+00 4.669569962398e+02 -4.200998771778e+00 -9.251221581795e-01 6.207436075899e+01 -2.431776086047e+01 1.963595980999e+01 -4.551788660511e-01 5.514786240225e+04
2.012556376552e+03 1.020000000000e+00 4.541507555516e+01 5.100000000000e+00 4.092848334559e+00 4.664212449587e+02 -4.062036640142e+00 -9.345654631084e-01 6.218334804775e+01 -2.434728465914e+01 1.973589564057e+01 -4.247732555804e-01 5.501893166431e+04
2.012556490592e+03 1.020000000000e+00 4.541507555516e+01 5.100000000000e+00 4.109956905037e+00 4.658379808081e+02 -3.926277616380e+00 -9.514743049834e-01 6.230080251271e+01 -2.436313113200e+01 1.980121877268e+01 -3.938050245476e-01 5.489328821426e+04
2.012556604632e+03 1.020000000000e+00 4.541507555516e+01 5.100000000000e+00 4.129137539639e+00 4.652319133741e+02 -3.784537259069e+00 -9.773634760741e-01 6.246578995077e+01 -2.436836456501e+01 1.984545025740e+01 -3.631980304921e-01 5.478273630304e+04
2.012556718672e+03 1.020000000000e+00 4.541507555516e+01 5.100000000000e+00 4.152320993118e+00 4.646335985629e+02 -3.630945251768e+00 -1.014868600507e+00 6.272369105499e+01 -2.436456108670e+01 1.988431357174e+01 -3.357011793552e-01 5.470136729418e+04
2.012556832713e+03 1.020000000000e+00 4.541507555516e+01 5.100000000000e+00 4.180680106703e+00 4.640659358563e+02 -3.463829136013e+00 -1.067176266342e+00 6.310363034313e+01 -2.435298676084e+01 1.992766109364e+01 -3.127397482951e-01 5.465905417079e+04
2.012556946753e+03 1.020000000000e+00 4.541507555516e+01 5.100000000000e+00 4.211896086270e+00 4.635208012833e+02 -3.270905225812e+00 -1.127901724965e+00 6.355485124537e+01 -2.433701984460e+01 1.998673309077e+01 -2.864004913570e-01 5.464178236865e+04
2.012557060793e+03 1.020000000000e+00 4.541507555516e+01 5.100000000000e+00 4.242151101056e+00 4.629649021938e+02 -3.063444969147e+00 -1.187560823659e+00 6.398701590939e+01 -2.432300312135e+01 2.005275918855e+01 -2.501219954168e-01 5.462118925877e+04
2.012557174833e+03 1.020000000000e+00 4.541507555516e+01 5.100000000000e+00 4.268734856178e+00 4.623599172890e+02 -2.890036269108e+00 -1.238108687104e+00 6.432993342809e+01 -2.431664182225e+01 2.008956337918e+01 -2.028913964943e-01 5.457223313880e+04
2.012557288874e+03 1.020000000000e+00 4.541507555516e+01 5.100000000000e+00 4.291134013681e+00 4.616827795631e+02 -2.799564301912e+00 -1.271272982973e+00 6.455990098144e+01 -2.432003199008e+01 2.004482412882e+01 -1.446199907528e-01 5.448163898196e+04
2.012557402914e+03 1.020000000000e+00 4.631507555516e+01 5.200000000000e+00 4.316234372584e+00 4.619356553365e+02 -2.807247023973e+00 -1.257326467903e+00 6.530893142078e+01 -2.451671480969e+01 1.974122298340e+01 -7.244659236897e-02 5.479568574383e+04
2.012557516954e+03 1.020000000000e+00 4.631507555516e+01 5.200000000000e+00 4.324363266569e+00 4.610984676600e+02 -2.822363437131e+00 -1.253741510399e+00 6.514224824009e+01 -2.454941327748e+01 1.947812420806e+01 1.621482926948e-02 5.455362609214e+04
2.012557630994e+03 1.020000000000e+00 4.631507555516e+01 5.200000000000e+00 4.311935789552e+00 4.600422961373e+02 -2.896094161359e+00 -1.232133978169e+00 6.448930545877e+01 -2.460332790467e+01 1.911234236612e+01 1.171368466144e-01 5.416320563956e+04
2.012557745035e+03 1.020000000000e+00 4.631507555516e+01 5.200000000000e+00 4.283598931473e+00 4.588261049177e+02 -2.987004159139e+00 -1.197731932286e+00 6.348794402202e+01 -2.467296120957e+01 1.863084603342e+01 2.149603149198e-01 5.367567513534e+04
2.012557859075e+03 1.020000000000e+00 4.631507555516e+01 5.200000000000e+00 4.242093285281e+00 4.575045122086e+02 -3.041288384940e+00 -1.163727006356e+00 6.223294276580e+01 -2.475008459588e+01 1.810209344312e+01 2.985375391247e-01 5.313021031160e+04
2.012557973115e+03 1.020000000000e+00 4.631507555516e+01 5.200000000000e+00 4.186994510016e+00 4.561050855935e+02 -3.055944538221e+00 -1.137677523540e+00 6.075280762685e+01 -2.483189469889e+01 1.759546673090e+01 3.602593343704e-01 5.254975679399e+04
2.012558087155e+03 1.020000000000e+00 4.631507555516e+01 5.200000000000e+00 4.117691569489e+00 4.546319823476e+02 -3.041496915412e+00 -1.123199559986e+00 5.906019785410e+01 -2.492382130944e+01 1.718900282070e+01 3.953847291319e-01 5.194596867619e+04
2.012558201196e+03 1.020000000000e+00 4.631507555516e+01 5.200000000000e+00 4.038597571530e+00 4.530977179779e+02 -2.958342703800e+00 -1.117842472103e+00 5.725782636601e+01 -2.503308641944e+01 1.689317765718e+01 4.090096396597e-01 5.134727707455e+04
