VARIABLES="time" "Distance" "lon" "lat" "density" "Vx" "Vy" "Vz" "p" "Bx" "By" "Bz" "T"
ZONE
DT=(DOUBLE DOUBLE DOUBLE DOUBLE DOUBLE DOUBLE DOUBLE DOUBLE DOUBLE DOUBLE DOUBLE DOUBLE DOUBLE )
2.012529234973e+03 1.020000000000e+00 3.591507555516e+01 4.200000000000e+00 3.652711505346e+00 4.177684221488e+02 7.070546155698e+00 -2.495022167756e+00 5.448854049228e+01 2.589592908127e+01 -8.701723017045e+00 -1.704747534736e+00 5.393331811807e+04
2.012529349013e+03 1.020000000000e+00 3.591507555516e+01 4.200000000000e+00 3.903202833374e+00 4.158196115199e+02 7.340565587187e+00 -1.329583821007e+00 5.995003876155e+01 2.288904737657e+01 -8.715980294206e+00 -5.343045652393e-01 5.552091706599e+04
2.012529463053e+03 1.020000000000e+00 3.591507555516e+01 4.200000000000e+00 4.208302510863e+00 4.143577701154e+02 7.379797602364e+00 -4.683467205378e-01 6.683595230242e+01 1.979479978681e+01 -8.630231237902e+00 4.775235883051e-01 5.741999675801e+04
2.012529577093e+03 1.020000000000e+00 3.591507555516e+01 4.200000000000e+00 4.521065477482e+00 4.130516063724e+02 7.252663438103e+00 3.731898310541e-02 7.409478726903e+01 1.679155663372e+01 -8.473536063887e+00 1.174904151339e+00 5.927367953126e+04
2.012529691134e+03 1.020000000000e+00 3.591507555516e+01 4.200000000000e+00 4.810908225710e+00 4.117652850988e+02 6.690424865382e+00 2.137844398206e-01 8.097763615994e+01 1.409177881491e+01 -8.299599059344e+00 1.511862639614e+00 6.089916541255e+04
2.012529805174e+03 1.020000000000e+00 3.591507555516e+01 4.200000000000e+00 5.066306087800e+00 4.104882391854e+02 5.506774891593e+00 1.302762661278e-01 8.715613141516e+01 1.184854255748e+01 -8.124906680124e+00 1.636758503909e+00 6.226142857226e+04
2.012529919214e+03 1.020000000000e+00 3.591507555516e+01 4.200000000000e+00 5.278334277020e+00 4.092336498352e+02 3.901115525303e+00 -3.146558901171e-01 9.236497109124e+01 1.010127823092e+01 -7.946145870004e+00 1.617046144366e+00 6.334727199225e+04
2.012530033254e+03 1.020000000000e+00 3.591507555516e+01 4.200000000000e+00 5.438415091503e+00 4.079879198204e+02 2.231460108717e+00 -9.870429345143e-01 9.657256115127e+01 8.782367248054e+00 -7.678240813423e+00 1.440013352031e+00 6.429240254744e+04
2.012530147295e+03 1.020000000000e+00 3.681507555516e+01 4.300000000000e+00 5.551844427043e+00 4.098110267439e+02 1.035310309332e+00 -2.269222294287e+00 9.760426406825e+01 1.103231125370e+01 -9.544930443406e+00 8.568938227319e-01 6.365780544410e+04
2.012530261335e+03 1.020000000000e+00 3.681507555516e+01 4.300000000000e+00 5.480315114719e+00 4.086357437318e+02 -4.146415041162e-01 -2.716695873943e+00 1.008032480619e+02 1.001309761383e+01 -8.556646803558e+00 9.343077759416e-02 6.660542502735e+04
2.012530375375e+03 1.020000000000e+00 3.681507555516e+01 4.300000000000e+00 5.363698712392e+00 4.075158606601e+02 -1.533306927925e+00 -3.111510249663e+00 1.027415884957e+02 9.054747465236e+00 -7.480332831798e+00 -5.450961592020e-01 6.936544779973e+04
2.012530489415e+03 1.020000000000e+00 3.681507555516e+01 4.300000000000e+00 5.231056537670e+00 4.062044276155e+02 -2.185394070449e+00 -3.362626547132e+00 1.028870092392e+02 8.036715483932e+00 -6.245957809711e+00 -9.397132639965e-01 7.122917171752e+04
2.012530603456e+03 1.020000000000e+00 3.681507555516e+01 4.300000000000e+00 5.082420832041e+00 4.043295967203e+02 -2.446773516704e+00 -3.452495136468e+00 1.007675057323e+02 6.846181740267e+00 -4.634230882542e+00 -1.087031378070e+00 7.180342192170e+04
2.012530717496e+03 1.020000000000e+00 3.681507555516e+01 4.300000000000e+00 4.939247001056e+00 4.020623564029e+02 -2.434429155272e+00 -3.409477804910e+00 9.782372340856e+01 5.394752258188e+00 -2.827414391575e+00 -1.103213369805e+00 7.172632430202e+04
2.012530831536e+03 1.020000000000e+00 3.681507555516e+01 4.300000000000e+00 4.814625999147e+00 3.994822715487e+02 -1.883648361949e+00 -3.057081902323e+00 9.485317488146e+01 3.622082590642e+00 -9.447161920832e-01 -9.700881785947e-01 7.134907619018e+04
2.012530945576e+03 1.020000000000e+00 3.681507555516e+01 4.300000000000e+00 4.705092723779e+00 3.965639110606e+02 -6.859141544466e-01 -2.126468138502e+00 9.207156497696e+01 1.498253453362e+00 1.040293108416e+00 -5.410757638171e-01 7.087141142185e+04
2.012531059617e+03 1.020000000000e+00 3.681507555516e+01 4.300000000000e+00 4.609692804908e+00 3.933197519942e+02 1.128613974079e+00 -8.917888371794e-01 8.933273965839e+01 -9.855418457650e-01 3.212943449818e+00 1.448772708219e-01 7.018756051560e+04
2.012531173657e+03 1.020000000000e+00 3.681507555516e+01 4.300000000000e+00 4.527716941892e+00 3.898409779434e+02 3.225825056519e+00 2.992154270555e-01 8.603117437313e+01 -3.815543421701e+00 5.577059283836e+00 8.214044579918e-01 6.882006287432e+04
2.012531287697e+03 1.020000000000e+00 3.681507555516e+01 4.300000000000e+00 4.475656873307e+00 3.862759194279e+02 5.464116923667e+00 1.268396840924e+00 8.228004584564e+01 -6.956091043268e+00 8.104027777443e+00 1.316743723617e+00 6.658260314637e+04
2.012531401737e+03 1.020000000000e+00 3.681507555516e+01 4.300000000000e+00 4.468252580304e+00 3.827392164662e+02 7.747283522377e+00 1.984929991934e+00 7.827516202662e+01 -1.032932902012e+01 1.074346158677e+01 1.624076502170e+00 6.343353455353e+04
2.012531515778e+03 1.020000000000e+00 3.681507555516e+01 4.300000000000e+00 4.476779220841e+00 3.792832619838e+02 9.993784202190e+00 2.481497751807e+00 7.381689342869e+01 -1.382130360354e+01 1.341283889296e+01 1.801306285428e+00 5.969044838787e+04
2.012531629818e+03 1.020000000000e+00 3.681507555516e+01 4.300000000000e+00 4.486806911298e+00 3.759750008771e+02 1.211212274447e+01 2.731744026441e+00 6.852158273163e+01 -1.729781835955e+01 1.605170507250e+01 1.864154580613e+00 5.526988737169e+04
2.012531743858e+03 1.020000000000e+00 3.681507555516e+01 4.300000000000e+00 4.494505364074e+00 3.729269593400e+02 1.400581479476e+01 2.789406957587e+00 6.278061309355e+01 -2.063229765245e+01 1.860940069257e+01 1.814024014872e+00 5.054326289485e+04
2.012531857898e+03 1.020000000000e+00 3.681507555516e+01 4.300000000000e+00 4.504511847086e+00 3.702176134248e+02 1.559529517384e+01 2.705992847926e+00 5.706323472898e+01 -2.372667407667e+01 2.097872817217e+01 1.604097334633e+00 4.583882010356e+04
2.012531971939e+03 1.020000000000e+00 3.681507555516e+01 4.300000000000e+00 4.524392931453e+00 3.678712696154e+02 1.682551400714e+01 2.487581224662e+00 5.179938686390e+01 -2.651097638059e+01 2.308177839019e+01 1.211588991842e+00 4.144193964050e+04
2.012532085979e+03 1.020000000000e+00 3.681507555516e+01 4.300000000000e+00 4.560386501978e+00 3.658760023997e+02 1.767192855622e+01 2.158869932052e+00 4.732954055862e+01 -2.895061529112e+01 2.489774697253e+01 6.538143053952e-01 3.758993980867e+04
2.012532200019e+03 1.020000000000e+00 3.681507555516e+01 4.300000000000e+00 4.618657107697e+00 3.642403883746e+02 1.818295397852e+01 1.864106068570e+00 4.388296019537e+01 -3.105285862506e+01 2.645913951496e+01 9.698587071848e-02 3.443159290686e+04
2.012532314059e+03 1.020000000000e+00 3.681507555516e+01 4.300000000000e+00 4.703898121533e+00 3.629515824175e+02 1.841161744729e+01 1.694979042262e+00 4.140360460448e+01 -3.283575820639e+01 2.777201555915e+01 -3.453015729355e-01 3.190817537348e+04
2.012532428100e+03 1.020000000000e+00 3.681507555516e+01 4.300000000000e+00 4.807200979168e+00 3.620716636504e+02 1.839371671767e+01 1.631291666571e+00 3.975915749455e+01 -3.433531298878e+01 2.886579193544e+01 -6.113616157931e-01 2.998531538843e+04
2.012532542140e+03 1.020000000000e+00 3.681507555516e+01 4.300000000000e+00 4.910669678895e+00 3.616399817782e+02 1.814811524217e+01 1.651665427447e+00 3.862251312530e+01 -3.558923900930e+01 2.983914167232e+01 -7.260361078166e-01 2.850241387125e+04
2.012532656180e+03 1.020000000000e+00 3.681507555516e+01 4.300000000000e+00 5.036598918385e+00 3.617452358317e+02 1.753258374770e+01 1.820799767688e+00 3.818327324388e+01 -3.662211505967e+01 3.066551044165e+01 -7.289649462350e-01 2.746967092680e+04
2.012532770220e+03 1.020000000000e+00 3.681507555516e+01 4.300000000000e+00 5.163021914870e+00 3.624776734152e+02 1.647024441799e+01 2.195823687586e+00 3.845651900773e+01 -3.743129569920e+01 3.140932159125e+01 -5.795363686764e-01 2.699007349068e+04
2.012532884261e+03 1.020000000000e+00 3.781507555516e+01 4.400000000000e+00 5.172339108698e+00 3.591512748832e+02 1.787855962699e+01 2.182765300711e+00 3.945304377993e+01 -3.629644912622e+01 3.061221774143e+01 -6.791301193301e-01 2.764483958342e+04
2.012532998301e+03 1.020000000000e+00 3.781507555516e+01 4.400000000000e+00 5.361986165388e+00 3.600837324908e+02 1.663449065746e+01 2.601428087621e+00 4.011228791585e+01 -3.714003887972e+01 3.136108046682e+01 -4.005871300466e-01 2.709623728315e+04
2.012533112341e+03 1.020000000000e+00 3.781507555516e+01 4.400000000000e+00 5.564517299876e+00 3.616889967582e+02 1.497925400849e+01 3.160077373184e+00 4.155292499476e+01 -3.777368883492e+01 3.201547945853e+01 1.694357379599e-02 2.702622158816e+04
2.012533226381e+03 1.020000000000e+00 3.781507555516e+01 4.400000000000e+00 5.778236969963e+00 3.636266007580e+02 1.303128391025e+01 3.844055293324e+00 4.345715242579e+01 -3.820740608707e+01 3.255919835353e+01 6.060096362160e-01 2.717952174149e+04
2.012533340422e+03 1.020000000000e+00 3.781507555516e+01 4.400000000000e+00 6.062678004777e+00 3.661329439557e+02 1.068660088384e+01 4.567156169558e+00 4.637255188724e+01 -3.846080271259e+01 3.285201700120e+01 1.296754894583e+00 2.762368998666e+04
2.012533454462e+03 1.020000000000e+00 3.781507555516e+01 4.400000000000e+00 6.360494192289e+00 3.689616329602e+02 8.186076369743e+00 5.261567906548e+00 4.978228592725e+01 -3.857173040776e+01 3.293204356711e+01 2.015499684544e+00 2.827259113389e+04
2.012533568502e+03 1.020000000000e+00 3.781507555516e+01 4.400000000000e+00 6.600503624054e+00 3.718115875933e+02 5.713664855587e+00 5.892864486821e+00 5.313307440297e+01 -3.858397128598e+01 3.284516161750e+01 2.688496698304e+00 2.910084950574e+04
2.012533682542e+03 1.020000000000e+00 3.781507555516e+01 4.400000000000e+00 6.741871346773e+00 3.745001528731e+02 3.372512747457e+00 6.425225305603e+00 5.614073349566e+01 -3.854287827831e+01 3.261530545269e+01 3.248321130340e+00 3.014122285883e+04
2.012533796583e+03 1.020000000000e+00 3.781507555516e+01 4.400000000000e+00 6.816922701502e+00 3.768809947471e+02 1.236629374144e+00 6.842925849812e+00 5.862257892970e+01 -3.849649038398e+01 3.222433138402e+01 3.658931898158e+00 3.117621645928e+04
2.012533910623e+03 1.020000000000e+00 3.781507555516e+01 4.400000000000e+00 6.794990104167e+00 3.788606939498e+02 -6.138607416002e-01 7.153760692968e+00 6.039310670042e+01 -3.847693429972e+01 3.169151992966e+01 3.922110618671e+00 3.224576585909e+04
2.012534024663e+03 1.020000000000e+00 3.781507555516e+01 4.400000000000e+00 6.686628107039e+00 3.804119450492e+02 -2.146187157616e+00 7.372502790098e+00 6.130590793102e+01 -3.850323460190e+01 3.110572319597e+01 4.061078019771e+00 3.325727633752e+04
2.012534138703e+03 1.020000000000e+00 3.781507555516e+01 4.400000000000e+00 6.525550102687e+00 3.815224081735e+02 -3.341706083332e+00 7.497736872024e+00 6.141372131751e+01 -3.857845913984e+01 3.050243963235e+01 4.047551170815e+00 3.412487400060e+04
2.012534252744e+03 1.020000000000e+00 3.781507555516e+01 4.400000000000e+00 6.350501795842e+00 3.822051415543e+02 -4.233849216048e+00 7.488818928687e+00 6.085834368165e+01 -3.869986599494e+01 2.988242339719e+01 3.853377667397e+00 3.473431006299e+04
2.012534366784e+03 1.020000000000e+00 3.781507555516e+01 4.400000000000e+00 6.150460441054e+00 3.824354890728e+02 -4.853121073549e+00 7.345957684788e+00 5.957800150099e+01 -3.886934657120e+01 2.932806776033e+01 3.514707811018e+00 3.507931658455e+04
2.012534480824e+03 1.020000000000e+00 3.781507555516e+01 4.400000000000e+00 5.909122304886e+00 3.819403708950e+02 -5.213268188136e+00 7.254882692283e+00 5.724074856624e+01 -3.887644620756e+01 2.885658657602e+01 3.183806635835e+00 3.503747965284e+04
2.012534594864e+03 1.020000000000e+00 3.781507555516e+01 4.400000000000e+00 5.870844709432e+00 3.852038177398e+02 -5.056458505611e+00 5.586899722402e+00 7.984826535234e+01 -3.894969576130e+01 2.952227559004e+01 2.069686086236e+00 4.826141528144e+04
2.012534708905e+03 1.020000000000e+00 3.781507555516e+01 4.400000000000e+00 9.282168322918e+00 4.623229107839e+02 3.532015452337e+00 -1.935658151028e+01 1.024533626665e+03 -4.336028825388e+01 5.740569940599e+01 -9.721094501635e+00 3.689854397450e+05
2.012534822945e+03 1.020000000000e+00 3.781507555516e+01 4.400000000000e+00 1.647926587218e+01 5.627602153950e+02 1.539351763062e+01 -4.865703206415e+01 3.402955080409e+03 -4.952330669373e+01 1.142315683212e+02 -2.345815163491e+01 7.470500811377e+05
2.012534936985e+03 1.020000000000e+00 3.781507555516e+01 4.400000000000e+00 1.795016562160e+01 5.823837639078e+02 2.006746092030e+01 -5.233753753334e+01 3.898552697755e+03 -4.851596939436e+01 1.250349096227e+02 -2.192086749622e+01 7.866667161235e+05
2.012535051025e+03 1.020000000000e+00 3.781507555516e+01 4.400000000000e+00 1.748331679045e+01 5.803611965258e+02 2.015085320180e+01 -4.908252594543e+01 3.662384416609e+03 -4.290754762013e+01 1.189778575559e+02 -1.348498853310e+01 7.584188515871e+05
2.012535165066e+03 1.020000000000e+00 3.781507555516e+01 4.400000000000e+00 1.687480090104e+01 5.716579431654e+02 1.544903192094e+01 -4.461070228244e+01 3.291986246027e+03 -3.645435382049e+01 9.169702605270e+01 -6.550905758474e+00 7.065090037919e+05
2.012535279106e+03 1.020000000000e+00 3.781507555516e+01 4.400000000000e+00 1.677211401049e+01 5.680815568786e+02 1.422701764278e+00 -4.332608715625e+01 3.113659157371e+03 -3.196354722651e+01 4.824659985101e+01 -4.744964321599e+00 6.723648747090e+05
2.012535393146e+03 1.020000000000e+00 3.781507555516e+01 4.400000000000e+00 1.662781206003e+01 5.688820386763e+02 -1.595652840351e+01 -4.517440101117e+01 2.996047038952e+03 -2.949644249669e+01 -4.572661862312e+00 -8.494930020447e+00 6.526652534700e+05
2.012535507186e+03 1.020000000000e+00 3.781507555516e+01 4.400000000000e+00 1.565999865070e+01 5.694529023726e+02 -3.038078768315e+01 -5.125689045805e+01 2.718633547812e+03 -2.904634359116e+01 -6.026567613384e+01 -2.775947596834e+01 6.290587181298e+05
2.012535621227e+03 1.020000000000e+00 3.871507555516e+01 4.400000000000e+00 1.340028126033e+01 5.659625809441e+02 -3.946435120233e+01 -5.344754284187e+01 2.194742047917e+03 -3.082818346997e+01 -9.885120383787e+01 -4.707437744625e+01 5.944833372624e+05
2.012535735267e+03 1.020000000000e+00 3.871507555516e+01 4.400000000000e+00 9.623888093958e+00 5.622623441580e+02 -4.194926466686e+01 -5.622190448688e+01 1.635206538949e+03 -4.365759429808e+01 -1.190775758158e+02 -7.973393041172e+01 6.178597706231e+05
2.012535849307e+03 1.020000000000e+00 3.871507555516e+01 4.400000000000e+00 6.438868343976e+00 5.556955931143e+02 -4.014249621043e+01 -5.337673670746e+01 1.153968334071e+03 -6.236564526994e+01 -1.172380030308e+02 -1.052186134336e+02 6.502711987380e+05
2.012535963347e+03 1.020000000000e+00 3.871507555516e+01 4.400000000000e+00 4.774882864866e+00 5.513432001896e+02 -2.891810103671e+01 -4.558319030811e+01 8.558536964888e+02 -8.149857475823e+01 -1.074760530565e+02 -1.208895558361e+02 6.478258837294e+05
2.012536077388e+03 1.020000000000e+00 3.871507555516e+01 4.400000000000e+00 3.926051891046e+00 5.473779542646e+02 -4.704635113724e+00 -3.832461668323e+01 6.352989166844e+02 -9.796425363325e+01 -9.358096154921e+01 -1.333389981763e+02 5.844536967318e+05
2.012536191428e+03 1.020000000000e+00 3.871507555516e+01 4.400000000000e+00 3.565007466003e+00 5.451685309940e+02 1.653339199046e+01 -3.200941368140e+01 4.726241100032e+02 -1.102082441024e+02 -8.436617421921e+01 -1.417925463524e+02 4.795091726424e+05
2.012536305468e+03 1.020000000000e+00 3.871507555516e+01 4.400000000000e+00 3.412445809464e+00 5.438572098426e+02 2.966125840272e+01 -2.458038149621e+01 3.523607829077e+02 -1.195572610316e+02 -8.066627262738e+01 -1.455725611183e+02 3.738076261326e+05
2.012536419508e+03 1.020000000000e+00 3.871507555516e+01 4.400000000000e+00 3.318881793209e+00 5.437626486482e+02 3.666009373340e+01 -1.699945689685e+01 2.541377884915e+02 -1.278278645228e+02 -8.366552719816e+01 -1.457696690735e+02 2.771357819349e+05
2.012536533549e+03 1.020000000000e+00 3.871507555516e+01 4.400000000000e+00 3.146098341800e+00 5.454340411672e+02 3.926462907899e+01 -6.629953570173e+00 1.665344259934e+02 -1.345043538471e+02 -9.635936511535e+01 -1.414353800346e+02 1.909601579136e+05
2.012536647589e+03 1.020000000000e+00 3.871507555516e+01 4.400000000000e+00 2.758910236240e+00 5.463818987407e+02 4.052197813707e+01 6.133703423689e+00 9.633645096188e+01 -1.393164269298e+02 -1.129350723989e+02 -1.298009236373e+02 1.254679320549e+05
2.012536761629e+03 1.020000000000e+00 3.871507555516e+01 4.400000000000e+00 2.302762064775e+00 5.460011075754e+02 4.252467473586e+01 1.696880167604e+01 5.039544240559e+01 -1.445902258306e+02 -1.277478806660e+02 -1.136921933151e+02 7.857442894972e+04
2.012536875669e+03 1.020000000000e+00 3.871507555516e+01 4.400000000000e+00 1.958979380103e+00 5.444713173408e+02 4.466490409588e+01 2.283935312189e+01 2.643249639975e+01 -1.505811448530e+02 -1.389492929955e+02 -9.706295886449e+01 4.862787224157e+04
2.012536989709e+03 1.020000000000e+00 3.871507555516e+01 4.400000000000e+00 1.728219276203e+00 5.402203700198e+02 4.638404970596e+01 2.445003453767e+01 1.668117479840e+01 -1.563511821574e+02 -1.457206252585e+02 -8.128140099533e+01 3.490271592018e+04
2.012537103750e+03 1.020000000000e+00 3.871507555516e+01 4.400000000000e+00 1.521523365706e+00 5.327784099887e+02 4.914758178441e+01 2.250439666570e+01 1.239080733457e+01 -1.618573204811e+02 -1.488170125315e+02 -6.680491573055e+01 2.949294190232e+04
2.012537217790e+03 1.020000000000e+00 3.871507555516e+01 4.400000000000e+00 1.328510152377e+00 5.252693343397e+02 5.249010504403e+01 1.805905412701e+01 9.798477481972e+00 -1.671858695839e+02 -1.502655569239e+02 -5.313527978757e+01 2.674860562034e+04
2.012537331830e+03 1.020000000000e+00 3.871507555516e+01 4.400000000000e+00 1.175814499354e+00 5.174499664573e+02 5.471156960720e+01 1.340385118710e+01 8.094273252892e+00 -1.720946993256e+02 -1.505445302621e+02 -3.903565197703e+01 2.501365006718e+04
2.012537445870e+03 1.020000000000e+00 3.871507555516e+01 4.400000000000e+00 1.082454901667e+00 5.092028252466e+02 5.517417982346e+01 9.170860081322e+00 7.130885535458e+00 -1.764871392238e+02 -1.497035195963e+02 -2.408808226848e+01 2.394214918657e+04
2.012537559911e+03 1.020000000000e+00 3.871507555516e+01 4.400000000000e+00 1.014552821506e+00 5.012171259977e+02 5.462636202621e+01 5.610772371942e+00 6.668150937920e+00 -1.803432784866e+02 -1.476779217531e+02 -8.465400333446e+00 2.391092538426e+04
2.012537673951e+03 1.020000000000e+00 3.871507555516e+01 4.400000000000e+00 9.704722168580e-01 4.938118623742e+02 5.348999425570e+01 2.547933127541e+00 6.493940694911e+00 -1.833084932019e+02 -1.442946994128e+02 7.273622934018e+00 2.435931064356e+04
2.012537787991e+03 1.020000000000e+00 3.871507555516e+01 4.400000000000e+00 9.377146953954e-01 4.871901248695e+02 5.183835505786e+01 -5.771630959021e-02 6.479848098896e+00 -1.852412020923e+02 -1.397638846474e+02 2.274988124116e+01 2.514053581593e+04
2.012537902031e+03 1.020000000000e+00 3.871507555516e+01 4.400000000000e+00 9.085373768987e-01 4.801676528639e+02 5.087582943765e+01 -2.205375841689e+00 6.542776464115e+00 -1.860842149814e+02 -1.336395854502e+02 3.779835460870e+01 2.614580658804e+04
2.012538016072e+03 1.020000000000e+00 3.871507555516e+01 4.400000000000e+00 8.824910013810e-01 4.733648955207e+02 5.010889911228e+01 -4.094380937096e+00 6.510615174902e+00 -1.857001118563e+02 -1.264106660026e+02 5.217665930020e+01 2.673415696973e+04
2.012538130112e+03 1.020000000000e+00 3.871507555516e+01 4.400000000000e+00 8.601043780044e-01 4.674430971792e+02 4.917158790331e+01 -5.542719001198e+00 6.444936983629e+00 -1.844045965567e+02 -1.185015238847e+02 6.579305384346e+01 2.713432272342e+04
2.012538244152e+03 1.020000000000e+00 3.871507555516e+01 4.400000000000e+00 8.405155201585e-01 4.621914623568e+02 4.828906906183e+01 -6.564296865381e+00 6.243998765624e+00 -1.823672817444e+02 -1.100585801728e+02 7.847588918755e+01 2.689989298967e+04
2.012538358192e+03 1.020000000000e+00 3.971507555516e+01 4.500000000000e+00 8.535531312038e-01 4.502739537848e+02 4.651440997686e+01 -1.130982858088e+01 8.542255627473e+00 -1.793537049983e+02 -1.044310431899e+02 1.009284288061e+02 3.541173941007e+04
2.012538472233e+03 1.020000000000e+00 3.971507555516e+01 4.500000000000e+00 8.324094098506e-01 4.453193451662e+02 4.657874441549e+01 -1.198059907618e+01 7.676127089635e+00 -1.762616604252e+02 -9.408298499766e+01 1.113200964976e+02 3.288468033813e+04
2.012538586273e+03 1.020000000000e+00 3.971507555516e+01 4.500000000000e+00 8.148810880281e-01 4.410430586008e+02 4.721439087162e+01 -1.238417460692e+01 6.727858070486e+00 -1.726583095921e+02 -8.351679578277e+01 1.201644305667e+02 2.965211033995e+04
2.012538700313e+03 1.020000000000e+00 3.971507555516e+01 4.500000000000e+00 8.024410104289e-01 4.373073186214e+02 4.846282847349e+01 -1.259440503122e+01 5.888801898107e+00 -1.673977187730e+02 -7.316821534408e+01 1.275789091951e+02 2.651015378658e+04
2.012538814353e+03 1.020000000000e+00 3.971507555516e+01 4.500000000000e+00 7.934373768556e-01 4.341583897701e+02 5.005125541619e+01 -1.268420835019e+01 5.165330857561e+00 -1.609275124475e+02 -6.329352276892e+01 1.337061386137e+02 2.358408666442e+04
2.012538928394e+03 1.020000000000e+00 3.971507555516e+01 4.500000000000e+00 7.837830259311e-01 4.315736750550e+02 5.176634265757e+01 -1.272266869459e+01 4.596245052068e+00 -1.540907502771e+02 -5.400782696613e+01 1.385916911030e+02 2.125937387800e+04
2.012539042434e+03 1.020000000000e+00 3.971507555516e+01 4.500000000000e+00 7.722287008486e-01 4.295675682665e+02 5.343904899484e+01 -1.284916725624e+01 4.200052293571e+00 -1.472303064028e+02 -4.543498775645e+01 1.423166241173e+02 1.970893493359e+04
2.012539156474e+03 1.020000000000e+00 3.971507555516e+01 4.500000000000e+00 7.588652424969e-01 4.281715694284e+02 5.497913980466e+01 -1.324813955757e+01 3.944266426337e+00 -1.405110832864e+02 -3.768941755159e+01 1.449583328296e+02 1.882819194725e+04
2.012539270514e+03 1.020000000000e+00 3.971507555516e+01 4.500000000000e+00 7.419650230546e-01 4.271735594202e+02 5.624659699559e+01 -1.405538126652e+01 3.813166666499e+00 -1.341014345058e+02 -3.076854082176e+01 1.466235102149e+02 1.861868377967e+04
2.012539384555e+03 1.020000000000e+00 3.971507555516e+01 4.500000000000e+00 7.217579130595e-01 4.263315866034e+02 5.741042780769e+01 -1.532438841995e+01 3.777722878047e+00 -1.281578727563e+02 -2.456571775427e+01 1.474532254675e+02 1.896611003069e+04
2.012539498595e+03 1.020000000000e+00 3.971507555516e+01 4.500000000000e+00 6.974863187713e-01 4.256306774915e+02 5.862319231271e+01 -1.708612578732e+01 3.854228371212e+00 -1.226423686384e+02 -1.896122905870e+01 1.475612447616e+02 2.003611105962e+04
2.012539612635e+03 1.020000000000e+00 3.971507555516e+01 4.500000000000e+00 6.618620688263e-01 4.248702533633e+02 6.003669082724e+01 -1.929549607297e+01 3.902267671016e+00 -1.174663606558e+02 -1.397951171538e+01 1.470818267595e+02 2.140253828877e+04
2.012539726675e+03 1.020000000000e+00 3.971507555516e+01 4.500000000000e+00 6.123872897243e-01 4.238894174959e+02 6.189030587192e+01 -2.171649504097e+01 3.866467561352e+00 -1.126711132564e+02 -9.583403473524e+00 1.461972148276e+02 2.293274127000e+04
2.012539840716e+03 1.020000000000e+00 3.971507555516e+01 4.500000000000e+00 5.594168858867e-01 4.226822229965e+02 6.423827980743e+01 -2.420093831211e+01 3.763926003823e+00 -1.082919279196e+02 -5.651252917704e+00 1.450225263485e+02 2.444837601031e+04
2.012539954756e+03 1.020000000000e+00 3.971507555516e+01 4.500000000000e+00 5.084981900740e-01 4.212657002133e+02 6.706903663702e+01 -2.672899930978e+01 3.608900440361e+00 -1.042961374667e+02 -2.053487360817e+00 1.436673443653e+02 2.578530459084e+04
2.012540068796e+03 1.020000000000e+00 3.971507555516e+01 4.500000000000e+00 4.622774649667e-01 4.196246786460e+02 6.985023532168e+01 -2.932419131609e+01 3.383995437663e+00 -1.006093101252e+02 1.311041048543e+00 1.421597800765e+02 2.658406886385e+04
2.012540182836e+03 1.020000000000e+00 3.971507555516e+01 4.500000000000e+00 4.210965359164e-01 4.177763681543e+02 7.206302036108e+01 -3.180260289900e+01 3.161675089714e+00 -9.715516968562e+01 4.586837261790e+00 1.405126905364e+02 2.725853188962e+04
2.012540296877e+03 1.020000000000e+00 3.971507555516e+01 4.500000000000e+00 3.850393257715e-01 4.157398096903e+02 7.340471436954e+01 -3.394278086325e+01 2.993546093285e+00 -9.390749294906e+01 7.901016049577e+00 1.387753042212e+02 2.821827564973e+04
2.012540410917e+03 1.020000000000e+00 3.971507555516e+01 4.500000000000e+00 3.527072055667e-01 4.135183442769e+02 7.376109843584e+01 -3.560345448789e+01 2.889035663612e+00 -9.085361064750e+01 1.138092485806e+01 1.369484064847e+02 2.973043283538e+04
2.012540524957e+03 1.020000000000e+00 3.971507555516e+01 4.500000000000e+00 3.229961405359e-01 4.111023880723e+02 7.296456250610e+01 -3.672825179419e+01 2.892211629442e+00 -8.803269734006e+01 1.524726930340e+01 1.349780993251e+02 3.249688570846e+04
2.012540638997e+03 1.020000000000e+00 3.971507555516e+01 4.500000000000e+00 3.031072692428e-01 4.079440926126e+02 6.919012267853e+01 -3.671728276759e+01 3.206258194275e+00 -8.534597703962e+01 1.986032656007e+01 1.328458237339e+02 3.834642468712e+04
2.012540753038e+03 1.020000000000e+00 3.971507555516e+01 4.500000000000e+00 2.898371666586e-01 4.040179557838e+02 6.143611607727e+01 -3.597439162443e+01 3.809782934250e+00 -8.253448403245e+01 2.526664259893e+01 1.304801297395e+02 4.762344040772e+04
2.012540867078e+03 1.020000000000e+00 3.971507555516e+01 4.500000000000e+00 2.798263257718e-01 3.996817873366e+02 5.164501660075e+01 -3.444289807576e+01 4.422688571901e+00 -7.934236498509e+01 3.150889972892e+01 1.278429477493e+02 5.726318423195e+04
2.012540981118e+03 1.020000000000e+00 3.971507555516e+01 4.500000000000e+00 2.719122184200e-01 3.945322604250e+02 4.058276136924e+01 -3.138232434960e+01 4.906326477693e+00 -7.573999172304e+01 3.826319692504e+01 1.248222377834e+02 6.539108432797e+04
2.012541095158e+03 1.020000000000e+00 4.061507555516e+01 4.600000000000e+00 2.864390037974e-01 3.834207472511e+02 2.608199441950e+01 -2.705272795602e+01 4.949733248481e+00 -6.523238315717e+01 4.836606780719e+01 1.254681849049e+02 6.296155230790e+04
2.012541209199e+03 1.020000000000e+00 4.061507555516e+01 4.600000000000e+00 2.802754893042e-01 3.782565664219e+02 1.874509038809e+01 -2.197012866702e+01 4.870679591994e+00 -6.096212528817e+01 5.511370064782e+01 1.213474233258e+02 6.335491215424e+04
2.012541323239e+03 1.020000000000e+00 4.061507555516e+01 4.600000000000e+00 2.750824712218e-01 3.736665525653e+02 1.411656017652e+01 -1.723130983384e+01 4.664045982133e+00 -5.676596329569e+01 6.097668787133e+01 1.170467960666e+02 6.192822953803e+04
2.012541437279e+03 1.020000000000e+00 4.061507555516e+01 4.600000000000e+00 2.749962898705e-01 3.702497227423e+02 1.228571374255e+01 -1.327102573256e+01 4.376570533385e+00 -5.280650874674e+01 6.578630834891e+01 1.128284002838e+02 5.820130329390e+04
2.012541551319e+03 1.020000000000e+00 4.061507555516e+01 4.600000000000e+00 2.828446354862e-01 3.680004193715e+02 1.223305913526e+01 -1.033211173696e+01 4.116752236094e+00 -4.919021323941e+01 6.959134028731e+01 1.087805763467e+02 5.318724042602e+04
2.012541665360e+03 1.020000000000e+00 4.061507555516e+01 4.600000000000e+00 2.985896424969e-01 3.666980061671e+02 1.435139638226e+01 -8.313458680928e+00 3.927844735030e+00 -4.601997069549e+01 7.260426720923e+01 1.048810651680e+02 4.804972832991e+04
2.012541779400e+03 1.020000000000e+00 4.061507555516e+01 4.600000000000e+00 3.199269216008e-01 3.659398239655e+02 1.820787964700e+01 -6.514364879089e+00 3.794904231373e+00 -4.330250276330e+01 7.489638302825e+01 1.010713492747e+02 4.332985693572e+04
2.012541893440e+03 1.020000000000e+00 4.061507555516e+01 4.600000000000e+00 3.427113697190e-01 3.657608958568e+02 2.265346985170e+01 -4.655948101757e+00 3.707242229087e+00 -4.098449418843e+01 7.671042301110e+01 9.733855927281e+01 3.954237569163e+04
2.012542007480e+03 1.020000000000e+00 4.061507555516e+01 4.600000000000e+00 3.626070553902e-01 3.657920386853e+02 2.751696499206e+01 -2.890316580490e+00 3.632778509519e+00 -3.899217469905e+01 7.821273730535e+01 9.372997333676e+01 3.665789647970e+04
2.012542121521e+03 1.020000000000e+00 4.061507555516e+01 4.600000000000e+00 3.747298612650e-01 3.655182767471e+02 3.198288064861e+01 -1.205651294713e+00 3.557946795738e+00 -3.728363854030e+01 7.934892984780e+01 9.030120396675e+01 3.475307172767e+04
2.012542235561e+03 1.020000000000e+00 4.061507555516e+01 4.600000000000e+00 3.776651697710e-01 3.650224682457e+02 3.550248310100e+01 3.087233309558e-01 3.496293100913e+00 -3.581811598728e+01 8.022802868718e+01 8.708639451248e+01 3.389926004151e+04
2.012542349601e+03 1.020000000000e+00 4.061507555516e+01 4.600000000000e+00 3.727829047523e-01 3.643986171964e+02 3.806472873761e+01 1.375134214902e+00 3.450358909763e+00 -3.454643018453e+01 8.092258542014e+01 8.404854389824e+01 3.390288062584e+04
2.012542463641e+03 1.020000000000e+00 4.061507555516e+01 4.600000000000e+00 3.651362174846e-01 3.636979595903e+02 3.978301999308e+01 1.724584125421e+00 3.483120387793e+00 -3.342969925287e+01 8.139833080895e+01 8.119181072719e+01 3.494266627284e+04
2.012542577682e+03 1.020000000000e+00 4.061507555516e+01 4.600000000000e+00 3.553135788155e-01 3.633432697358e+02 4.075931777270e+01 1.117440238663e+00 4.089715925982e+00 -3.249017081176e+01 8.155367207195e+01 7.858928041253e+01 4.219818715907e+04
2.012542691722e+03 1.020000000000e+00 4.061507555516e+01 4.600000000000e+00 3.404310666112e-01 3.640544667081e+02 4.024605410464e+01 -2.102002362314e+00 6.413558201423e+00 -3.174074095357e+01 8.126173101151e+01 7.622200689206e+01 6.903931061448e+04
2.012542805762e+03 1.020000000000e+00 4.061507555516e+01 4.600000000000e+00 3.200201717484e-01 3.657069520378e+02 3.702018085031e+01 -7.887908452140e+00 1.025097297266e+01 -3.120148654712e+01 8.046998873130e+01 7.407641360855e+01 1.169526334275e+05
2.012542919802e+03 1.020000000000e+00 4.061507555516e+01 4.600000000000e+00 3.018595787040e-01 3.692691610423e+02 2.944931801555e+01 -1.478474628509e+01 1.466845099713e+01 -3.083033884552e+01 7.921893867586e+01 7.243996515815e+01 1.766763096047e+05
2.012543033843e+03 1.020000000000e+00 4.061507555516e+01 4.600000000000e+00 2.893617933466e-01 3.726331713046e+02 1.980721720573e+01 -2.132048899589e+01 1.890286486996e+01 -3.076552081967e+01 7.735999837410e+01 7.133363443631e+01 2.370018017683e+05
2.012543147883e+03 1.020000000000e+00 4.061507555516e+01 4.600000000000e+00 2.826076746936e-01 3.750247741514e+02 9.195669972515e+00 -2.421778427616e+01 2.245629485479e+01 -3.141510984816e+01 7.486054305280e+01 7.083296752967e+01 2.878542987728e+05
2.012543261923e+03 1.020000000000e+00 4.061507555516e+01 4.600000000000e+00 2.806642864918e-01 3.773469476224e+02 9.288052443588e-01 -2.461916761846e+01 2.510451216236e+01 -3.278432339775e+01 7.211788655567e+01 7.087647071855e+01 3.237956127969e+05
2.012543375963e+03 1.020000000000e+00 4.061507555516e+01 4.600000000000e+00 2.902151499720e-01 3.785346061173e+02 -3.058204578917e+00 -2.416170629753e+01 2.712529234788e+01 -3.426563043590e+01 6.956108015398e+01 7.088181123210e+01 3.384837470622e+05
2.012543490004e+03 1.020000000000e+00 4.061507555516e+01 4.600000000000e+00 3.434242386694e-01 3.788360010893e+02 -3.781761679051e+00 -2.278970021291e+01 2.902843422068e+01 -3.561531837628e+01 6.751854891842e+01 7.058378618689e+01 3.219760567095e+05
2.012543604044e+03 1.020000000000e+00 4.061507555516e+01 4.600000000000e+00 5.552213753555e-01 3.784135088135e+02 -2.943093954677e+00 -2.059523727864e+01 3.115262205778e+01 -3.680302765540e+01 6.602653667177e+01 6.995649612426e+01 2.340054238711e+05
2.012543718084e+03 1.020000000000e+00 4.161507555516e+01 4.700000000000e+00 1.057111717184e+00 3.761372686723e+02 -5.904666785622e-01 -1.921223825077e+01 3.429562193547e+01 -3.755926969673e+01 6.365758320105e+01 7.066145481319e+01 1.271250532240e+05
2.012543832124e+03 1.020000000000e+00 4.161507555516e+01 4.700000000000e+00 1.809321069487e+00 3.748572836462e+02 1.627056260904e+00 -1.680733599175e+01 3.710418019579e+01 -3.866154660601e+01 6.300584958259e+01 7.007109534680e+01 7.695637051597e+04
2.012543946165e+03 1.020000000000e+00 4.161507555516e+01 4.700000000000e+00 2.653545814673e+00 3.735498930230e+02 4.003584896789e+00 -1.446992453005e+01 4.003186899086e+01 -3.976210992932e+01 6.285538697771e+01 6.984262858173e+01 5.559271304195e+04
2.012544060205e+03 1.020000000000e+00 4.161507555516e+01 4.700000000000e+00 3.512272080921e+00 3.727952784688e+02 6.506499271604e+00 -1.256545582742e+01 4.285848132447e+01 -4.088383865156e+01 6.386887891817e+01 7.017499042454e+01 4.458391119012e+04
2.012544174245e+03 1.020000000000e+00 4.161507555516e+01 4.700000000000e+00 4.309133615249e+00 3.720642574319e+02 8.671499753942e+00 -1.150744369476e+01 4.524004520274e+01 -4.200041611388e+01 6.560716599587e+01 7.073544591031e+01 3.817818184688e+04
2.012544288285e+03 1.020000000000e+00 4.161507555516e+01 4.700000000000e+00 4.983463638461e+00 3.712745880321e+02 1.007065527371e+01 -1.097835679338e+01 4.745438624117e+01 -4.312696189462e+01 6.760204635651e+01 7.148361886424e+01 3.452638699059e+04
2.012544402326e+03 1.020000000000e+00 4.161507555516e+01 4.700000000000e+00 5.522580050561e+00 3.705662265476e+02 1.067081774867e+01 -1.069161592329e+01 5.042852347194e+01 -4.421435642090e+01 6.986232525538e+01 7.209238672668e+01 3.304619667559e+04
2.012544516366e+03 1.020000000000e+00 4.161507555516e+01 4.700000000000e+00 6.136677379194e+00 3.701618286385e+02 1.072930987780e+01 -1.089170401825e+01 5.745897390383e+01 -4.511195416369e+01 7.222266035188e+01 7.198337807353e+01 3.375511718422e+04
2.012544630406e+03 1.020000000000e+00 4.161507555516e+01 4.700000000000e+00 7.324207074995e+00 3.703279627726e+02 1.015621912540e+01 -1.245811371342e+01 7.452131682386e+01 -4.565716392645e+01 7.388017929018e+01 7.115574239782e+01 3.657817859333e+04
2.012544744446e+03 1.020000000000e+00 4.161507555516e+01 4.700000000000e+00 8.998869615791e+00 3.707392651387e+02 8.317216793615e+00 -1.525381117766e+01 1.014477808439e+02 -4.581073806968e+01 7.468988244834e+01 6.992305603771e+01 4.056626296247e+04
2.012544858487e+03 1.020000000000e+00 4.161507555516e+01 4.700000000000e+00 1.084476706769e+01 3.712274606250e+02 5.690076378875e+00 -1.855710929414e+01 1.343813312021e+02 -4.574509148063e+01 7.528099725465e+01 6.782313992126e+01 4.466990690932e+04
2.012544972527e+03 1.020000000000e+00 4.161507555516e+01 4.700000000000e+00 1.266133413707e+01 3.718621704530e+02 2.457301372944e+00 -2.154110783421e+01 1.700870819417e+02 -4.559342236165e+01 7.658300848457e+01 6.406278881386e+01 4.849984731733e+04
2.012545086567e+03 1.020000000000e+00 4.161507555516e+01 4.700000000000e+00 1.421654172074e+01 3.727269420489e+02 -1.432384075118e+00 -2.350580595323e+01 2.054187028260e+02 -4.540855051895e+01 7.927252929364e+01 5.837090467137e+01 5.222319546279e+04
2.012545200607e+03 1.020000000000e+00 4.161507555516e+01 4.700000000000e+00 1.504988070244e+01 3.739096505590e+02 -5.477282225462e+00 -2.467435405407e+01 2.375648471677e+02 -4.519289600559e+01 8.266028767122e+01 5.175322609335e+01 5.712838257412e+04
2.012545314648e+03 1.020000000000e+00 4.161507555516e+01 4.700000000000e+00 1.517326836552e+01 3.750954525375e+02 -9.329494557513e+00 -2.527789814519e+01 2.644612960179e+02 -4.492232456908e+01 8.602484703428e+01 4.503798274322e+01 6.311806537949e+04
2.012545428688e+03 1.020000000000e+00 4.161507555516e+01 4.700000000000e+00 1.500761222837e+01 3.760917536371e+02 -1.273534283306e+01 -2.544114099295e+01 2.854729199187e+02 -4.460336377500e+01 8.896092858435e+01 3.880323923058e+01 6.889575923485e+04
2.012545542728e+03 1.020000000000e+00 4.161507555516e+01 4.700000000000e+00 1.474100636155e+01 3.769302117430e+02 -1.555134670334e+01 -2.535849728811e+01 3.008699773981e+02 -4.426361078471e+01 9.120672409687e+01 3.337206697422e+01 7.392586873567e+04
2.012545656768e+03 1.020000000000e+00 4.161507555516e+01 4.700000000000e+00 1.442868804108e+01 3.777805211921e+02 -1.770117944905e+01 -2.506340444379e+01 3.111600277273e+02 -4.390556371827e+01 9.253616650154e+01 2.878531957382e+01 7.811632770675e+04
2.012545770809e+03 1.020000000000e+00 4.161507555516e+01 4.700000000000e+00 1.400410945649e+01 3.788949690044e+02 -1.918499164719e+01 -2.423108074381e+01 3.166177888380e+02 -4.348306284801e+01 9.296859296125e+01 2.487625328907e+01 8.190900207978e+04
2.012545884849e+03 1.020000000000e+00 4.161507555516e+01 4.700000000000e+00 1.335444370957e+01 3.808642532422e+02 -2.001834235760e+01 -2.238661913597e+01 3.167266097623e+02 -4.294557720383e+01 9.231540446994e+01 2.091869387660e+01 8.597119525452e+04
2.012545998889e+03 1.020000000000e+00 4.161507555516e+01 4.700000000000e+00 1.236235105433e+01 3.854919997505e+02 -2.019680081860e+01 -1.997958094470e+01 3.063105432158e+02 -4.216135723458e+01 8.933258682740e+01 1.635998717370e+01 8.980212594093e+04
2.012546112929e+03 1.020000000000e+00 4.161507555516e+01 4.700000000000e+00 1.084496144326e+01 3.948693227237e+02 -1.951089270916e+01 -1.695057205733e+01 2.744025909280e+02 -4.090298058038e+01 7.952174947572e+01 1.137070732843e+01 9.118968104435e+04
2.012546226970e+03 1.020000000000e+00 4.161507555516e+01 4.700000000000e+00 8.900570367531e+00 4.083413582593e+02 -1.628388277813e+01 -1.282617770802e+01 2.046287585738e+02 -3.884230593913e+01 6.327469521761e+01 7.292381924962e+00 8.243123467440e+04
2.012546341010e+03 1.020000000000e+00 4.161507555516e+01 4.700000000000e+00 7.134563925752e+00 4.226771540128e+02 -9.938316398001e+00 -8.273505566388e+00 1.367023069410e+02 -3.678248188039e+01 4.762080681017e+01 4.459747713307e+00 6.885302854661e+04
2.012546455050e+03 1.020000000000e+00 4.251507555516e+01 4.800000000000e+00 6.035683682087e+00 4.327070610070e+02 -4.976941169357e+00 -5.195655410911e+00 9.829171764673e+01 -3.540140372525e+01 3.811135305887e+01 2.802542919775e+00 5.882225740854e+04
2.012546569090e+03 1.020000000000e+00 4.251507555516e+01 4.800000000000e+00 5.453392228240e+00 4.379449508253e+02 -2.481800962946e+00 -3.374070206118e+00 8.086546131853e+01 -3.455877559491e+01 3.328086510212e+01 1.726379041229e+00 5.368636217495e+04
2.012546683131e+03 1.020000000000e+00 4.251507555516e+01 4.800000000000e+00 5.227910582850e+00 4.398654345864e+02 -1.567048938977e+00 -2.767131194142e+00 7.510542522631e+01 -3.407311792188e+01 3.159771068510e+01 1.297686011751e+00 5.202589710592e+04
2.012546797171e+03 1.020000000000e+00 4.251507555516e+01 4.800000000000e+00 5.117232961053e+00 4.408272672710e+02 -1.136998690404e+00 -2.570879863177e+00 7.257882322764e+01 -3.401409631725e+01 3.093839447259e+01 1.099655263225e+00 5.136397281838e+04
2.012546911211e+03 1.020000000000e+00 4.251507555516e+01 4.800000000000e+00 5.050868281554e+00 4.414774409352e+02 -8.811929652191e-01 -2.509756526317e+00 7.112392386726e+01 -3.422484464385e+01 3.058912883728e+01 9.622835270657e-01 5.099456077336e+04
2.012547025251e+03 1.020000000000e+00 4.251507555516e+01 4.800000000000e+00 5.047469976271e+00 4.420441689478e+02 -5.748422445890e-01 -2.490812938482e+00 7.101221938151e+01 -3.435735703146e+01 3.033473563901e+01 7.996899907094e-01 5.094713025257e+04
2.012547139292e+03 1.020000000000e+00 4.251507555516e+01 4.800000000000e+00 5.080856339322e+00 4.426370490025e+02 -1.632306572072e-01 -2.483956552957e+00 7.174481120479e+01 -3.440536834306e+01 3.017567598723e+01 6.116269484827e-01 5.113491558745e+04
2.012547253332e+03 1.020000000000e+00 4.251507555516e+01 4.800000000000e+00 5.109968845426e+00 4.433309955258e+02 1.817673734773e-01 -2.483937814253e+00 7.240357535512e+01 -3.445528347577e+01 3.016156644471e+01 4.186780124954e-01 5.131065606306e+04
2.012547367372e+03 1.020000000000e+00 4.251507555516e+01 4.800000000000e+00 5.140065136146e+00 4.441013656603e+02 3.876258215314e-01 -2.490867531343e+00 7.309189669008e+01 -3.455465519609e+01 3.020339444320e+01 2.330333525319e-01 5.149447611853e+04
2.012547481412e+03 1.020000000000e+00 4.251507555516e+01 4.800000000000e+00 5.189710950402e+00 4.448704028467e+02 4.729332144980e-01 -2.502580252184e+00 7.419903945078e+01 -3.469932523699e+01 3.032934858227e+01 6.342806889147e-02 5.177346507926e+04
2.012547595453e+03 1.020000000000e+00 4.251507555516e+01 4.800000000000e+00 5.263602258865e+00 4.456411578581e+02 5.073560471647e-01 -2.519350389771e+00 7.581906532146e+01 -3.486050157159e+01 3.052639764451e+01 -8.382679459987e-02 5.216050597329e+04
2.012547709493e+03 1.020000000000e+00 4.251507555516e+01 4.800000000000e+00 5.355643477947e+00 4.464721315730e+02 5.231839495758e-01 -2.540555429514e+00 7.784384419245e+01 -3.500218877330e+01 3.072991154596e+01 -2.043467267160e-01 5.263257064421e+04
2.012547823533e+03 1.020000000000e+00 4.251507555516e+01 4.800000000000e+00 5.462295480401e+00 4.473902484777e+02 5.223335701771e-01 -2.564222824236e+00 8.021987066256e+01 -3.508927825898e+01 3.090993439052e+01 -2.949211277817e-01 5.317951860348e+04
2.012547937573e+03 1.020000000000e+00 4.251507555516e+01 4.800000000000e+00 5.582625081325e+00 4.484061571736e+02 4.602570963166e-01 -2.587250181042e+00 8.293460302732e+01 -3.509359000532e+01 3.105548549320e+01 -3.547453875490e-01 5.379353912495e+04
2.012548051613e+03 1.020000000000e+00 4.251507555516e+01 4.800000000000e+00 5.716116763062e+00 4.495165217698e+02 3.380550186483e-01 -2.603317029177e+00 8.598704774449e+01 -3.500093517655e+01 3.116938156240e+01 -3.903001550377e-01 5.447031882918e+04
2.012548165654e+03 1.020000000000e+00 4.251507555516e+01 4.800000000000e+00 5.861500325373e+00 4.507142742048e+02 1.824706212191e-01 -2.619450214792e+00 8.935928646474e+01 -3.481126471728e+01 3.125733955725e+01 -4.031788898454e-01 5.520196098439e+04
2.012548279694e+03 1.020000000000e+00 4.251507555516e+01 4.800000000000e+00 6.014575892312e+00 4.520015775155e+02 6.592761767019e-03 -2.636998699207e+00 9.302210179536e+01 -3.453839837500e+01 3.132998902528e+01 -4.051618418475e-01 5.600133934152e+04
2.012548393734e+03 1.020000000000e+00 4.251507555516e+01 4.800000000000e+00 6.145120677348e+00 4.533943757636e+02 -1.826390065803e-01 -2.659022699426e+00 9.694527536272e+01 -3.420435972274e+01 3.140480275528e+01 -3.864397105877e-01 5.712241759660e+04
2.012548507774e+03 1.020000000000e+00 4.251507555516e+01 4.800000000000e+00 6.230514252765e+00 4.549056498269e+02 -3.926370302584e-01 -2.695690923629e+00 1.010879753358e+02 -3.382979133004e+01 3.149193833354e+01 -2.851056759284e-01 5.874725877315e+04
2.012548621815e+03 1.020000000000e+00 4.251507555516e+01 4.800000000000e+00 6.301801868094e+00 4.565190170591e+02 -6.502556403058e-01 -2.735507238786e+00 1.053629197780e+02 -3.342570412812e+01 3.157576898117e+01 -8.768091790509e-02 6.053919189049e+04
2.012548735855e+03 1.020000000000e+00 4.251507555516e+01 4.800000000000e+00 6.372045967002e+00 4.581854968271e+02 -9.894487189108e-01 -2.804093820626e+00 1.095964001527e+02 -3.299401170555e+01 3.160512227766e+01 1.560582731374e-01 6.227824730486e+04
2.012548849895e+03 1.020000000000e+00 4.251507555516e+01 4.800000000000e+00 6.436547844675e+00 4.598387768075e+02 -1.420718815334e+00 -2.895698846645e+00 1.135126163062e+02 -3.253871254112e+01 3.151179543172e+01 4.339714481653e-01 6.385870969620e+04
2.012548963935e+03 1.020000000000e+00 4.251507555516e+01 4.800000000000e+00 6.482087443638e+00 4.614066778183e+02 -1.916631916883e+00 -2.990659018713e+00 1.167603263586e+02 -3.206862234869e+01 3.127889452530e+01 7.405509483720e-01 6.522648333783e+04
2.012549077976e+03 1.020000000000e+00 4.251507555516e+01 4.800000000000e+00 6.486981292334e+00 4.628392829246e+02 -2.440626009731e+00 -3.070400827445e+00 1.189161873540e+02 -3.159379062461e+01 3.098558413918e+01 1.058874769172e+00 6.638307018932e+04
2.012549192016e+03 1.020000000000e+00 4.351507555516e+01 4.900000000000e+00 6.441908019265e+00 4.639877533014e+02 -2.770646782984e+00 -3.145094717911e+00 1.196976387455e+02 -3.126977859021e+01 3.055326627765e+01 1.361230026290e+00 6.728924034800e+04
2.012549306056e+03 1.020000000000e+00 4.351507555516e+01 4.900000000000e+00 6.336183081058e+00 4.651476165595e+02 -3.258344829601e+00 -3.158084720262e+00 1.193444925097e+02 -3.080660499452e+01 3.005021023612e+01 1.630023731465e+00 6.821093400669e+04
2.012549420096e+03 1.020000000000e+00 4.351507555516e+01 4.900000000000e+00 6.210947782965e+00 4.661770346051e+02 -3.620270635850e+00 -3.147563038492e+00 1.178472362014e+02 -3.033990176949e+01 2.952284958527e+01 1.830678733689e+00 6.871365474854e+04
2.012549534137e+03 1.020000000000e+00 4.351507555516e+01 4.900000000000e+00 6.069622140512e+00 4.671199315173e+02 -3.838892703974e+00 -3.108224115984e+00 1.154839322816e+02 -2.986108269285e+01 2.900057498715e+01 1.953641585537e+00 6.890421887762e+04
2.012549648177e+03 1.020000000000e+00 4.351507555516e+01 4.900000000000e+00 5.897004679077e+00 4.680170526611e+02 -3.930926635304e+00 -3.008569551795e+00 1.124558204924e+02 -2.936783671995e+01 2.848407749502e+01 2.023660713251e+00 6.906181527482e+04
2.012549762217e+03 1.020000000000e+00 4.351507555516e+01 4.900000000000e+00 5.716661524854e+00 4.688989575864e+02 -3.949669763513e+00 -2.875803279245e+00 1.091515377839e+02 -2.887430317212e+01 2.796795501095e+01 2.039397776688e+00 6.914711115167e+04
2.012549876257e+03 1.020000000000e+00 4.351507555516e+01 4.900000000000e+00 5.543158475516e+00 4.697699263824e+02 -3.939644514614e+00 -2.728976371160e+00 1.058005695053e+02 -2.840986668718e+01 2.745250344411e+01 2.023253709077e+00 6.912189533665e+04
2.012549990298e+03 1.020000000000e+00 4.351507555516e+01 4.900000000000e+00 5.384253628294e+00 4.706255085044e+02 -3.898352082760e+00 -2.584037302277e+00 1.024735597707e+02 -2.800642122864e+01 2.694062313047e+01 1.962253822324e+00 6.892397144614e+04
2.012550104338e+03 1.020000000000e+00 4.351507555516e+01 4.900000000000e+00 5.243059452695e+00 4.714641281776e+02 -3.814568087800e+00 -2.432591127737e+00 9.927706617515e+01 -2.768467155312e+01 2.643134491894e+01 1.825721958805e+00 6.857213816463e+04
2.012550218378e+03 1.020000000000e+00 4.351507555516e+01 4.900000000000e+00 5.119149763059e+00 4.722836325856e+02 -3.731505947023e+00 -2.270704123040e+00 9.623375333580e+01 -2.744925028369e+01 2.592365478780e+01 1.670083936963e+00 6.807900124871e+04
2.012550332418e+03 1.020000000000e+00 4.351507555516e+01 4.900000000000e+00 5.009417137467e+00 4.730773413245e+02 -3.653659959530e+00 -2.105319460016e+00 9.340181141612e+01 -2.729136604293e+01 2.541411775841e+01 1.515509639509e+00 6.752308800140e+04
2.012550446459e+03 1.020000000000e+00 4.351507555516e+01 4.900000000000e+00 4.909637896204e+00 4.738338011198e+02 -3.565076761518e+00 -1.944077028009e+00 9.083111103191e+01 -2.719298658716e+01 2.489582338974e+01 1.365219008587e+00 6.699919521671e+04
2.012550560499e+03 1.020000000000e+00 4.351507555516e+01 4.900000000000e+00 4.825089822939e+00 4.745403163493e+02 -3.446805562571e+00 -1.790710325715e+00 8.859040502742e+01 -2.713334911670e+01 2.435945192267e+01 1.220090045473e+00 6.649155753720e+04
2.012550674539e+03 1.020000000000e+00 4.351507555516e+01 4.900000000000e+00 4.760150845573e+00 4.752010832522e+02 -3.321070902920e+00 -1.647255909122e+00 8.654662519451e+01 -2.709406975381e+01 2.382611809309e+01 1.083995071615e+00 6.584385061272e+04
2.012550788579e+03 1.020000000000e+00 4.351507555516e+01 4.900000000000e+00 4.703761760100e+00 4.758232791084e+02 -3.198389675612e+00 -1.512759497707e+00 8.465279519901e+01 -2.706289703256e+01 2.330663585246e+01 9.601040417255e-01 6.517494978654e+04
2.012550902620e+03 1.020000000000e+00 4.351507555516e+01 4.900000000000e+00 4.648416826069e+00 4.764079662570e+02 -3.069673090039e+00 -1.386234032159e+00 8.293687949056e+01 -2.703304605262e+01 2.279672504626e+01 8.506677466184e-01 6.461395074829e+04
2.012551016660e+03 1.020000000000e+00 4.351507555516e+01 4.900000000000e+00 4.595823665291e+00 4.769535517722e+02 -2.927438033595e+00 -1.268123013334e+00 8.141764262891e+01 -2.700189303914e+01 2.229471894581e+01 7.585080365637e-01 6.415610882029e+04
2.012551130700e+03 1.020000000000e+00 4.351507555516e+01 4.900000000000e+00 4.548385942428e+00 4.774566676247e+02 -2.771620469627e+00 -1.158323069012e+00 8.008806623430e+01 -2.696990182135e+01 2.180526057954e+01 6.864597788072e-01 6.376650734684e+04
2.012551244740e+03 1.020000000000e+00 4.351507555516e+01 4.900000000000e+00 4.506656247597e+00 4.779097506128e+02 -2.609135640814e+00 -1.055411171103e+00 7.892926573049e+01 -2.693892552152e+01 2.133688577065e+01 6.365408463642e-01 6.342567327019e+04
2.012551358781e+03 1.020000000000e+00 4.351507555516e+01 4.900000000000e+00 4.470013879094e+00 4.783018792354e+02 -2.450800188118e+00 -9.565467196853e-01 7.791850259817e+01 -2.691104854106e+01 2.089754824875e+01 6.089594871433e-01 6.312666043936e+04
2.012551472821e+03 1.020000000000e+00 4.351507555516e+01 4.900000000000e+00 4.437236595787e+00 4.786239467388e+02 -2.308136988795e+00 -8.578840287357e-01 7.702260493139e+01 -2.688732707610e+01 2.049159079301e+01 5.994839696149e-01 6.286170382189e+04
2.012551586861e+03 1.020000000000e+00 4.351507555516e+01 4.900000000000e+00 4.408722043713e+00 4.788590268895e+02 -2.200939114256e+00 -7.561498139716e-01 7.624802764405e+01 -2.686825990606e+01 2.013065020883e+01 5.982456737894e-01 6.263164750177e+04
2.012551700901e+03 1.020000000000e+00 4.351507555516e+01 4.900000000000e+00 4.392329812402e+00 4.789723730965e+02 -2.161351996767e+00 -6.525487903083e-01 7.578903866875e+01 -2.685432488082e+01 1.985199368453e+01 6.074667129344e-01 6.248688825045e+04
2.012551814942e+03 1.020000000000e+00 4.351507555516e+01 4.900000000000e+00 4.380094114561e+00 4.790321136920e+02 -2.150811291418e+00 -5.511023550902e-01 7.543286535479e+01 -2.684483825745e+01 1.961157344840e+01 6.324424113987e-01 6.236706519226e+04
2.012551928982e+03 1.020000000000e+00 4.441507555516e+01 5.000000000000e+00 4.377565056515e+00 4.789884989724e+02 -2.076263991218e+00 -4.780375007025e-01 7.531135211439e+01 -2.696759528181e+01 1.945551153599e+01 6.255806141793e-01 6.230235778361e+04
2.012552043022e+03 1.020000000000e+00 4.441507555516e+01 5.000000000000e+00 4.365961572018e+00 4.789497769907e+02 -2.097649568423e+00 -3.893911318636e-01 7.498385477691e+01 -2.695427212020e+01 1.924732015486e+01 6.472932001081e-01 6.219626961431e+04
2.012552157062e+03 1.020000000000e+00 4.441507555516e+01 5.000000000000e+00 4.356411666799e+00 4.788390457799e+02 -2.160450499702e+00 -3.154343996235e-01 7.470416752226e+01 -2.694486592842e+01 1.909489413947e+01 6.526809582672e-01 6.210006242617e+04
2.012552271103e+03 1.020000000000e+00 4.441507555516e+01 5.000000000000e+00 4.349044698767e+00 4.786982748983e+02 -2.237967501535e+00 -2.607665245645e-01 7.447561060639e+01 -2.693610165078e+01 1.900207207363e+01 6.485445316869e-01 6.201494040161e+04
2.012552385143e+03 1.020000000000e+00 4.441507555516e+01 5.000000000000e+00 4.342447799794e+00 4.785281504760e+02 -2.316530379884e+00 -2.286110670221e-01 7.426032920978e+01 -2.692216756428e+01 1.892090435937e+01 6.362352608244e-01 6.192963777242e+04
2.012552499183e+03 1.020000000000e+00 4.441507555516e+01 5.000000000000e+00 4.335543959292e+00 4.783243599596e+02 -2.393165023099e+00 -2.128073303572e-01 7.403264651603e+01 -2.689869936259e+01 1.883963596122e+01 6.092435839133e-01 6.183808259102e+04
2.012552613223e+03 1.020000000000e+00 4.441507555516e+01 5.000000000000e+00 4.327793613610e+00 4.780855238353e+02 -2.471973221339e+00 -2.111742828666e-01 7.378239241115e+01 -2.686178451957e+01 1.875705787148e+01 5.618723253216e-01 6.173942218562e+04
2.012552727264e+03 1.020000000000e+00 4.441507555516e+01 5.000000000000e+00 4.318851280183e+00 4.778114399200e+02 -2.561061040736e+00 -2.221509071562e-01 7.350112063716e+01 -2.680880339815e+01 1.866984698770e+01 4.985009439712e-01 6.163142917371e+04
2.012552841304e+03 1.020000000000e+00 4.441507555516e+01 5.000000000000e+00 4.308285509758e+00 4.775040882986e+02 -2.668033934067e+00 -2.441099297503e-01 7.317671353296e+01 -2.673806079431e+01 1.857379784124e+01 4.262359127518e-01 6.150993598922e+04
2.012552955344e+03 1.020000000000e+00 4.441507555516e+01 5.000000000000e+00 4.295444164980e+00 4.771681797531e+02 -2.799888974940e+00 -2.705340346332e-01 7.279341638241e+01 -2.664816646243e+01 1.846675625202e+01 3.503581638049e-01 6.137074513558e+04
2.012553069384e+03 1.020000000000e+00 4.441507555516e+01 5.000000000000e+00 4.279531908661e+00 4.768098472590e+02 -2.961890194702e+00 -2.950928651924e-01 7.233222842257e+01 -2.653901686953e+01 1.834836119472e+01 2.738436578695e-01 6.120877120275e+04
2.012553183425e+03 1.020000000000e+00 4.441507555516e+01 5.000000000000e+00 4.259876759698e+00 4.764341007636e+02 -3.156526093087e+00 -3.147549158559e-01 7.177686442840e+01 -2.641250405589e+01 1.821970126333e+01 1.979177441963e-01 6.101917700897e+04
2.012553297465e+03 1.020000000000e+00 4.441507555516e+01 5.000000000000e+00 4.235994698319e+00 4.760429297076e+02 -3.383424990165e+00 -3.280105517385e-01 7.111520818177e+01 -2.627198636949e+01 1.808298132183e+01 1.232312826689e-01 6.079765009543e+04
2.012553411505e+03 1.020000000000e+00 4.441507555516e+01 5.000000000000e+00 4.207650409663e+00 4.756368119268e+02 -3.639384486898e+00 -3.330757108661e-01 7.034076263038e+01 -2.612089294357e+01 1.794150241335e+01 5.052343101244e-02 6.054073574934e+04
2.012553525545e+03 1.020000000000e+00 4.441507555516e+01 5.000000000000e+00 4.175258273192e+00 4.752179785963e+02 -3.917418339648e+00 -3.310636793581e-01 6.946179543991e+01 -2.596272964379e+01 1.780040298027e+01 -1.961412487845e-02 6.024810648539e+04
2.012553639586e+03 1.020000000000e+00 4.441507555516e+01 5.000000000000e+00 4.138837854302e+00 4.747784409985e+02 -4.212011038428e+00 -3.243743654964e-01 6.847611088161e+01 -2.580082863184e+01 1.765872581044e+01 -8.647244717490e-02 5.991581887588e+04
2.012553753626e+03 1.020000000000e+00 4.441507555516e+01 5.000000000000e+00 4.099473706535e+00 4.743173282539e+02 -4.513852477814e+00 -3.137418574416e-01 6.740806313448e+01 -2.563777520631e+01 1.751952692737e+01 -1.501110437894e-01 5.954759966885e+04
2.012553867666e+03 1.020000000000e+00 4.441507555516e+01 5.000000000000e+00 4.058026042342e+00 4.738286681131e+02 -4.815801706492e+00 -3.028623455918e-01 6.627644277700e+01 -2.547511830217e+01 1.738213190335e+01 -2.116379223777e-01 5.914586318486e+04
2.012553981706e+03 1.020000000000e+00 4.441507555516e+01 5.000000000000e+00 4.015267799251e+00 4.733051790351e+02 -5.112355502636e+00 -2.936043806688e-01 6.509841302458e+01 -2.531277443942e+01 1.724454760916e+01 -2.717405557721e-01 5.871313417679e+04
2.012554095747e+03 1.020000000000e+00 4.441507555516e+01 5.000000000000e+00 3.971772831766e+00 4.727386657799e+02 -5.400869303110e+00 -2.858864753799e-01 6.388724239111e+01 -2.514917018966e+01 1.710284963056e+01 -3.294222470384e-01 5.825167952660e+04
2.012554209787e+03 1.020000000000e+00 4.441507555516e+01 5.000000000000e+00 3.927987540125e+00 4.721232397045e+02 -5.682682098324e+00 -2.780951690224e-01 6.265445964416e+01 -2.498093688963e+01 1.695013011594e+01 -3.819808639166e-01 5.776435993576e+04
2.012554323827e+03 1.020000000000e+00 4.441507555516e+01 5.000000000000e+00 3.884350149558e+00 4.714610622115e+02 -5.965405866374e+00 -2.672928851134e-01 6.141365988194e+01 -2.480108157966e+01 1.677796142646e+01 -4.256287416566e-01 5.725640516618e+04
2.012554437867e+03 1.020000000000e+00 4.441507555516e+01 5.000000000000e+00 3.841308238481e+00 4.707648035965e+02 -6.264117493932e+00 -2.523324673737e-01 6.018201229767e+01 -2.459878783401e+01 1.658209203888e+01 -4.566659168032e-01 5.673673712420e+04
2.012554551908e+03 1.020000000000e+00 4.441507555516e+01 5.000000000000e+00 3.799706984112e+00 4.700520932027e+02 -6.594016101337e+00 -2.354249143782e-01 5.898915185636e+01 -2.436376552740e+01 1.636926152588e+01 -4.733772383397e-01 5.622092574173e+04
2.012554665948e+03 1.020000000000e+00 4.541507555516e+01 5.100000000000e+00 3.821892526497e+00 4.699972510310e+02 -6.515568126390e+00 -2.453639167927e-01 5.944657233647e+01 -2.443035885550e+01 1.653414509231e+01 -4.741231658689e-01 5.632461140024e+04
2.012554779988e+03 1.020000000000e+00 4.541507555516e+01 5.100000000000e+00 3.790159330037e+00 4.693376273048e+02 -6.820893541797e+00 -2.365016394762e-01 5.848962027661e+01 -2.417439890814e+01 1.637196689248e+01 -4.835143528383e-01 5.588190041518e+04
2.012554894028e+03 1.020000000000e+00 4.541507555516e+01 5.100000000000e+00 3.765972176657e+00 4.687318320773e+02 -7.064000524469e+00 -2.421682399650e-01 5.772664657013e+01 -2.392201993220e+01 1.625840408143e+01 -4.968880234527e-01 5.550747862938e+04
2.012555008069e+03 1.020000000000e+00 4.541507555516e+01 5.100000000000e+00 3.749879500241e+00 4.682405210858e+02 -7.166717233142e+00 -2.849120432620e-01 5.716899114476e+01 -2.370478001315e+01 1.619388523832e+01 -5.106564630078e-01 5.520750807726e+04
2.012555122109e+03 1.020000000000e+00 4.541507555516e+01 5.100000000000e+00 3.751856029838e+00 4.679881195293e+02 -7.130174253350e+00 -3.656249530497e-01 5.703157536094e+01 -2.354791964456e+01 1.625376197928e+01 -5.269706976894e-01 5.504620607523e+04
2.012555236149e+03 1.020000000000e+00 4.541507555516e+01 5.100000000000e+00 3.782606628297e+00 4.680162344736e+02 -6.969100969325e+00 -4.720773557437e-01 5.753966374461e+01 -2.346570620563e+01 1.653027554153e+01 -5.484074193028e-01 5.508514766299e+04
2.012555350189e+03 1.020000000000e+00 4.541507555516e+01 5.100000000000e+00 3.827783398696e+00 4.681402640815e+02 -6.644801502374e+00 -5.875440995869e-01 5.836198942375e+01 -2.346235482180e+01 1.694127740773e+01 -5.676075772153e-01 5.521300470831e+04
2.012555464230e+03 1.020000000000e+00 4.541507555516e+01 5.100000000000e+00 3.878041767921e+00 4.682759909169e+02 -6.246372441072e+00 -6.976417666497e-01 5.929849618891e+01 -2.353267210978e+01 1.740602826247e+01 -5.776476984672e-01 5.537219617911e+04
2.012555578270e+03 1.020000000000e+00 4.541507555516e+01 5.100000000000e+00 3.925617613477e+00 4.683965117333e+02 -5.831350711957e+00 -7.890635322698e-01 6.017005059692e+01 -2.365854535062e+01 1.788300629359e+01 -5.783960815710e-01 5.550549516964e+04
2.012555692310e+03 1.020000000000e+00 4.541507555516e+01 5.100000000000e+00 3.965597806156e+00 4.684753103807e+02 -5.438888870929e+00 -8.501285381230e-01 6.085514599591e+01 -2.381195236942e+01 1.832716863571e+01 -5.730620959565e-01 5.557187724996e+04
2.012555806350e+03 1.020000000000e+00 4.541507555516e+01 5.100000000000e+00 3.996225620633e+00 4.684072003040e+02 -5.091091143657e+00 -8.842614968561e-01 6.131246123499e+01 -2.396327039752e+01 1.870907711603e+01 -5.582410208473e-01 5.556045780899e+04
2.012555920391e+03 1.020000000000e+00 4.541507555516e+01 5.100000000000e+00 4.020144309115e+00 4.681724566457e+02 -4.796504438253e+00 -9.063422375029e-01 6.160570800168e+01 -2.409396507063e+01 1.902707978721e+01 -5.381311674958e-01 5.549394617288e+04
2.012556034431e+03 1.020000000000e+00 4.541507555516e+01 5.100000000000e+00 4.040515599906e+00 4.678401621097e+02 -4.554568363273e+00 -9.167790302402e-01 6.180647737423e+01 -2.419623161046e+01 1.928677809452e+01 -5.132971300664e-01 5.539396860690e+04
2.012556148471e+03 1.020000000000e+00 4.541507555516e+01 5.100000000000e+00 4.058881557637e+00 4.674321618668e+02 -4.359439795861e+00 -9.206198545814e-01 6.195370246322e+01 -2.426941726798e+01 1.948913897978e+01 -4.847644603090e-01 5.527456034983e+04
2.012556262511e+03 1.020000000000e+00 4.541507555516e+01 5.100000000000e+00 4.076125667445e+00 4.669569987652e+02 -4.200999806674e+00 -9.251220204545e-01 6.207436144764e+01 -2.431776167531e+01 1.963595751314e+01 -4.551786341474e-01 5.514786325020e+04
2.012556376552e+03 1.020000000000e+00 4.541507555516e+01 5.100000000000e+00 4.092848337210e+00 4.664212473437e+02 -4.062037919375e+00 -9.345653062913e-01 6.218334912487e+01 -2.434728569246e+01 1.973589328412e+01 -4.247730472178e-01 5.501893257515e+04
2.012556490592e+03 1.020000000000e+00 4.541507555516e+01 5.100000000000e+00 4.109956919256e+00 4.658379831219e+02 -3.926279050541e+00 -9.514741747706e-01 6.230080368394e+01 -2.436313232772e+01 1.980121635008e+01 -3.938048524164e-01 5.489328905121e+04
2.012556604632e+03 1.020000000000e+00 4.541507555516e+01 5.100000000000e+00 4.129137568402e+00 4.652319156835e+02 -3.784538862529e+00 -9.773633142975e-01 6.246579132422e+01 -2.436836591485e+01 1.984544777332e+01 -3.631978565922e-01 5.478273712133e+04
2.012556718672e+03 1.020000000000e+00 4.541507555516e+01 5.100000000000e+00 4.152321032420e+00 4.646336008394e+02 -3.630947024374e+00 -1.014868337300e+00 6.272369258745e+01 -2.436456256124e+01 1.988431116130e+01 -3.357009682224e-01 5.470136810977e+04
2.012556832713e+03 1.020000000000e+00 4.541507555516e+01 5.100000000000e+00 4.180680150899e+00 4.640659378959e+02 -3.463830989741e+00 -1.067175801697e+00 6.310363195716e+01 -2.435298837633e+01 1.992765908150e+01 -3.127394371568e-01 5.465905499049e+04
2.012556946753e+03 1.020000000000e+00 4.541507555516e+01 5.100000000000e+00 4.211896139342e+00 4.635208028054e+02 -3.270907138869e+00 -1.127901038480e+00 6.355485305212e+01 -2.433702161938e+01 1.998673177608e+01 -2.864000909766e-01 5.464178323340e+04
2.012557060793e+03 1.020000000000e+00 4.541507555516e+01 5.100000000000e+00 4.242151185249e+00 4.629649029804e+02 -3.063447107482e+00 -1.187559953557e+00 6.398701839647e+01 -2.432300505176e+01 2.005275867850e+01 -2.501215571329e-01 5.462119029600e+04
2.012557174833e+03 1.020000000000e+00 4.541507555516e+01 5.100000000000e+00 4.268734993213e+00 4.623599172236e+02 -2.890038773757e+00 -1.238107689531e+00 6.432993706961e+01 -2.431664384802e+01 2.008956369532e+01 -2.028909680924e-01 5.457223447447e+04
2.012557288874e+03 1.020000000000e+00 4.541507555516e+01 5.100000000000e+00 4.291134200298e+00 4.616827785375e+02 -2.799566954497e+00 -1.271271926026e+00 6.455990569838e+01 -2.432003402787e+01 2.004482542889e+01 -1.446196130285e-01 5.448164059117e+04
2.012557402914e+03 1.020000000000e+00 4.631507555516e+01 5.200000000000e+00 4.316234588531e+00 4.619356534173e+02 -2.807249430282e+00 -1.257325290692e+00 6.530893668708e+01 -2.451671675582e+01 1.974122510690e+01 -7.244625796468e-02 5.479568741954e+04
2.012557516954e+03 1.020000000000e+00 4.631507555516e+01 5.200000000000e+00 4.324363501062e+00 4.610984645436e+02 -2.822365817897e+00 -1.253740439339e+00 6.514225375324e+01 -2.454941500207e+01 1.947812658770e+01 1.621507495060e-02 5.455362775263e+04
2.012557630994e+03 1.020000000000e+00 4.631507555516e+01 5.200000000000e+00 4.311936074716e+00 4.600422926049e+02 -2.896096472521e+00 -1.232133012299e+00 6.448931193498e+01 -2.460332935832e+01 1.911234563111e+01 1.171370295769e-01 5.416320749819e+04
2.012557745035e+03 1.020000000000e+00 4.631507555516e+01 5.200000000000e+00 4.283599251223e+00 4.588261013211e+02 -2.987006453825e+00 -1.197731064561e+00 6.348795112330e+01 -2.467296238747e+01 1.863084959282e+01 2.149604759217e-01 5.367567713315e+04
2.012557859075e+03 1.020000000000e+00 4.631507555516e+01 5.200000000000e+00 4.242093603827e+00 4.575045087336e+02 -3.041290668479e+00 -1.163726255934e+00 6.223294972688e+01 -2.475008553083e+01 1.810209678308e+01 2.985377008240e-01 5.313021226524e+04
2.012557973115e+03 1.020000000000e+00 4.631507555516e+01 5.200000000000e+00 4.186994812827e+00 4.561050824766e+02 -3.055946818739e+00 -1.137676902415e+00 6.075281415745e+01 -2.483189544396e+01 1.759546962490e+01 3.602594956576e-01 5.254975864215e+04
2.012558087155e+03 1.020000000000e+00 4.631507555516e+01 5.200000000000e+00 4.117691837395e+00 4.546319796629e+02 -3.041499066415e+00 -1.123199117746e+00 5.906020356436e+01 -2.492382190169e+01 1.718900536006e+01 3.953848818542e-01 5.194597031820e+04
2.012558201196e+03 1.020000000000e+00 4.631507555516e+01 5.200000000000e+00 4.038597794806e+00 4.530977156909e+02 -2.958344449209e+00 -1.117842139603e+00 5.725783103989e+01 -2.503308687434e+01 1.689317998977e+01 4.090098139082e-01 5.134727842625e+04
2.012558315236e+03 1.020000000000e+00 4.631507555516e+01 5.200000000000e+00 3.952381207516e+00 4.515051349952e+02 -2.731987056979e+00 -1.128105771628e+00 5.539110311818e+01 -2.516232731181e+01 1.666148698005e+01 4.064319325172e-01 5.075686248784e+04
2.012558429276e+03 1.020000000000e+00 4.631507555516e+01 5.200000000000e+00 3.860907488436e+00 4.498608357418e+02 -2.368246441616e+00 -1.165088099075e+00 5.347362711658e+01 -2.531375028044e+01 1.647826201829e+01 3.915707124909e-01 5.016072713113e+04
2.012558543316e+03 1.020000000000e+00 4.631507555516e+01 5.200000000000e+00 3.766482470700e+00 4.481689880676e+02 -1.893190769141e+00 -1.235467691702e+00 5.152870936173e+01 -2.549336974769e+01 1.643264269913e+01 3.588662907169e-01 4.954806183186e+04
2.012558657356e+03 1.020000000000e+00 4.631507555516e+01 5.200000000000e+00 3.671815335519e+00 4.464212897151e+02 -1.338688027930e+00 -1.332915846696e+00 4.960618674166e+01 -2.570920548153e+01 1.652506266566e+01 2.989345240266e-01 4.892923105992e+04
2.012558771397e+03 1.020000000000e+00 4.631507555516e+01 5.200000000000e+00 3.579595686836e+00 4.446155518492e+02 -7.155920759541e-01 -1.453966853853e+00 4.770964003342e+01 -2.597350311538e+01 1.669776535185e+01 2.226987615961e-01 4.827068109065e+04
