VARIABLES="time" "Distance" "lon" "lat" "density" "Vx" "Vy" "Vz" "p" "Bx" "By" "Bz" "T"
ZONE
DT=(DOUBLE DOUBLE DOUBLE DOUBLE DOUBLE DOUBLE DOUBLE DOUBLE DOUBLE DOUBLE DOUBLE DOUBLE DOUBLE )
2.012529234973e+03 1.020000000000e+00 3.591507555516e+01 4.200000000000e+00 3.652711505346e+00 4.177684221488e+02 7.070546155698e+00 -2.495022167756e+00 5.448854049228e+01 2.589592908127e+01 -8.701723017045e+00 -1.704747534736e+00 5.393331811807e+04
2.012529349013e+03 1.020000000000e+00 3.591507555516e+01 4.200000000000e+00 3.903202833374e+00 4.158196115199e+02 7.340565587187e+00 -1.329583821007e+00 5.995003876155e+01 2.288904737657e+01 -8.715980294206e+00 -5.343045652393e-01 5.552091706599e+04
2.012529463053e+03 1.020000000000e+00 3.591507555516e+01 4.200000000000e+00 4.208302510863e+00 4.143577701154e+02 7.379797602364e+00 -4.683467205378e-01 6.683595230242e+01 1.979479978681e+01 -8.630231237902e+00 4.775235883051e-01 5.741999675801e+04
2.012529577093e+03 1.020000000000e+00 3.591507555516e+01 4.200000000000e+00 4.521065477482e+00 4.130516063724e+02 7.252663438103e+00 3.731898310541e-02 7.409478726903e+01 1.679155663372e+01 -8.473536063887e+00 1.174904151339e+00 5.927367953126e+04
2.012529691134e+03 1.020000000000e+00 3.591507555516e+01 4.200000000000e+00 4.810908225710e+00 4.117652850988e+02 6.690424865382e+00 2.137844398206e-01 8.097763615994e+01 1.409177881491e+01 -8.299599059344e+00 1.511862639614e+00 6.089916541255e+04
2.012529805174e+03 1.020000000000e+00 3.591507555516e+01 4.200000000000e+00 5.066306087800e+00 4.104882391854e+02 5.506774891593e+00 1.302762661278e-01 8.715613141516e+01 1.184854255748e+01 -8.124906680124e+00 1.636758503909e+00 6.226142857226e+04
2.012529919214e+03 1.020000000000e+00 3.591507555516e+01 4.200000000000e+00 5.278334277020e+00 4.092336498352e+02 3.901115525303e+00 -3.146558901171e-01 9.236497109124e+01 1.010127823092e+01 -7.946145870004e+00 1.617046144366e+00 6.334727199225e+04
2.012530033254e+03 1.020000000000e+00 3.591507555516e+01 4.200000000000e+00 5.438415091503e+00 4.079879198204e+02 2.231460108717e+00 -9.870429345143e-01 9.657256115127e+01 8.782367248054e+00 -7.678240813423e+00 1.440013352031e+00 6.429240254744e+04
2.012530147295e+03 1.020000000000e+00 3.681507555516e+01 4.300000000000e+00 5.551844427043e+00 4.098110267439e+02 1.035310309332e+00 -2.269222294287e+00 9.760426406825e+01 1.103231125370e+01 -9.544930443406e+00 8.568938227319e-01 6.365780544410e+04
2.012530261335e+03 1.020000000000e+00 3.681507555516e+01 4.300000000000e+00 5.480315114719e+00 4.086357437318e+02 -4.146415041162e-01 -2.716695873943e+00 1.008032480619e+02 1.001309761383e+01 -8.556646803558e+00 9.343077759416e-02 6.660542502735e+04
2.012530375375e+03 1.020000000000e+00 3.681507555516e+01 4.300000000000e+00 5.363698712392e+00 4.075158606601e+02 -1.533306927925e+00 -3.111510249663e+00 1.027415884957e+02 9.054747465236e+00 -7.480332831798e+00 -5.450961592020e-01 6.936544779973e+04
2.012530489415e+03 1.020000000000e+00 3.681507555516e+01 4.300000000000e+00 5.231056537670e+00 4.062044276155e+02 -2.185394070449e+00 -3.362626547132e+00 1.028870092392e+02 8.036715483932e+00 -6.245957809711e+00 -9.397132639965e-01 7.122917171752e+04
2.012530603456e+03 1.020000000000e+00 3.681507555516e+01 4.300000000000e+00 5.082420832041e+00 4.043295967203e+02 -2.446773516704e+00 -3.452495136468e+00 1.007675057323e+02 6.846181740267e+00 -4.634230882542e+00 -1.087031378070e+00 7.180342192170e+04
2.012530717496e+03 1.020000000000e+00 3.681507555516e+01 4.300000000000e+00 4.939247001056e+00 4.020623564029e+02 -2.434429155271e+00 -3.409477804910e+00 9.782372340856e+01 5.394752258188e+00 -2.827414391575e+00 -1.103213369805e+00 7.172632430202e+04
2.012530831536e+03 1.020000000000e+00 3.681507555516e+01 4.300000000000e+00 4.814625999147e+00 3.994822715487e+02 -1.883648361949e+00 -3.057081902323e+00 9.485317488146e+01 3.622082590642e+00 -9.447161920832e-01 -9.700881785947e-01 7.134907619018e+04
2.012530945576e+03 1.020000000000e+00 3.681507555516e+01 4.300000000000e+00 4.705092723779e+00 3.965639110606e+02 -6.859141544467e-01 -2.126468138502e+00 9.207156497696e+01 1.498253453362e+00 1.040293108416e+00 -5.410757638171e-01 7.087141142185e+04
2.012531059617e+03 1.020000000000e+00 3.681507555516e+01 4.300000000000e+00 4.609692804908e+00 3.933197519942e+02 1.128613974079e+00 -8.917888371794e-01 8.933273965839e+01 -9.855418457650e-01 3.212943449818e+00 1.448772708219e-01 7.018756051560e+04
2.012531173657e+03 1.020000000000e+00 3.681507555516e+01 4.300000000000e+00 4.527716941893e+00 3.898409779434e+02 3.225825056519e+00 2.992154270556e-01 8.603117437313e+01 -3.815543421701e+00 5.577059283836e+00 8.214044579918e-01 6.882006287432e+04
2.012531287697e+03 1.020000000000e+00 3.681507555516e+01 4.300000000000e+00 4.475656873307e+00 3.862759194279e+02 5.464116923667e+00 1.268396840925e+00 8.228004584564e+01 -6.956091043268e+00 8.104027777442e+00 1.316743723617e+00 6.658260314637e+04
2.012531401737e+03 1.020000000000e+00 3.681507555516e+01 4.300000000000e+00 4.468252580304e+00 3.827392164662e+02 7.747283522377e+00 1.984929991934e+00 7.827516202662e+01 -1.032932902012e+01 1.074346158677e+01 1.624076502170e+00 6.343353455353e+04
2.012531515778e+03 1.020000000000e+00 3.681507555516e+01 4.300000000000e+00 4.476779220841e+00 3.792832619838e+02 9.993784202191e+00 2.481497751807e+00 7.381689342869e+01 -1.382130360354e+01 1.341283889296e+01 1.801306285428e+00 5.969044838787e+04
2.012531629818e+03 1.020000000000e+00 3.681507555516e+01 4.300000000000e+00 4.486806911298e+00 3.759750008771e+02 1.211212274447e+01 2.731744026441e+00 6.852158273163e+01 -1.729781835955e+01 1.605170507250e+01 1.864154580613e+00 5.526988737169e+04
2.012531743858e+03 1.020000000000e+00 3.681507555516e+01 4.300000000000e+00 4.494505364074e+00 3.729269593400e+02 1.400581479476e+01 2.789406957587e+00 6.278061309354e+01 -2.063229765245e+01 1.860940069256e+01 1.814024014872e+00 5.054326289485e+04
2.012531857898e+03 1.020000000000e+00 3.681507555516e+01 4.300000000000e+00 4.504511847087e+00 3.702176134248e+02 1.559529517384e+01 2.705992847927e+00 5.706323472898e+01 -2.372667407667e+01 2.097872817216e+01 1.604097334632e+00 4.583882010356e+04
2.012531971939e+03 1.020000000000e+00 3.681507555516e+01 4.300000000000e+00 4.524392931453e+00 3.678712696154e+02 1.682551400714e+01 2.487581224662e+00 5.179938686391e+01 -2.651097638059e+01 2.308177839019e+01 1.211588991842e+00 4.144193964051e+04
2.012532085979e+03 1.020000000000e+00 3.681507555516e+01 4.300000000000e+00 4.560386501978e+00 3.658760023997e+02 1.767192855622e+01 2.158869932052e+00 4.732954055862e+01 -2.895061529112e+01 2.489774697253e+01 6.538143053951e-01 3.758993980867e+04
2.012532200019e+03 1.020000000000e+00 3.681507555516e+01 4.300000000000e+00 4.618657107697e+00 3.642403883746e+02 1.818295397852e+01 1.864106068571e+00 4.388296019538e+01 -3.105285862506e+01 2.645913951496e+01 9.698587071846e-02 3.443159290686e+04
2.012532314059e+03 1.020000000000e+00 3.681507555516e+01 4.300000000000e+00 4.703898121533e+00 3.629515824175e+02 1.841161744729e+01 1.694979042263e+00 4.140360460448e+01 -3.283575820639e+01 2.777201555915e+01 -3.453015729354e-01 3.190817537349e+04
2.012532428100e+03 1.020000000000e+00 3.681507555516e+01 4.300000000000e+00 4.807200979168e+00 3.620716636504e+02 1.839371671767e+01 1.631291666572e+00 3.975915749455e+01 -3.433531298878e+01 2.886579193544e+01 -6.113616157930e-01 2.998531538843e+04
2.012532542140e+03 1.020000000000e+00 3.681507555516e+01 4.300000000000e+00 4.910669678896e+00 3.616399817782e+02 1.814811524217e+01 1.651665427449e+00 3.862251312530e+01 -3.558923900930e+01 2.983914167232e+01 -7.260361078165e-01 2.850241387124e+04
2.012532656180e+03 1.020000000000e+00 3.681507555516e+01 4.300000000000e+00 5.036598918385e+00 3.617452358317e+02 1.753258374770e+01 1.820799767689e+00 3.818327324387e+01 -3.662211505967e+01 3.066551044165e+01 -7.289649462350e-01 2.746967092680e+04
2.012532770220e+03 1.020000000000e+00 3.681507555516e+01 4.300000000000e+00 5.163021914870e+00 3.624776734152e+02 1.647024441799e+01 2.195823687586e+00 3.845651900772e+01 -3.743129569920e+01 3.140932159126e+01 -5.795363686765e-01 2.699007349067e+04
2.012532884261e+03 1.020000000000e+00 3.781507555516e+01 4.400000000000e+00 5.172339108698e+00 3.591512748832e+02 1.787855962699e+01 2.182765300711e+00 3.945304377992e+01 -3.629644912622e+01 3.061221774143e+01 -6.791301193302e-01 2.764483958342e+04
2.012532998301e+03 1.020000000000e+00 3.781507555516e+01 4.400000000000e+00 5.361986165386e+00 3.600837324907e+02 1.663449065745e+01 2.601428087621e+00 4.011228791583e+01 -3.714003887972e+01 3.136108046682e+01 -4.005871300467e-01 2.709623728315e+04
2.012533112341e+03 1.020000000000e+00 3.781507555516e+01 4.400000000000e+00 5.564517299888e+00 3.616889967583e+02 1.497925400856e+01 3.160077373172e+00 4.155292499490e+01 -3.777368883493e+01 3.201547945869e+01 1.694357378429e-02 2.702622158819e+04
2.012533226381e+03 1.020000000000e+00 3.781507555516e+01 4.400000000000e+00 5.778236969888e+00 3.636266007581e+02 1.303128391046e+01 3.844055293498e+00 4.345715242534e+01 -3.820740608712e+01 3.255919835356e+01 6.060096363783e-01 2.717952174160e+04
2.012533340422e+03 1.020000000000e+00 3.781507555516e+01 4.400000000000e+00 6.062678005378e+00 3.661329439550e+02 1.068660088158e+01 4.567156168899e+00 4.637255188953e+01 -3.846080271184e+01 3.285201699814e+01 1.296754893446e+00 2.762368998514e+04
2.012533454462e+03 1.020000000000e+00 3.781507555516e+01 4.400000000000e+00 6.360494194955e+00 3.689616329800e+02 8.186076366543e+00 5.261567907214e+00 4.978228596339e+01 -3.857173041615e+01 3.293204356832e+01 2.015499691237e+00 2.827259114328e+04
2.012533568502e+03 1.020000000000e+00 3.781507555516e+01 4.400000000000e+00 6.600503564031e+00 3.718115873426e+02 5.713664911456e+00 5.892864668680e+00 5.313307387923e+01 -3.858397124525e+01 3.284516152342e+01 2.688496893954e+00 2.910084948297e+04
2.012533682542e+03 1.020000000000e+00 3.781507555516e+01 4.400000000000e+00 6.741871755762e+00 3.745001543184e+02 3.372512607550e+00 6.425224565724e+00 5.614073765615e+01 -3.854287786150e+01 3.261530582023e+01 3.248320518845e+00 3.014122329278e+04
2.012533796583e+03 1.020000000000e+00 3.781507555516e+01 4.400000000000e+00 6.816924146721e+00 3.768810018197e+02 1.236626340049e+00 6.842921624604e+00 5.862259246772e+01 -3.849649539479e+01 3.222433314106e+01 3.658931563394e+00 3.117621750558e+04
2.012533910623e+03 1.020000000000e+00 3.781507555516e+01 4.400000000000e+00 6.794976531426e+00 3.788606117296e+02 -6.138301218176e-01 7.153782813145e+00 6.039284992703e+01 -3.847692251069e+01 3.169150154642e+01 3.922135684445e+00 3.224569498734e+04
2.012534024663e+03 1.020000000000e+00 3.781507555516e+01 4.400000000000e+00 6.686640727613e+00 3.804120994756e+02 -2.146162834194e+00 7.372492725325e+00 6.130623279890e+01 -3.850312702763e+01 3.110591758925e+01 4.061086426671e+00 3.325739832773e+04
2.012534138703e+03 1.020000000000e+00 3.781507555516e+01 4.400000000000e+00 6.525550919480e+00 3.815230073274e+02 -3.342192926831e+00 7.496678429587e+00 6.141507968210e+01 -3.857955015268e+01 3.050334502520e+01 4.046573768810e+00 3.412556729885e+04
2.012534252744e+03 1.020000000000e+00 3.781507555516e+01 4.400000000000e+00 6.348990702418e+00 3.821926228307e+02 -4.232475634696e+00 7.495620991472e+00 6.083288683467e+01 -3.869785691721e+01 2.987663280761e+01 3.858983874417e+00 3.472812383291e+04
2.012534366784e+03 1.020000000000e+00 3.781507555516e+01 4.400000000000e+00 6.149811085608e+00 3.824420091118e+02 -4.847610693501e+00 7.365107231098e+00 5.960417003406e+01 -3.884271456287e+01 2.933051460476e+01 3.533624969491e+00 3.509835247131e+04
2.012534480824e+03 1.020000000000e+00 3.781507555516e+01 4.400000000000e+00 5.939750610058e+00 3.822711439385e+02 -5.239963625851e+00 7.133845526496e+00 5.775327211131e+01 -3.900680080062e+01 2.890769264934e+01 3.071579088817e+00 3.517393945994e+04
2.012534594864e+03 1.020000000000e+00 3.781507555516e+01 4.400000000000e+00 5.721345305551e+00 3.816572893651e+02 -5.442244349514e+00 6.769901866836e+00 5.531125740187e+01 -3.920077340982e+01 2.857880150181e+01 2.441629166678e+00 3.493543624590e+04
2.012534708905e+03 1.020000000000e+00 3.781507555516e+01 4.400000000000e+00 5.494283809534e+00 3.804206872764e+02 -5.296495141574e+00 6.416368306434e+00 5.216010764391e+01 -3.933092063188e+01 2.832425591191e+01 1.850593148524e+00 3.426156778103e+04
2.012534822945e+03 1.020000000000e+00 3.781507555516e+01 4.400000000000e+00 5.301599010415e+00 3.791227120344e+02 -4.975598841024e+00 6.028283670551e+00 4.951312354517e+01 -3.919099741946e+01 2.819581943022e+01 1.337271078493e+00 3.371420276093e+04
2.012534936985e+03 1.020000000000e+00 3.781507555516e+01 4.400000000000e+00 6.321885927737e+00 4.067078638183e+02 -8.443035186468e-01 -4.671242971340e+00 2.822946785709e+02 -4.106087954789e+01 3.821188035030e+01 -4.570520990989e+00 1.398883153585e+05
2.012535051025e+03 1.020000000000e+00 3.781507555516e+01 4.400000000000e+00 1.234681914712e+01 5.154654186312e+02 1.614052395078e+01 -3.723918598806e+01 1.899880170884e+03 -4.770456778287e+01 9.239346989700e+01 -1.986515744382e+01 5.484170706270e+05
2.012535165066e+03 1.020000000000e+00 3.781507555516e+01 4.400000000000e+00 1.702594358536e+01 5.613860715342e+02 2.416180571279e+01 -4.858899837376e+01 3.150879588481e+03 -4.944615125178e+01 1.217351229101e+02 -2.224822948132e+01 6.703164473254e+05
2.012535279106e+03 1.020000000000e+00 3.781507555516e+01 4.400000000000e+00 1.774408322603e+01 5.644994597286e+02 2.571150170698e+01 -4.759474921329e+01 3.179466972974e+03 -4.629803615434e+01 1.203580176103e+02 -1.583530780497e+01 6.489778891061e+05
2.012535393146e+03 1.020000000000e+00 3.781507555516e+01 4.400000000000e+00 1.751365312643e+01 5.588907988155e+02 2.212650121696e+01 -4.306072698579e+01 2.957913863571e+03 -3.986517827742e+01 1.018266172563e+02 -7.789909281984e+00 6.116540354981e+05
2.012535507186e+03 1.020000000000e+00 3.781507555516e+01 4.400000000000e+00 1.714229792468e+01 5.512921256844e+02 9.191100029530e+00 -4.022202695979e+01 2.730258078771e+03 -3.425679138248e+01 6.461057109865e+01 -4.783013210648e+00 5.768108130155e+05
2.012535621227e+03 1.020000000000e+00 3.871507555516e+01 4.400000000000e+00 1.693875390760e+01 5.479075889007e+02 -4.032738588491e+00 -3.831355532477e+01 2.612274722416e+03 -3.117993095073e+01 2.944783704311e+01 -3.189128308332e+00 5.585231450211e+05
2.012535735267e+03 1.020000000000e+00 3.871507555516e+01 4.400000000000e+00 1.646323153264e+01 5.471916648376e+02 -2.045668538369e+01 -4.170758693862e+01 2.469489309534e+03 -2.961763604890e+01 -1.534800885920e+01 -9.984969148839e+00 5.432770570182e+05
2.012535849307e+03 1.020000000000e+00 3.871507555516e+01 4.400000000000e+00 1.501384931756e+01 5.463864765599e+02 -3.419918509299e+01 -4.850006152356e+01 2.149457417964e+03 -2.979944024434e+01 -5.975109548796e+01 -3.389197858596e+01 5.186739073404e+05
2.012535963347e+03 1.020000000000e+00 3.871507555516e+01 4.400000000000e+00 1.173632796202e+01 5.441449805424e+02 -4.326430011641e+01 -5.262825177744e+01 1.663799752356e+03 -3.603477685888e+01 -9.325159471090e+01 -6.371226147296e+01 5.153306954207e+05
2.012536077388e+03 1.020000000000e+00 3.871507555516e+01 4.400000000000e+00 7.823086435679e+00 5.378814724027e+02 -4.514698299523e+01 -5.411068416438e+01 1.164919811274e+03 -4.903759779042e+01 -1.048274979022e+02 -9.249513946359e+01 5.419367805715e+05
2.012536191428e+03 1.020000000000e+00 3.871507555516e+01 4.400000000000e+00 5.081190432076e+00 5.318030130720e+02 -4.353530756887e+01 -5.203172544648e+01 8.046187240481e+02 -6.380551033823e+01 -1.035004040479e+02 -1.116834854354e+02 5.744751571538e+05
2.012536305468e+03 1.020000000000e+00 3.871507555516e+01 4.400000000000e+00 3.837197282281e+00 5.290499560073e+02 -3.544648595737e+01 -4.596460589871e+01 6.094332936068e+02 -7.818092025121e+01 -9.798737083477e+01 -1.216805548307e+02 5.741580951460e+05
2.012536419508e+03 1.020000000000e+00 3.871507555516e+01 4.400000000000e+00 3.258999669730e+00 5.260242968255e+02 -1.716920806047e+01 -3.673192159036e+01 4.698185521914e+02 -9.043469319709e+01 -8.996071552425e+01 -1.277214649181e+02 5.210093452080e+05
2.012536533549e+03 1.020000000000e+00 3.871507555516e+01 4.400000000000e+00 3.034758821619e+00 5.248043407300e+02 4.717382210161e-01 -2.734007123416e+01 3.642351381483e+02 -1.000787573935e+02 -8.424278576597e+01 -1.319448767713e+02 4.342110100030e+05
2.012536647589e+03 1.020000000000e+00 3.871507555516e+01 4.400000000000e+00 2.941216414825e+00 5.255774270200e+02 1.367926049949e+01 -1.747917307584e+01 2.826916081095e+02 -1.078413191045e+02 -8.245023084664e+01 -1.344339636150e+02 3.479879802312e+05
2.012536761629e+03 1.020000000000e+00 3.871507555516e+01 4.400000000000e+00 2.882828726187e+00 5.296765053507e+02 2.426052711463e+01 -8.131291354263e+00 2.070377544949e+02 -1.142069204863e+02 -8.781566123525e+01 -1.345375887350e+02 2.597856327373e+05
2.012536875669e+03 1.020000000000e+00 3.871507555516e+01 4.400000000000e+00 2.715388084615e+00 5.340320749217e+02 3.179673239048e+01 1.813384891560e+00 1.326463594298e+02 -1.188196487185e+02 -1.000894037693e+02 -1.307483114145e+02 1.760084602101e+05
2.012536989709e+03 1.020000000000e+00 3.871507555516e+01 4.400000000000e+00 2.359116746405e+00 5.362926998178e+02 3.701831853254e+01 1.123817536177e+01 7.347427586413e+01 -1.226890109389e+02 -1.145693789448e+02 -1.212522740781e+02 1.119387020295e+05
2.012537103750e+03 1.020000000000e+00 3.871507555516e+01 4.400000000000e+00 2.019352483172e+00 5.362827165310e+02 4.120297712716e+01 1.705001100644e+01 3.759864046442e+01 -1.275551751771e+02 -1.270618117468e+02 -1.089067190206e+02 6.715061748238e+04
2.012537217790e+03 1.020000000000e+00 3.871507555516e+01 4.400000000000e+00 1.827785341899e+00 5.336632779938e+02 4.294860231065e+01 1.913777094444e+01 2.139437800080e+01 -1.329192780363e+02 -1.363123352987e+02 -9.548774304266e+01 4.237294188464e+04
2.012537331830e+03 1.020000000000e+00 3.871507555516e+01 4.400000000000e+00 1.660738442649e+00 5.272595540590e+02 4.290902582044e+01 1.924799152585e+01 1.462735643955e+01 -1.379314102018e+02 -1.423826278894e+02 -8.172281910197e+01 3.191950074564e+04
2.012537445870e+03 1.020000000000e+00 3.871507555516e+01 4.400000000000e+00 1.441517041538e+00 5.203219134733e+02 4.290031585105e+01 1.774951516918e+01 1.066571455529e+01 -1.426523708363e+02 -1.467027361838e+02 -6.833923966670e+01 2.680721496480e+04
2.012537559911e+03 1.020000000000e+00 3.871507555516e+01 4.400000000000e+00 1.221596184543e+00 5.136948560336e+02 4.310114636202e+01 1.559864905813e+01 7.951483726274e+00 -1.472783092138e+02 -1.497580289942e+02 -5.493523103925e+01 2.356522948829e+04
2.012537673951e+03 1.020000000000e+00 3.871507555516e+01 4.400000000000e+00 1.065324487489e+00 5.065732571425e+02 4.361732450872e+01 1.304992296476e+01 6.454827508282e+00 -1.516854311644e+02 -1.511793449698e+02 -4.141762054190e+01 2.193564905357e+04
2.012537787991e+03 1.020000000000e+00 3.871507555516e+01 4.400000000000e+00 9.930828848549e-01 4.980416249484e+02 4.375601647447e+01 9.738380659069e+00 5.952383206895e+00 -1.560884055860e+02 -1.509761933900e+02 -2.782508015878e+01 2.169889390212e+04
2.012537902031e+03 1.020000000000e+00 3.871507555516e+01 4.400000000000e+00 9.535385528453e-01 4.895135537290e+02 4.290866788761e+01 6.042675273975e+00 5.791125608872e+00 -1.603117072383e+02 -1.498980564373e+02 -1.416415232197e+01 2.198962977491e+04
2.012538016072e+03 1.020000000000e+00 3.871507555516e+01 4.400000000000e+00 9.259490693435e-01 4.806955779061e+02 4.179571612496e+01 2.677053315616e+00 5.908393424621e+00 -1.641407139293e+02 -1.475329063567e+02 -3.383510194623e-01 2.312272905679e+04
2.012538130112e+03 1.020000000000e+00 3.871507555516e+01 4.400000000000e+00 9.081681143307e-01 4.725333507594e+02 4.072271264372e+01 -2.777823720998e-01 6.006715154201e+00 -1.674122030746e+02 -1.440505597572e+02 1.364126926644e+01 2.400666635401e+04
2.012538244152e+03 1.020000000000e+00 3.871507555516e+01 4.400000000000e+00 8.907155562992e-01 4.650601453381e+02 4.000730578911e+01 -2.739269001667e+00 5.977650861349e+00 -1.698157015843e+02 -1.395316420781e+02 2.760164445290e+01 2.436009387887e+04
2.012538358192e+03 1.020000000000e+00 3.971507555516e+01 4.500000000000e+00 8.935486151198e-01 4.571356861654e+02 3.712516781072e+01 -6.290580684525e+00 8.197756261967e+00 -1.707471164210e+02 -1.394156573360e+02 4.777296558389e+01 3.240104039555e+04
2.012538472233e+03 1.020000000000e+00 3.971507555516e+01 4.500000000000e+00 8.788616353667e-01 4.489714706342e+02 3.717059937291e+01 -7.967419269889e+00 8.071084755354e+00 -1.708493001493e+02 -1.324703013615e+02 6.138877025448e+01 3.236428060935e+04
2.012538586273e+03 1.020000000000e+00 3.971507555516e+01 4.500000000000e+00 8.610837143731e-01 4.412715679612e+02 3.754867400539e+01 -9.230390137533e+00 7.847271172705e+00 -1.701754352817e+02 -1.244235806063e+02 7.430264871589e+01 3.206714838698e+04
2.012538700313e+03 1.020000000000e+00 3.971507555516e+01 4.500000000000e+00 8.427166542952e-01 4.342555438537e+02 3.845830800544e+01 -9.906596923678e+00 7.362948597574e+00 -1.686623826141e+02 -1.154404175325e+02 8.627501136503e+01 3.079170878731e+04
2.012538814353e+03 1.020000000000e+00 3.971507555516e+01 4.500000000000e+00 8.268562409901e-01 4.282073549677e+02 3.941978878664e+01 -1.020044408330e+01 6.609935275852e+00 -1.664918507807e+02 -1.059309210369e+02 9.716699660622e+01 2.825304559263e+04
2.012538928394e+03 1.020000000000e+00 3.971507555516e+01 4.500000000000e+00 8.110225761853e-01 4.230403414836e+02 4.060745876339e+01 -1.022726226357e+01 5.729369581162e+00 -1.640563980530e+02 -9.595183399422e+01 1.067758009032e+02 2.514075328647e+04
2.012539042434e+03 1.020000000000e+00 3.971507555516e+01 4.500000000000e+00 7.968850162056e-01 4.187600505908e+02 4.205566679092e+01 -9.980718824595e+00 4.799642328374e+00 -1.612430823272e+02 -8.570900917658e+01 1.150556936739e+02 2.161010418782e+04
2.012539156474e+03 1.020000000000e+00 3.971507555516e+01 4.500000000000e+00 7.859355234451e-01 4.152738351651e+02 4.369805312005e+01 -9.596576685944e+00 3.927325340423e+00 -1.572300564325e+02 -7.555862948258e+01 1.221240382032e+02 1.804975561740e+04
2.012539270514e+03 1.020000000000e+00 3.971507555516e+01 4.500000000000e+00 7.780357733755e-01 4.125720175178e+02 4.536691703943e+01 -9.141725460828e+00 3.180122020273e+00 -1.521061461105e+02 -6.578166467927e+01 1.281182346468e+02 1.481417406712e+04
2.012539384555e+03 1.020000000000e+00 3.971507555516e+01 4.500000000000e+00 7.734009783338e-01 4.105577632092e+02 4.704106019137e+01 -8.579450463546e+00 2.580636658160e+00 -1.464191349114e+02 -5.662774959204e+01 1.330488942931e+02 1.211307512102e+04
2.012539498595e+03 1.020000000000e+00 3.971507555516e+01 4.500000000000e+00 7.689644718245e-01 4.091759261132e+02 4.857892277219e+01 -8.083958001568e+00 2.093541740502e+00 -1.404060175346e+02 -4.827722879899e+01 1.369088574502e+02 9.876726279231e+03
2.012539612635e+03 1.020000000000e+00 3.971507555516e+01 4.500000000000e+00 7.637076417487e-01 4.083902083418e+02 4.976366045802e+01 -7.850002620732e+00 1.708825082533e+00 -1.342666804795e+02 -4.083431615324e+01 1.397877277730e+02 8.107617003335e+03
2.012539726675e+03 1.020000000000e+00 3.971507555516e+01 4.500000000000e+00 7.566017569222e-01 4.079959222077e+02 5.063803433465e+01 -8.080822359832e+00 1.457222824701e+00 -1.283540900192e+02 -3.420928075307e+01 1.418654167811e+02 6.976726177424e+03
2.012539840716e+03 1.020000000000e+00 3.971507555516e+01 4.500000000000e+00 7.444994310601e-01 4.078484717021e+02 5.146466671403e+01 -8.890658002864e+00 1.366664279216e+00 -1.228580390185e+02 -2.826911243971e+01 1.432306679825e+02 6.652064004707e+03
2.012539954756e+03 1.020000000000e+00 3.971507555516e+01 4.500000000000e+00 7.285432335023e-01 4.078003660619e+02 5.248225191337e+01 -1.034003780641e+01 1.376827005443e+00 -1.177947486342e+02 -2.285321194822e+01 1.439366195973e+02 6.850224130893e+03
2.012540068796e+03 1.020000000000e+00 3.971507555516e+01 4.500000000000e+00 7.121763487914e-01 4.078356383994e+02 5.384066907427e+01 -1.261143564539e+01 1.410270117073e+00 -1.131056843097e+02 -1.788592282634e+01 1.440911048669e+02 7.180902163988e+03
2.012540182836e+03 1.020000000000e+00 3.971507555516e+01 4.500000000000e+00 6.943897341806e-01 4.078215991042e+02 5.565021793318e+01 -1.540943734572e+01 1.460123479597e+00 -1.088047808872e+02 -1.328776231878e+01 1.438137419769e+02 7.625569190522e+03
2.012540296877e+03 1.020000000000e+00 3.971507555516e+01 4.500000000000e+00 6.726132119947e-01 4.076320583049e+02 5.799962389560e+01 -1.848134710375e+01 1.499902751085e+00 -1.049114610860e+02 -8.961359603763e+00 1.431988429010e+02 8.091845213579e+03
2.012540410917e+03 1.020000000000e+00 3.971507555516e+01 4.500000000000e+00 6.420671497459e-01 4.072210518194e+02 6.063981573003e+01 -2.165221763061e+01 1.509486381609e+00 -1.013937213906e+02 -4.836260443217e+00 1.423282688476e+02 8.539888869991e+03
2.012540524957e+03 1.020000000000e+00 3.971507555516e+01 4.500000000000e+00 5.966066339943e-01 4.065641390985e+02 6.313305386086e+01 -2.475469560810e+01 1.492547132682e+00 -9.817845863825e+01 -7.776889558933e-01 1.412067990232e+02 9.093548136475e+03
2.012540638997e+03 1.020000000000e+00 3.971507555516e+01 4.500000000000e+00 5.414924816585e-01 4.056057750633e+02 6.499045222003e+01 -2.766473356157e+01 1.483496916790e+00 -9.518585063176e+01 3.347366121341e+00 1.398212567283e+02 9.971845466512e+03
2.012540753038e+03 1.020000000000e+00 3.971507555516e+01 4.500000000000e+00 4.842562594639e-01 4.043718294265e+02 6.586332050272e+01 -3.010212073881e+01 1.529553615332e+00 -9.236080694212e+01 7.660655067793e+00 1.382167701294e+02 1.151955308492e+04
2.012540867078e+03 1.020000000000e+00 3.971507555516e+01 4.500000000000e+00 4.253793898313e-01 4.029259877244e+02 6.561587243293e+01 -3.198238162063e+01 1.726828914325e+00 -8.962985388646e+01 1.230225271510e+01 1.364116727609e+02 1.479060136839e+04
2.012540981118e+03 1.020000000000e+00 3.971507555516e+01 4.500000000000e+00 3.882573695844e-01 4.006608550650e+02 6.285256754824e+01 -3.254897544604e+01 2.225933876454e+00 -8.703780978529e+01 1.729550924076e+01 1.343931828921e+02 2.082400566332e+04
2.012541095158e+03 1.020000000000e+00 4.061507555516e+01 4.600000000000e+00 3.897499570382e-01 3.941866203014e+02 5.508322240026e+01 -3.159475790540e+01 2.984521962048e+00 -7.962330764522e+01 2.414861333925e+01 1.374363815187e+02 2.789029741396e+04
2.012541209199e+03 1.020000000000e+00 4.061507555516e+01 4.600000000000e+00 3.755117542261e-01 3.905696280480e+02 4.771906016061e+01 -3.008453669017e+01 3.624459805001e+00 -7.668436542689e+01 3.113925563524e+01 1.346422717022e+02 3.516028864667e+04
2.012541323239e+03 1.020000000000e+00 4.061507555516e+01 4.600000000000e+00 3.647482502939e-01 3.857644200041e+02 3.986445565221e+01 -2.785513489451e+01 4.096407092576e+00 -7.337901202696e+01 3.848956951715e+01 1.314275387264e+02 4.092229366748e+04
2.012541437279e+03 1.020000000000e+00 4.061507555516e+01 4.600000000000e+00 3.572104985316e-01 3.809305815281e+02 3.236322951891e+01 -2.482359429433e+01 4.326114428376e+00 -6.971362932074e+01 4.588445498288e+01 1.278758027969e+02 4.419115891488e+04
2.012541551319e+03 1.020000000000e+00 4.061507555516e+01 4.600000000000e+00 3.488239013994e-01 3.762848459185e+02 2.645310138193e+01 -2.088848195898e+01 4.325749078315e+00 -6.574759343580e+01 5.292072394855e+01 1.239809442969e+02 4.526243960572e+04
2.012541665360e+03 1.020000000000e+00 4.061507555516e+01 4.600000000000e+00 3.409014558976e-01 3.721315574328e+02 2.277665804014e+01 -1.699461199754e+01 4.167316417889e+00 -6.173248624117e+01 5.929329817954e+01 1.198814961206e+02 4.466434944320e+04
2.012541779400e+03 1.020000000000e+00 4.061507555516e+01 4.600000000000e+00 3.360145731252e-01 3.687911464685e+02 2.118940919976e+01 -1.372506447997e+01 3.914943059836e+00 -5.783415830010e+01 6.471294449238e+01 1.157257641196e+02 4.263266049443e+04
2.012541893440e+03 1.020000000000e+00 4.061507555516e+01 4.600000000000e+00 3.390004973219e-01 3.662761806695e+02 2.080782479273e+01 -1.120766806542e+01 3.660321726943e+00 -5.416313905606e+01 6.915535089169e+01 1.115858122954e+02 3.944257940491e+04
2.012542007480e+03 1.020000000000e+00 4.061507555516e+01 4.600000000000e+00 3.506129307460e-01 3.646149150083e+02 2.225594313538e+01 -9.247415334687e+00 3.475699586429e+00 -5.081705976360e+01 7.289391975681e+01 1.075230432032e+02 3.615372950235e+04
2.012542121521e+03 1.020000000000e+00 4.061507555516e+01 4.600000000000e+00 3.680926418003e-01 3.636344922408e+02 2.522897597716e+01 -7.378666285788e+00 3.360427922561e+00 -4.783770334219e+01 7.590412975321e+01 1.035696784513e+02 3.327997920986e+04
2.012542235561e+03 1.020000000000e+00 4.061507555516e+01 4.600000000000e+00 3.859733615668e-01 3.632444994791e+02 2.878144276257e+01 -5.563534570671e+00 3.286649689697e+00 -4.521249192589e+01 7.837061645710e+01 9.970077084984e+01 3.105510257584e+04
2.012542349601e+03 1.020000000000e+00 4.061507555516e+01 4.600000000000e+00 3.993302535685e-01 3.631202365417e+02 3.257736180359e+01 -3.953500728828e+00 3.223450150502e+00 -4.289453085494e+01 8.052679718035e+01 9.587276650735e+01 2.946117374168e+04
2.012542463641e+03 1.020000000000e+00 4.061507555516e+01 4.600000000000e+00 4.040574989026e-01 3.630587717452e+02 3.627842581169e+01 -2.671435570288e+00 3.158607053158e+00 -4.085449885681e+01 8.229432877711e+01 9.219621302871e+01 2.853599719852e+04
2.012542577682e+03 1.020000000000e+00 4.061507555516e+01 4.600000000000e+00 3.998943080230e-01 3.630593057808e+02 3.957729586927e+01 -1.820425921838e+00 3.100058344447e+00 -3.905448749195e+01 8.361426702409e+01 8.880780028606e+01 2.829853141694e+04
2.012542691722e+03 1.020000000000e+00 4.061507555516e+01 4.600000000000e+00 3.915180803159e-01 3.630761123796e+02 4.195181316361e+01 -1.411394394898e+00 3.056790953336e+00 -3.748118087389e+01 8.456918638533e+01 8.570274221585e+01 2.850416682274e+04
2.012542805762e+03 1.020000000000e+00 4.061507555516e+01 4.600000000000e+00 3.808678613674e-01 3.630911856884e+02 4.327762460492e+01 -1.761345009654e+00 3.144649805475e+00 -3.611367392353e+01 8.517985767022e+01 8.282311831185e+01 3.017198312117e+04
2.012542919802e+03 1.020000000000e+00 4.061507555516e+01 4.600000000000e+00 3.659095654369e-01 3.635339536573e+02 4.350828179568e+01 -3.512832505174e+00 3.932098210104e+00 -3.493713780369e+01 8.533823524041e+01 8.024636956731e+01 3.945792019854e+04
2.012543033843e+03 1.020000000000e+00 4.061507555516e+01 4.600000000000e+00 3.435541200602e-01 3.648543922908e+02 4.204663139279e+01 -7.872099659137e+00 6.569796728676e+00 -3.405223294129e+01 8.489788035367e+01 7.793480274352e+01 6.999252562923e+04
2.012543147883e+03 1.020000000000e+00 4.061507555516e+01 4.600000000000e+00 3.233489322892e-01 3.675805910216e+02 3.699288294524e+01 -1.349999729018e+01 1.047964959483e+01 -3.347536203088e+01 8.391082807292e+01 7.611445580636e+01 1.180961077754e+05
2.012543261923e+03 1.020000000000e+00 4.061507555516e+01 4.600000000000e+00 3.078873359446e-01 3.716531692703e+02 2.828948335604e+01 -1.980584989738e+01 1.486288374146e+01 -3.310584555030e+01 8.238957465125e+01 7.483765591437e+01 1.753327530953e+05
2.012543375963e+03 1.020000000000e+00 4.061507555516e+01 4.600000000000e+00 2.981780326907e-01 3.746842804297e+02 1.755211572107e+01 -2.375347282427e+01 1.916193945004e+01 -3.301735018940e+01 8.005236544330e+01 7.411025315506e+01 2.330560286687e+05
2.012543490004e+03 1.020000000000e+00 4.061507555516e+01 4.600000000000e+00 2.941769406691e-01 3.773913888059e+02 7.239851566910e+00 -2.445848608396e+01 2.309209746234e+01 -3.371181000726e+01 7.718030179659e+01 7.411792180724e+01 2.840685360848e+05
2.012543604044e+03 1.020000000000e+00 4.061507555516e+01 4.600000000000e+00 3.038807351882e-01 3.791946978442e+02 6.757685166553e-01 -2.381319609521e+01 2.659813363433e+01 -3.485005497378e+01 7.431024736450e+01 7.419363958687e+01 3.167334142444e+05
2.012543718084e+03 1.020000000000e+00 4.161507555516e+01 4.700000000000e+00 3.509952143582e-01 3.784412571184e+02 3.656244992290e-01 -2.364824151351e+01 3.073273546394e+01 -3.527512268480e+01 7.113713791989e+01 7.547705074989e+01 3.196560666008e+05
2.012543832124e+03 1.020000000000e+00 4.161507555516e+01 4.700000000000e+00 4.955601986002e-01 3.782453727181e+02 -6.084214141423e-02 -2.060881449529e+01 3.369796391303e+01 -3.656687105083e+01 6.929172900213e+01 7.493450300323e+01 2.760052577185e+05
2.012543946165e+03 1.020000000000e+00 4.161507555516e+01 4.700000000000e+00 9.755670654215e-01 3.773691271662e+02 9.086019107083e-01 -1.752309749456e+01 3.653569964671e+01 -3.769858814360e+01 6.810600029823e+01 7.414707824536e+01 1.499834729773e+05
2.012544060205e+03 1.020000000000e+00 4.161507555516e+01 4.700000000000e+00 1.779051132768e+00 3.761114556743e+02 2.854194040939e+00 -1.491708544792e+01 3.912069342596e+01 -3.872932067640e+01 6.743768928434e+01 7.351811186184e+01 8.329215878521e+04
2.012544174245e+03 1.020000000000e+00 4.161507555516e+01 4.700000000000e+00 2.697907731125e+00 3.749116085763e+02 4.974888536815e+00 -1.254913544741e+01 4.124578406778e+01 -3.970666479184e+01 6.740860427712e+01 7.329164975028e+01 5.653731669756e+04
2.012544288285e+03 1.020000000000e+00 4.161507555516e+01 4.700000000000e+00 3.614408563505e+00 3.742099333467e+02 7.044885940250e+00 -1.076647784584e+01 4.306406151163e+01 -4.062340384900e+01 6.853941567084e+01 7.355934211715e+01 4.357163337157e+04
2.012544402326e+03 1.020000000000e+00 4.161507555516e+01 4.700000000000e+00 4.432248131450e+00 3.734156778819e+02 8.581200716492e+00 -9.885524241764e+00 4.472711240398e+01 -4.144878540618e+01 7.029769855658e+01 7.375514793155e+01 3.668189179575e+04
2.012544516366e+03 1.020000000000e+00 4.161507555516e+01 4.700000000000e+00 5.084884529091e+00 3.724802761412e+02 9.296758133382e+00 -9.483122598650e+00 4.684381103370e+01 -4.220816927965e+01 7.221307981553e+01 7.374971562549e+01 3.337409856640e+04
2.012544630406e+03 1.020000000000e+00 4.161507555516e+01 4.700000000000e+00 5.656544325399e+00 3.715885468211e+02 9.447863917234e+00 -9.387979314350e+00 5.153528960828e+01 -4.286810581221e+01 7.395537983393e+01 7.343532962512e+01 3.290050451805e+04
2.012544744446e+03 1.020000000000e+00 4.161507555516e+01 4.700000000000e+00 6.598664338227e+00 3.712037928571e+02 9.168142983667e+00 -1.017076994423e+01 6.399885299941e+01 -4.333641648211e+01 7.498999738556e+01 7.262472477033e+01 3.489795526421e+04
2.012544858487e+03 1.020000000000e+00 4.161507555516e+01 4.700000000000e+00 8.080052558223e+00 3.712959493794e+02 7.868284769626e+00 -1.236398116968e+01 8.624408158910e+01 -4.354961964621e+01 7.520614067383e+01 7.139863577419e+01 3.840860648293e+04
2.012544972527e+03 1.020000000000e+00 4.161507555516e+01 4.700000000000e+00 9.789684243863e+00 3.715703177555e+02 5.703423802695e+00 -1.538620467485e+01 1.146900719553e+02 -4.357857895391e+01 7.502234828592e+01 6.941331951378e+01 4.222507457420e+04
2.012545086567e+03 1.020000000000e+00 4.161507555516e+01 4.700000000000e+00 1.152739884881e+01 3.720400806685e+02 3.118659694183e+00 -1.866519643224e+01 1.462650533995e+02 -4.356259473789e+01 7.505666600426e+01 6.638447844846e+01 4.580300161503e+04
2.012545200607e+03 1.020000000000e+00 4.161507555516e+01 4.700000000000e+00 1.309976498822e+01 3.727479939210e+02 -4.986426035498e-02 -2.137698253377e+01 1.782338498381e+02 -4.357849678549e+01 7.625887980026e+01 6.200598288443e+01 4.916113380003e+04
2.012545314648e+03 1.020000000000e+00 4.161507555516e+01 4.700000000000e+00 1.417463678949e+01 3.738706120798e+02 -3.760596713081e+00 -2.317680995379e+01 2.083491902250e+02 -4.364228584048e+01 7.889363636296e+01 5.627989873125e+01 5.317511934559e+04
2.012545428688e+03 1.020000000000e+00 4.161507555516e+01 4.700000000000e+00 1.445860740846e+01 3.751267741728e+02 -7.613229923092e+00 -2.432675011649e+01 2.349090547627e+02 -4.371618614287e+01 8.221174218793e+01 5.003629565272e+01 5.882552550672e+04
2.012545542728e+03 1.020000000000e+00 4.161507555516e+01 4.700000000000e+00 1.435788381247e+01 3.761674282093e+02 -1.125755722525e+01 -2.495678004460e+01 2.575699019946e+02 -4.376709441258e+01 8.558090117079e+01 4.389166285813e+01 6.496993189062e+04
2.012545656768e+03 1.020000000000e+00 4.161507555516e+01 4.700000000000e+00 1.412490745216e+01 3.768046934211e+02 -1.442873729163e+01 -2.515515214694e+01 2.772380196962e+02 -4.377742804046e+01 8.860171442440e+01 3.826406645217e+01 7.108817373971e+04
2.012545770809e+03 1.020000000000e+00 4.161507555516e+01 4.700000000000e+00 1.385715019584e+01 3.771701476919e+02 -1.696896266520e+01 -2.508122422706e+01 2.950100776981e+02 -4.372361113581e+01 9.101307059805e+01 3.335258325162e+01 7.710700185605e+04
2.012545884849e+03 1.020000000000e+00 4.161507555516e+01 4.700000000000e+00 1.358551819348e+01 3.773471344798e+02 -1.888915878995e+01 -2.485525120891e+01 3.099352743749e+02 -4.356745286470e+01 9.260359410226e+01 2.917773940099e+01 8.262641706006e+04
2.012545998889e+03 1.020000000000e+00 4.161507555516e+01 4.700000000000e+00 1.331637823191e+01 3.774453261758e+02 -2.028764919447e+01 -2.436271684197e+01 3.204131280822e+02 -4.328126566398e+01 9.334002616549e+01 2.560740918267e+01 8.714368876612e+04
2.012546112929e+03 1.020000000000e+00 4.161507555516e+01 4.700000000000e+00 1.302962169558e+01 3.779025140503e+02 -2.111572370339e+01 -2.299983486594e+01 3.255360567040e+02 -4.285713303723e+01 9.326136720071e+01 2.223719913463e+01 9.049111242384e+04
2.012546226970e+03 1.020000000000e+00 4.161507555516e+01 4.700000000000e+00 1.258334143199e+01 3.799566252732e+02 -2.139301554753e+01 -2.092671137032e+01 3.251848474015e+02 -4.224517281804e+01 9.181232932365e+01 1.844927469776e+01 9.366909131079e+04
2.012546341010e+03 1.020000000000e+00 4.161507555516e+01 4.700000000000e+00 1.163529664814e+01 3.863553662007e+02 -2.102322507809e+01 -1.840538937703e+01 3.121710990215e+02 -4.138029223033e+01 8.697289734687e+01 1.409218716112e+01 9.714102428673e+04
2.012546455050e+03 1.020000000000e+00 4.251507555516e+01 4.800000000000e+00 1.017838374941e+01 3.973123554441e+02 -1.931038855334e+01 -1.599082516694e+01 2.755663317914e+02 -3.982814425741e+01 7.592057237789e+01 1.010643780493e+01 9.747662639503e+04
2.012546569090e+03 1.020000000000e+00 4.251507555516e+01 4.800000000000e+00 8.163772914651e+00 4.131569709613e+02 -1.423236661460e+01 -1.143586800661e+01 1.928933065598e+02 -3.777293663513e+01 5.810702123425e+01 6.209283000997e+00 8.459171850331e+04
2.012546683131e+03 1.020000000000e+00 4.251507555516e+01 4.800000000000e+00 6.525333386698e+00 4.279787348451e+02 -7.290708347730e+00 -6.913257011865e+00 1.219749271630e+02 -3.594024180122e+01 4.285598187723e+01 3.451191734604e+00 6.720660161813e+04
2.012546797171e+03 1.020000000000e+00 4.251507555516e+01 4.800000000000e+00 5.593747542392e+00 4.369238731186e+02 -2.893672813550e+00 -4.013304878802e+00 8.684279180430e+01 -3.481513592504e+01 3.461738676470e+01 1.812510452720e+00 5.615941125310e+04
2.012546911211e+03 1.020000000000e+00 4.251507555516e+01 4.800000000000e+00 5.245803902089e+00 4.402255601486e+02 -1.304378184249e+00 -2.940495767500e+00 7.612422737687e+01 -3.420353176701e+01 3.173152759606e+01 1.093752385519e+00 5.254830200870e+04
2.012547025251e+03 1.020000000000e+00 4.251507555516e+01 4.800000000000e+00 5.111212924933e+00 4.416402658687e+02 -6.208284812438e-01 -2.611402817256e+00 7.264694319652e+01 -3.396810414139e+01 3.078191913281e+01 7.883483615678e-01 5.147253319680e+04
2.012547139292e+03 1.020000000000e+00 4.251507555516e+01 4.800000000000e+00 5.046736484685e+00 4.425554493698e+02 -2.465537240194e-01 -2.512798355344e+00 7.114889188921e+01 -3.418681959452e+01 3.039847364304e+01 6.080036688772e-01 5.105404238658e+04
2.012547253332e+03 1.020000000000e+00 4.251507555516e+01 4.800000000000e+00 5.055405137560e+00 4.433488678080e+02 7.042298350014e-04 -2.484518092925e+00 7.119320150079e+01 -3.444811725798e+01 3.018438109225e+01 4.318355737929e-01 5.099523315010e+04
2.012547367372e+03 1.020000000000e+00 4.251507555516e+01 4.800000000000e+00 5.122016806878e+00 4.441508262126e+02 2.941000432878e-01 -2.479428007467e+00 7.264341333560e+01 -3.460768141190e+01 3.012318051762e+01 2.421617274519e-01 5.135729871823e+04
2.012547481412e+03 1.020000000000e+00 4.251507555516e+01 4.800000000000e+00 5.193915907041e+00 4.449063495171e+02 4.576174918023e-01 -2.490940993873e+00 7.426231219268e+01 -3.472690819743e+01 3.028180189371e+01 6.522283018176e-02 5.177540887245e+04
2.012547595453e+03 1.020000000000e+00 4.251507555516e+01 4.800000000000e+00 5.269490338319e+00 4.456429175000e+02 5.063413878225e-01 -2.519008086076e+00 7.596094643042e+01 -3.486017207406e+01 3.052208410534e+01 -8.509720358779e-02 5.219997778940e+04
2.012547709493e+03 1.020000000000e+00 4.251507555516e+01 4.800000000000e+00 5.356976313473e+00 4.464584414544e+02 5.231063347617e-01 -2.545239250802e+00 7.790301474970e+01 -3.499482531226e+01 3.074072935292e+01 -2.051080650998e-01 5.265967958358e+04
2.012547823533e+03 1.020000000000e+00 4.251507555516e+01 4.800000000000e+00 5.461312975456e+00 4.473812016902e+02 5.214729550178e-01 -2.566979118006e+00 8.021814647972e+01 -3.508583092853e+01 3.091741063556e+01 -2.947706118822e-01 5.318798890166e+04
2.012547937573e+03 1.020000000000e+00 4.251507555516e+01 4.800000000000e+00 5.581479435983e+00 4.484054866417e+02 4.583229535780e-01 -2.587317450373e+00 8.292074027841e+01 -3.509392151121e+01 3.105677426867e+01 -3.545302163743e-01 5.379556752289e+04
2.012548051613e+03 1.020000000000e+00 4.251507555516e+01 4.800000000000e+00 5.715496616848e+00 4.495191875228e+02 3.374891734435e-01 -2.602823384819e+00 8.598026601405e+01 -3.500201027547e+01 3.116801428574e+01 -3.901270653096e-01 5.447191563437e+04
2.012548165654e+03 1.020000000000e+00 4.251507555516e+01 4.800000000000e+00 5.861216377084e+00 4.507161400246e+02 1.828361548042e-01 -2.618780526168e+00 8.935831658092e+01 -3.481165075342e+01 3.125601686792e+01 -4.033620396140e-01 5.520403173603e+04
2.012548279694e+03 1.020000000000e+00 4.251507555516e+01 4.800000000000e+00 6.014442010914e+00 4.520019269587e+02 7.019448024691e-03 -2.636708085683e+00 9.302266455965e+01 -3.453825274673e+01 3.132944936573e+01 -4.054055151778e-01 5.600293146486e+04
2.012548393734e+03 1.020000000000e+00 4.251507555516e+01 4.800000000000e+00 6.145350059997e+00 4.533940734268e+02 -1.824582286961e-01 -2.658956658392e+00 9.694561295197e+01 -3.420415761762e+01 3.140475519510e+01 -3.866409852613e-01 5.712048096798e+04
2.012548507774e+03 1.020000000000e+00 4.251507555516e+01 4.800000000000e+00 6.230750210408e+00 4.549054287592e+02 -3.926225377597e-01 -2.695651826888e+00 1.010879807634e+02 -3.382972346638e+01 3.149198532073e+01 -2.851952694590e-01 5.874503920402e+04
2.012548621815e+03 1.020000000000e+00 4.251507555516e+01 4.800000000000e+00 6.301871637895e+00 4.565190450646e+02 -6.502698436225e-01 -2.735436189853e+00 1.053627647956e+02 -3.342572057876e+01 3.157574077727e+01 -8.769691763104e-02 6.053843405786e+04
2.012548735855e+03 1.020000000000e+00 4.251507555516e+01 4.800000000000e+00 6.372038573026e+00 4.581856316585e+02 -9.894321704118e-01 -2.804025376369e+00 1.095961702976e+02 -3.299403070390e+01 3.160503294605e+01 1.560631207324e-01 6.227818898943e+04
2.012548849895e+03 1.020000000000e+00 4.251507555516e+01 4.800000000000e+00 6.436530306082e+00 4.598388866132e+02 -1.420682611598e+00 -2.895664735503e+00 1.135123989522e+02 -3.253870689928e+01 3.151171389769e+01 4.339725166940e-01 6.385876113604e+04
2.012548963935e+03 1.020000000000e+00 4.251507555516e+01 4.800000000000e+00 6.482075205616e+00 4.614067374702e+02 -1.916595950672e+00 -2.990660682673e+00 1.167601739583e+02 -3.206860242620e+01 3.127884113671e+01 7.405529603472e-01 6.522652115959e+04
2.012549077976e+03 1.020000000000e+00 4.251507555516e+01 4.800000000000e+00 6.486972955378e+00 4.628393113575e+02 -2.440596723351e+00 -3.070425779807e+00 1.189161089249e+02 -3.159376933272e+01 3.098553796950e+01 1.058884968125e+00 6.638311167785e+04
2.012549192016e+03 1.020000000000e+00 4.351507555516e+01 4.900000000000e+00 6.441901762792e+00 4.639877756710e+02 -2.770626289233e+00 -3.145123565441e+00 1.196975707117e+02 -3.126977059232e+01 3.055325110505e+01 1.361236261433e+00 6.728926751592e+04
2.012549306056e+03 1.020000000000e+00 4.351507555516e+01 4.900000000000e+00 6.336177565897e+00 4.651476311092e+02 -3.258329434816e+00 -3.158118093246e+00 1.193444160628e+02 -3.080659984116e+01 3.005021012195e+01 1.630033557383e+00 6.821094968957e+04
2.012549420096e+03 1.020000000000e+00 4.351507555516e+01 4.900000000000e+00 6.210942721319e+00 4.661770414618e+02 -3.620259246468e+00 -3.147597638977e+00 1.178471402021e+02 -3.033989886969e+01 2.952285705300e+01 1.830689340375e+00 6.871365471403e+04
2.012549534137e+03 1.020000000000e+00 4.351507555516e+01 4.900000000000e+00 6.069618837403e+00 4.671199320901e+02 -3.838884544899e+00 -3.108261133268e+00 1.154838280696e+02 -2.986108258062e+01 2.900058788388e+01 1.953651436973e+00 6.890419404857e+04
2.012549648177e+03 1.020000000000e+00 4.351507555516e+01 4.900000000000e+00 5.897003599165e+00 4.680170487338e+02 -3.930921540209e+00 -3.008606385602e+00 1.124557343828e+02 -2.936784046856e+01 2.848409576522e+01 2.023669014522e+00 6.906177485067e+04
2.012549762217e+03 1.020000000000e+00 4.351507555516e+01 4.900000000000e+00 5.716662083940e+00 4.688989500042e+02 -3.949666294288e+00 -2.875832637768e+00 1.091514663717e+02 -2.887431023127e+01 2.796797689047e+01 2.039404403753e+00 6.914705904993e+04
2.012549876257e+03 1.020000000000e+00 4.351507555516e+01 4.900000000000e+00 5.543159911698e+00 4.697699165277e+02 -3.939641981359e+00 -2.728997664454e+00 1.058005256799e+02 -2.840987450461e+01 2.745252461339e+01 2.023257685269e+00 6.912184876687e+04
2.012549990298e+03 1.020000000000e+00 4.351507555516e+01 4.900000000000e+00 5.384255488140e+00 4.706254969453e+02 -3.898352813427e+00 -2.584051736896e+00 1.024735436212e+02 -2.800642679867e+01 2.694063777899e+01 1.962246436939e+00 6.892393676376e+04
2.012550104338e+03 1.020000000000e+00 4.351507555516e+01 4.900000000000e+00 5.243061412208e+00 4.714641173793e+02 -3.814567595587e+00 -2.432602282719e+00 9.927706821300e+01 -2.768467270364e+01 2.643134968196e+01 1.825712307326e+00 6.857211393263e+04
2.012550218378e+03 1.020000000000e+00 4.351507555516e+01 4.900000000000e+00 5.119151511421e+00 4.722836272054e+02 -3.731500996072e+00 -2.270718719038e+00 9.623376210135e+01 -2.744924683929e+01 2.592364795098e+01 1.670081190627e+00 6.807898418437e+04
2.012550332418e+03 1.020000000000e+00 4.351507555516e+01 4.900000000000e+00 5.009418675778e+00 4.730773452534e+02 -3.653643420588e+00 -2.105341778116e+00 9.340183348781e+01 -2.729136024298e+01 2.541409426980e+01 1.515517545705e+00 6.752308322607e+04
2.012550446459e+03 1.020000000000e+00 4.351507555516e+01 4.900000000000e+00 4.909639145527e+00 4.738338156850e+02 -3.565037458326e+00 -1.944107068404e+00 9.083114176242e+01 -2.719298242333e+01 2.489577616992e+01 1.365236760257e+00 6.699920086722e+04
2.012550560499e+03 1.020000000000e+00 4.351507555516e+01 4.900000000000e+00 4.825089787905e+00 4.745403471300e+02 -3.446750463489e+00 -1.790745233592e+00 8.859041153109e+01 -2.713335048484e+01 2.435938910775e+01 1.220114113281e+00 6.649156290915e+04
2.012550674539e+03 1.020000000000e+00 4.351507555516e+01 4.900000000000e+00 4.760149383114e+00 4.752011347183e+02 -3.321016521290e+00 -1.647291035980e+00 8.654658703178e+01 -2.709407976967e+01 2.382605482016e+01 1.084020159949e+00 6.584384182246e+04
2.012550788579e+03 1.020000000000e+00 4.351507555516e+01 4.900000000000e+00 4.703759140964e+00 4.758233463164e+02 -3.198342407595e+00 -1.512788758169e+00 8.465271926136e+01 -2.706291670042e+01 2.330657867568e+01 9.601231982294e-01 6.517492763322e+04
2.012550902620e+03 1.020000000000e+00 4.351507555516e+01 4.900000000000e+00 4.648413310002e+00 4.764080397522e+02 -3.069634837738e+00 -1.386251836940e+00 8.293677971210e+01 -2.703307332499e+01 2.279667769116e+01 8.506748227827e-01 6.461392190755e+04
2.012551016660e+03 1.020000000000e+00 4.351507555516e+01 4.900000000000e+00 4.595819791504e+00 4.769536215907e+02 -2.927408397749e+00 -1.268125809548e+00 8.141753574230e+01 -2.700192409244e+01 2.229468414344e+01 7.584995141120e-01 6.415607868287e+04
2.012551130700e+03 1.020000000000e+00 4.351507555516e+01 4.900000000000e+00 4.548382359705e+00 4.774567261152e+02 -2.771598121443e+00 -1.158310455583e+00 8.008796835626e+01 -2.696993206036e+01 2.180523892930e+01 6.864354533878e-01 6.376647964499e+04
2.012551244740e+03 1.020000000000e+00 4.351507555516e+01 4.900000000000e+00 4.506653470907e+00 4.779097941434e+02 -2.609118924257e+00 -1.055385413525e+00 7.892918977757e+01 -2.693895123502e+01 2.133687548162e+01 6.365032017747e-01 6.342565131387e+04
2.012551358781e+03 1.020000000000e+00 4.351507555516e+01 4.900000000000e+00 4.470012008567e+00 4.783019086396e+02 -2.450787215860e+00 -9.565116784777e-01 7.791845154766e+01 -2.691106796807e+01 2.089754558738e+01 6.089138738513e-01 6.312664550890e+04
2.012551472821e+03 1.020000000000e+00 4.351507555516e+01 4.900000000000e+00 4.437235348635e+00 4.786239659550e+02 -2.308126132956e+00 -8.578441782390e-01 7.702257146360e+01 -2.688733985732e+01 2.049159090299e+01 5.994367699174e-01 6.286169413858e+04
2.012551586861e+03 1.020000000000e+00 4.351507555516e+01 4.900000000000e+00 4.408722096848e+00 4.788590295095e+02 -2.200934670385e+00 -7.561098140637e-01 7.624802944691e+01 -2.686826663236e+01 2.013065720161e+01 5.981989460717e-01 6.263164819783e+04
2.012551700901e+03 1.020000000000e+00 4.351507555516e+01 4.900000000000e+00 4.392330804311e+00 4.789723664156e+02 -2.161352347145e+00 -6.525136857763e-01 7.578906436861e+01 -2.685432672678e+01 1.985200522498e+01 6.074236620633e-01 6.248689534742e+04
2.012551814942e+03 1.020000000000e+00 4.351507555516e+01 4.900000000000e+00 4.380094795011e+00 4.790321037096e+02 -2.150813102058e+00 -5.510755748823e-01 7.543288258844e+01 -2.684483649410e+01 1.961158582826e+01 6.324096536020e-01 6.236706977843e+04
2.012551928982e+03 1.020000000000e+00 4.441507555516e+01 5.000000000000e+00 4.377564975495e+00 4.789884903053e+02 -2.076262000423e+00 -4.780219649985e-01 7.531135016231e+01 -2.696759116332e+01 1.945551907151e+01 6.255572416228e-01 6.230235733200e+04
2.012552043022e+03 1.020000000000e+00 4.441507555516e+01 5.000000000000e+00 4.365961296809e+00 4.789497662678e+02 -2.097651315359e+00 -3.893841552477e-01 7.498384753607e+01 -2.695426675720e+01 1.924732794716e+01 6.472788161899e-01 6.219626752887e+04
2.012552157062e+03 1.020000000000e+00 4.441507555516e+01 5.000000000000e+00 4.356411443047e+00 4.788390368140e+02 -2.160455147959e+00 -3.154336474136e-01 7.470416106187e+01 -2.694486038429e+01 1.909490292263e+01 6.526720549965e-01 6.210006024296e+04
2.012552271103e+03 1.020000000000e+00 4.441507555516e+01 5.000000000000e+00 4.349044590474e+00 4.786982682519e+02 -2.237972299344e+00 -2.607682544708e-01 7.447560655626e+01 -2.693609661872e+01 1.900207973856e+01 6.485375281103e-01 6.201493857225e+04
2.012552385143e+03 1.020000000000e+00 4.441507555516e+01 5.000000000000e+00 4.342447771813e+00 4.785281458441e+02 -2.316534401791e+00 -2.286131584863e-01 7.426032690083e+01 -2.692216325133e+01 1.892090983426e+01 6.362339538917e-01 6.192963624756e+04
2.012552499183e+03 1.020000000000e+00 4.441507555516e+01 5.000000000000e+00 4.335543932048e+00 4.783243573022e+02 -2.393167880764e+00 -2.128104045044e-01 7.403264421516e+01 -2.689869565224e+01 1.883963914464e+01 6.092461065792e-01 6.183808106101e+04
2.012552613223e+03 1.020000000000e+00 4.441507555516e+01 5.000000000000e+00 4.327793521834e+00 4.780855232201e+02 -2.471974678745e+00 -2.111776725041e-01 7.378238867750e+01 -2.686178132348e+01 1.875705901289e+01 5.618760718577e-01 6.173942037535e+04
2.012552727264e+03 1.020000000000e+00 4.441507555516e+01 5.000000000000e+00 4.318851082974e+00 4.778114413076e+02 -2.561061007154e+00 -2.221546144540e-01 7.350111445129e+01 -2.680880065213e+01 1.866984645712e+01 4.985046921508e-01 6.163142680620e+04
2.012552841304e+03 1.020000000000e+00 4.441507555516e+01 5.000000000000e+00 4.308285197580e+00 4.775040914862e+02 -2.668032576858e+00 -2.441135341649e-01 7.317670462357e+01 -2.673805844151e+01 1.857379591743e+01 4.262393561684e-01 6.150993296122e+04
2.012552955344e+03 1.020000000000e+00 4.441507555516e+01 5.000000000000e+00 4.295443764481e+00 4.771681843720e+02 -2.799886677908e+00 -2.705373353101e-01 7.279340542424e+01 -2.664816451058e+01 1.846675321764e+01 3.503612401174e-01 6.137074162056e+04
2.012553069384e+03 1.020000000000e+00 4.441507555516e+01 5.000000000000e+00 4.279531471996e+00 4.768098527540e+02 -2.961887473324e+00 -2.950956942843e-01 7.233221674335e+01 -2.653901538178e+01 1.834835741089e+01 2.738463356029e-01 6.120876756397e+04
2.012553183425e+03 1.020000000000e+00 4.441507555516e+01 5.000000000000e+00 4.259876343233e+00 4.764341064392e+02 -3.156523491023e+00 -3.147571193932e-01 7.177685345800e+01 -2.641250308410e+01 1.821969713184e+01 1.979200018066e-01 6.101917364506e+04
2.012553297465e+03 1.020000000000e+00 4.441507555516e+01 5.000000000000e+00 4.235994349699e+00 4.760429348691e+02 -3.383422921195e+00 -3.280120366713e-01 7.111519913042e+01 -2.627198592194e+01 1.808297729955e+01 1.232331174398e-01 6.079764735653e+04
2.012553411505e+03 1.020000000000e+00 4.441507555516e+01 5.000000000000e+00 4.207650160253e+00 4.756368160028e+02 -3.639383133101e+00 -3.330762842880e-01 7.034075626808e+01 -2.612089297047e+01 1.794149902120e+01 5.052481067005e-02 6.054073385783e+04
2.012553525545e+03 1.020000000000e+00 4.441507555516e+01 5.000000000000e+00 4.175258133369e+00 4.752179811874e+02 -3.917417664241e+00 -3.310637894862e-01 6.946179196638e+01 -2.596273006020e+01 1.780040067419e+01 -1.961329987156e-02 6.024810548675e+04
2.012553639586e+03 1.020000000000e+00 4.441507555516e+01 5.000000000000e+00 4.138837829121e+00 4.747784420377e+02 -4.212010880829e+00 -3.243740243295e-01 6.847611035350e+01 -2.580082935087e+01 1.765872490581e+01 -8.647216765125e-02 5.991581877602e+04
2.012553753626e+03 1.020000000000e+00 4.441507555516e+01 5.000000000000e+00 4.099473791954e+00 4.743173279205e+02 -4.513852762347e+00 -3.137410801054e-01 6.740806539093e+01 -2.563777616864e+01 1.751952738733e+01 -1.501112569233e-01 5.954760042026e+04
2.012553867666e+03 1.020000000000e+00 4.441507555516e+01 5.000000000000e+00 4.058026228736e+00 4.738286667844e+02 -4.815802497181e+00 -3.028612782759e-01 6.627644751138e+01 -2.547511948392e+01 1.738213329715e+01 -2.116385043872e-01 5.914586469290e+04
2.012553981706e+03 1.020000000000e+00 4.441507555516e+01 5.000000000000e+00 4.015268072614e+00 4.733051771986e+02 -5.112356950504e+00 -2.936030180174e-01 6.509841983606e+01 -2.531277584386e+01 1.724454926354e+01 -2.717412448757e-01 5.871313632335e+04
2.012554095747e+03 1.020000000000e+00 4.441507555516e+01 5.000000000000e+00 3.971773168244e+00 4.727386639091e+02 -5.400871500579e+00 -2.858846380876e-01 6.388725065869e+01 -2.514917182923e+01 1.710285088825e+01 -3.294227436298e-01 5.825168213090e+04
2.012554209787e+03 1.020000000000e+00 4.441507555516e+01 5.000000000000e+00 3.927987904258e+00 4.721232381311e+02 -5.682684941499e+00 -2.780929403884e-01 6.265446849875e+01 -2.498093874283e+01 1.695013060895e+01 -3.819810213035e-01 5.776436274599e+04
2.012554323827e+03 1.020000000000e+00 4.441507555516e+01 5.000000000000e+00 3.884350495017e+00 4.714610610267e+02 -5.965408957912e+00 -2.672906164476e-01 6.141366821729e+01 -2.480108354565e+01 1.677796123902e+01 -4.256286370828e-01 5.725640784787e+04
2.012554437867e+03 1.020000000000e+00 4.441507555516e+01 5.000000000000e+00 3.841308512762e+00 4.707648025842e+02 -6.264120219105e+00 -2.523302242504e-01 6.018201888485e+01 -2.459878973471e+01 1.658209161260e+01 -4.566657951921e-01 5.673673928711e+04
2.012554551908e+03 1.020000000000e+00 4.441507555516e+01 5.000000000000e+00 3.799707145254e+00 4.700520918961e+02 -6.594017786082e+00 -2.354228064852e-01 5.898915573309e+01 -2.436376715077e+01 1.636926133934e+01 -4.733774685916e-01 5.622092705727e+04
2.012554665948e+03 1.020000000000e+00 4.541507555516e+01 5.100000000000e+00 3.821892447532e+00 4.699972494782e+02 -6.515566665639e+00 -2.453632981137e-01 5.944657061006e+01 -2.443035917429e+01 1.653414670363e+01 -4.741245263470e-01 5.632461094671e+04
2.012554779988e+03 1.020000000000e+00 4.541507555516e+01 5.100000000000e+00 3.790159186787e+00 4.693376249864e+02 -6.820890716351e+00 -2.365014169685e-01 5.848961687491e+01 -2.417439870621e+01 1.637197025287e+01 -4.835164304024e-01 5.588189929160e+04
2.012554894028e+03 1.020000000000e+00 4.541507555516e+01 5.100000000000e+00 3.765972039666e+00 4.687318290869e+02 -7.063997402022e+00 -2.421680162644e-01 5.772664304209e+01 -2.392201935667e+01 1.625840851137e+01 -4.968908282338e-01 5.550747726342e+04
2.012555008069e+03 1.020000000000e+00 4.541507555516e+01 5.100000000000e+00 3.749879449245e+00 4.682405180957e+02 -7.166714910293e+00 -2.849113950023e-01 5.716898932966e+01 -2.370477932126e+01 1.619389023410e+01 -5.106594685605e-01 5.520750707474e+04
2.012555122109e+03 1.020000000000e+00 4.541507555516e+01 5.100000000000e+00 3.751856137214e+00 4.679881171393e+02 -7.130172827234e+00 -3.656238903903e-01 5.703157704118e+01 -2.354791910358e+01 1.625376695040e+01 -5.269732843469e-01 5.504620611217e+04
2.012555236149e+03 1.020000000000e+00 4.541507555516e+01 5.100000000000e+00 3.782606869917e+00 4.680162323120e+02 -6.969101001115e+00 -4.720759334207e-01 5.753966855831e+01 -2.346570601167e+01 1.653027948123e+01 -5.484092601078e-01 5.508514874479e+04
2.012555350189e+03 1.020000000000e+00 4.541507555516e+01 5.100000000000e+00 3.827783688249e+00 4.681402620148e+02 -6.644803612035e+00 -5.875424558908e-01 5.836199555737e+01 -2.346235506691e+01 1.694128002556e+01 -5.676086115692e-01 5.521300632998e+04
2.012555464230e+03 1.020000000000e+00 4.541507555516e+01 5.100000000000e+00 3.878042083771e+00 4.682759889764e+02 -6.246375836275e+00 -6.976400994608e-01 5.929850323861e+01 -2.353267271490e+01 1.740602938066e+01 -5.776481331638e-01 5.537219825204e+04
2.012555578270e+03 1.020000000000e+00 4.541507555516e+01 5.100000000000e+00 3.925617901913e+00 4.683965098203e+02 -5.831354251174e+00 -7.890620598377e-01 6.017005737906e+01 -2.365854611246e+01 1.788300647185e+01 -5.783963311259e-01 5.550549735126e+04
2.012555692310e+03 1.020000000000e+00 4.541507555516e+01 5.100000000000e+00 3.965598028616e+00 4.684753086363e+02 -5.438891715670e+00 -8.501273937995e-01 6.085515134242e+01 -2.381195304566e+01 1.832716847565e+01 -5.730622536943e-01 5.557187902037e+04
2.012555806350e+03 1.020000000000e+00 4.541507555516e+01 5.100000000000e+00 3.996225761212e+00 4.684071992062e+02 -5.091092955414e+00 -8.842606843604e-01 6.131246453619e+01 -2.396327083524e+01 1.870907700869e+01 -5.582409945379e-01 5.556045885245e+04
2.012555920391e+03 1.020000000000e+00 4.541507555516e+01 5.100000000000e+00 4.020144373690e+00 4.681724557086e+02 -4.796505285938e+00 -9.063417365761e-01 6.160570932353e+01 -2.409396521962e+01 1.902707987358e+01 -5.381311207718e-01 5.549394647812e+04
2.012556034431e+03 1.020000000000e+00 4.541507555516e+01 5.100000000000e+00 4.040515620139e+00 4.678401611579e+02 -4.554568513428e+00 -9.167788721307e-01 6.180647750770e+01 -2.419623151758e+01 1.928677841557e+01 -5.132972124274e-01 5.539396845431e+04
2.012556148471e+03 1.020000000000e+00 4.541507555516e+01 5.100000000000e+00 4.058881563356e+00 4.674321608895e+02 -4.359439500656e+00 -9.206198235082e-01 6.195370211342e+01 -2.426941701608e+01 1.948913952156e+01 -4.847645477108e-01 5.527455996439e+04
2.012556262511e+03 1.020000000000e+00 4.541507555516e+01 5.100000000000e+00 4.076125671179e+00 4.669569977889e+02 -4.200999240986e+00 -9.251219927224e-01 6.207436092918e+01 -2.431776133037e+01 1.963595823217e+01 -4.551786653909e-01 5.514786274303e+04
2.012556376552e+03 1.020000000000e+00 4.541507555516e+01 5.100000000000e+00 4.092848339321e+00 4.664212464161e+02 -4.062037191044e+00 -9.345652519178e-01 6.218334852688e+01 -2.434728528501e+01 1.973589411147e+01 -4.247730142554e-01 5.501893202122e+04
2.012556490592e+03 1.020000000000e+00 4.541507555516e+01 5.100000000000e+00 4.109956912109e+00 4.658379822910e+02 -3.926278186904e+00 -9.514741388216e-01 6.230080290090e+01 -2.436313184252e+01 1.980121722110e+01 -3.938047859482e-01 5.489328846021e+04
2.012556604632e+03 1.020000000000e+00 4.541507555516e+01 5.100000000000e+00 4.129137532423e+00 4.652319149502e+02 -3.784537758829e+00 -9.773633633946e-01 6.246578994500e+01 -2.436836530958e+01 1.984544870308e+01 -3.631978007358e-01 5.478273639443e+04
2.012556718672e+03 1.020000000000e+00 4.541507555516e+01 5.100000000000e+00 4.152320956596e+00 4.646336002083e+02 -3.630945605438e+00 -1.014868609620e+00 6.272369039065e+01 -2.436456182369e+01 1.988431213706e+01 -3.357010454509e-01 5.470136719848e+04
2.012556832713e+03 1.020000000000e+00 4.541507555516e+01 5.100000000000e+00 4.180680023844e+00 4.640659373680e+02 -3.463829153828e+00 -1.067176378907e+00 6.310362868991e+01 -2.435298748857e+01 1.992766009248e+01 -3.127397276925e-01 5.465905382498e+04
2.012556946753e+03 1.020000000000e+00 4.541507555516e+01 5.100000000000e+00 4.211895993243e+00 4.635208025669e+02 -3.270905294864e+00 -1.127901849400e+00 6.355484942498e+01 -2.433702059628e+01 1.998673246069e+01 -2.864005318490e-01 5.464178201237e+04
2.012557060793e+03 1.020000000000e+00 4.541507555516e+01 5.100000000000e+00 4.242151027330e+00 4.629649030558e+02 -3.063445360962e+00 -1.187560903380e+00 6.398701452609e+01 -2.432300392783e+01 2.005275898321e+01 -2.501220760268e-01 5.462118902770e+04
2.012557174833e+03 1.020000000000e+00 4.541507555516e+01 5.100000000000e+00 4.268734823501e+00 4.623599175581e+02 -2.890037123057e+00 -1.238108670573e+00 6.432993294179e+01 -2.431664267494e+01 2.008956371466e+01 -2.028915058108e-01 5.457223314207e+04
2.012557288874e+03 1.020000000000e+00 4.541507555516e+01 5.100000000000e+00 4.291134051490e+00 4.616827792321e+02 -2.799565667550e+00 -1.271272860363e+00 6.455990206172e+01 -2.432003285068e+01 2.004482500874e+01 -1.446201371020e-01 5.448163941041e+04
2.012557402914e+03 1.020000000000e+00 4.631507555516e+01 5.200000000000e+00 4.316234478426e+00 4.619356544151e+02 -2.807248494667e+00 -1.257326285592e+00 6.530893403686e+01 -2.451671559096e+01 1.974122434296e+01 -7.244677656131e-02 5.479568659225e+04
2.012557516954e+03 1.020000000000e+00 4.631507555516e+01 5.200000000000e+00 4.324363421029e+00 4.610984658362e+02 -2.822365099103e+00 -1.253741254284e+00 6.514225186451e+01 -2.454941399163e+01 1.947812572635e+01 1.621466484843e-02 5.455362717771e+04
2.012557630994e+03 1.020000000000e+00 4.631507555516e+01 5.200000000000e+00 4.311935996751e+00 4.600422938457e+02 -2.896095994843e+00 -1.232133647488e+00 6.448931016899e+01 -2.460332851930e+01 1.911234446898e+01 1.171367084363e-01 5.416320699206e+04
2.012557745035e+03 1.020000000000e+00 4.631507555516e+01 5.200000000000e+00 4.283599168188e+00 4.588261024404e+02 -2.987005969055e+00 -1.197731550607e+00 6.348794930392e+01 -2.467296168922e+01 1.863084833676e+01 2.149602072528e-01 5.367567663415e+04
2.012557859075e+03 1.020000000000e+00 4.631507555516e+01 5.200000000000e+00 4.242093519211e+00 4.575045097671e+02 -3.041290112361e+00 -1.163726638423e+00 6.223294789732e+01 -2.475008494207e+01 1.810209555722e+01 2.985374662555e-01 5.313021176233e+04
2.012557973115e+03 1.020000000000e+00 4.631507555516e+01 5.200000000000e+00 4.186994720193e+00 4.561050834232e+02 -3.055946213140e+00 -1.137677189084e+00 6.075281216047e+01 -2.483189493751e+01 1.759546852516e+01 3.602592975924e-01 5.254975807729e+04
2.012558087155e+03 1.020000000000e+00 4.631507555516e+01 5.200000000000e+00 4.117691740322e+00 4.546319805783e+02 -3.041498442932e+00 -1.123199270825e+00 5.906020149292e+01 -2.492382146231e+01 1.718900436809e+01 3.953847122893e-01 5.194596972103e+04
2.012558201196e+03 1.020000000000e+00 4.631507555516e+01 5.200000000000e+00 4.038597694478e+00 4.530977166109e+02 -2.958343694920e+00 -1.117842235242e+00 5.725782894934e+01 -2.503308648639e+01 1.689317907212e+01 4.090096446344e-01 5.134727782708e+04
2.012558315236e+03 1.020000000000e+00 4.631507555516e+01 5.200000000000e+00 3.952381106803e+00 4.515051359391e+02 -2.731986128013e+00 -1.128105822820e+00 5.539110104647e+01 -2.516232696966e+01 1.666148608449e+01 4.064317675373e-01 5.075686188294e+04
