VARIABLES="time" "Distance" "lon" "lat" "density" "Vx" "Vy" "Vz" "p" "Bx" "By" "Bz" "T"
ZONE
DT=(DOUBLE DOUBLE DOUBLE DOUBLE DOUBLE DOUBLE DOUBLE DOUBLE DOUBLE DOUBLE DOUBLE DOUBLE DOUBLE )
2.012529234973e+03 1.020000000000e+00 3.591507555516e+01 4.200000000000e+00 3.652711505346e+00 4.177684221488e+02 7.070546155698e+00 -2.495022167756e+00 5.448854049228e+01 2.589592908127e+01 -8.701723017045e+00 -1.704747534736e+00 5.393331811807e+04
2.012529349013e+03 1.020000000000e+00 3.591507555516e+01 4.200000000000e+00 3.903202833374e+00 4.158196115199e+02 7.340565587187e+00 -1.329583821007e+00 5.995003876155e+01 2.288904737657e+01 -8.715980294206e+00 -5.343045652393e-01 5.552091706599e+04
2.012529463053e+03 1.020000000000e+00 3.591507555516e+01 4.200000000000e+00 4.208302510863e+00 4.143577701154e+02 7.379797602364e+00 -4.683467205378e-01 6.683595230242e+01 1.979479978681e+01 -8.630231237902e+00 4.775235883051e-01 5.741999675801e+04
2.012529577093e+03 1.020000000000e+00 3.591507555516e+01 4.200000000000e+00 4.521065477482e+00 4.130516063724e+02 7.252663438103e+00 3.731898310541e-02 7.409478726903e+01 1.679155663372e+01 -8.473536063887e+00 1.174904151339e+00 5.927367953126e+04
2.012529691134e+03 1.020000000000e+00 3.591507555516e+01 4.200000000000e+00 4.810908225710e+00 4.117652850988e+02 6.690424865382e+00 2.137844398206e-01 8.097763615994e+01 1.409177881491e+01 -8.299599059344e+00 1.511862639614e+00 6.089916541255e+04
2.012529805174e+03 1.020000000000e+00 3.591507555516e+01 4.200000000000e+00 5.066306087800e+00 4.104882391854e+02 5.506774891593e+00 1.302762661278e-01 8.715613141516e+01 1.184854255748e+01 -8.124906680124e+00 1.636758503909e+00 6.226142857226e+04
2.012529919214e+03 1.020000000000e+00 3.591507555516e+01 4.200000000000e+00 5.278334277020e+00 4.092336498352e+02 3.901115525303e+00 -3.146558901171e-01 9.236497109124e+01 1.010127823092e+01 -7.946145870004e+00 1.617046144366e+00 6.334727199225e+04
2.012530033254e+03 1.020000000000e+00 3.591507555516e+01 4.200000000000e+00 5.438415091503e+00 4.079879198204e+02 2.231460108717e+00 -9.870429345143e-01 9.657256115127e+01 8.782367248054e+00 -7.678240813423e+00 1.440013352031e+00 6.429240254744e+04
2.012530147295e+03 1.020000000000e+00 3.681507555516e+01 4.300000000000e+00 5.551844427043e+00 4.098110267439e+02 1.035310309332e+00 -2.269222294287e+00 9.760426406825e+01 1.103231125370e+01 -9.544930443406e+00 8.568938227319e-01 6.365780544410e+04
2.012530261335e+03 1.020000000000e+00 3.681507555516e+01 4.300000000000e+00 5.480315114719e+00 4.086357437318e+02 -4.146415041162e-01 -2.716695873943e+00 1.008032480619e+02 1.001309761383e+01 -8.556646803558e+00 9.343077759416e-02 6.660542502735e+04
2.012530375375e+03 1.020000000000e+00 3.681507555516e+01 4.300000000000e+00 5.363698712392e+00 4.075158606601e+02 -1.533306927925e+00 -3.111510249663e+00 1.027415884957e+02 9.054747465236e+00 -7.480332831798e+00 -5.450961592020e-01 6.936544779973e+04
2.012530489415e+03 1.020000000000e+00 3.681507555516e+01 4.300000000000e+00 5.231056537670e+00 4.062044276155e+02 -2.185394070449e+00 -3.362626547132e+00 1.028870092392e+02 8.036715483932e+00 -6.245957809711e+00 -9.397132639965e-01 7.122917171752e+04
2.012530603456e+03 1.020000000000e+00 3.681507555516e+01 4.300000000000e+00 5.082420832041e+00 4.043295967203e+02 -2.446773516704e+00 -3.452495136468e+00 1.007675057323e+02 6.846181740267e+00 -4.634230882542e+00 -1.087031378070e+00 7.180342192170e+04
2.012530717496e+03 1.020000000000e+00 3.681507555516e+01 4.300000000000e+00 4.939247001056e+00 4.020623564029e+02 -2.434429155272e+00 -3.409477804910e+00 9.782372340856e+01 5.394752258188e+00 -2.827414391575e+00 -1.103213369805e+00 7.172632430202e+04
2.012530831536e+03 1.020000000000e+00 3.681507555516e+01 4.300000000000e+00 4.814625999147e+00 3.994822715487e+02 -1.883648361949e+00 -3.057081902323e+00 9.485317488146e+01 3.622082590642e+00 -9.447161920832e-01 -9.700881785947e-01 7.134907619018e+04
2.012530945576e+03 1.020000000000e+00 3.681507555516e+01 4.300000000000e+00 4.705092723779e+00 3.965639110606e+02 -6.859141544466e-01 -2.126468138502e+00 9.207156497696e+01 1.498253453362e+00 1.040293108416e+00 -5.410757638171e-01 7.087141142185e+04
2.012531059617e+03 1.020000000000e+00 3.681507555516e+01 4.300000000000e+00 4.609692804908e+00 3.933197519942e+02 1.128613974079e+00 -8.917888371793e-01 8.933273965839e+01 -9.855418457651e-01 3.212943449818e+00 1.448772708219e-01 7.018756051560e+04
2.012531173657e+03 1.020000000000e+00 3.681507555516e+01 4.300000000000e+00 4.527716941892e+00 3.898409779434e+02 3.225825056519e+00 2.992154270556e-01 8.603117437313e+01 -3.815543421701e+00 5.577059283836e+00 8.214044579918e-01 6.882006287433e+04
2.012531287697e+03 1.020000000000e+00 3.681507555516e+01 4.300000000000e+00 4.475656873307e+00 3.862759194279e+02 5.464116923668e+00 1.268396840925e+00 8.228004584564e+01 -6.956091043268e+00 8.104027777442e+00 1.316743723617e+00 6.658260314637e+04
2.012531401737e+03 1.020000000000e+00 3.681507555516e+01 4.300000000000e+00 4.468252580304e+00 3.827392164662e+02 7.747283522378e+00 1.984929991934e+00 7.827516202661e+01 -1.032932902012e+01 1.074346158677e+01 1.624076502170e+00 6.343353455353e+04
2.012531515778e+03 1.020000000000e+00 3.681507555516e+01 4.300000000000e+00 4.476779220841e+00 3.792832619838e+02 9.993784202191e+00 2.481497751807e+00 7.381689342869e+01 -1.382130360354e+01 1.341283889296e+01 1.801306285428e+00 5.969044838787e+04
2.012531629818e+03 1.020000000000e+00 3.681507555516e+01 4.300000000000e+00 4.486806911298e+00 3.759750008771e+02 1.211212274447e+01 2.731744026441e+00 6.852158273163e+01 -1.729781835955e+01 1.605170507250e+01 1.864154580613e+00 5.526988737169e+04
2.012531743858e+03 1.020000000000e+00 3.681507555516e+01 4.300000000000e+00 4.494505364074e+00 3.729269593400e+02 1.400581479476e+01 2.789406957586e+00 6.278061309354e+01 -2.063229765246e+01 1.860940069256e+01 1.814024014872e+00 5.054326289484e+04
2.012531857898e+03 1.020000000000e+00 3.681507555516e+01 4.300000000000e+00 4.504511847087e+00 3.702176134248e+02 1.559529517384e+01 2.705992847926e+00 5.706323472899e+01 -2.372667407667e+01 2.097872817216e+01 1.604097334633e+00 4.583882010356e+04
2.012531971939e+03 1.020000000000e+00 3.681507555516e+01 4.300000000000e+00 4.524392931453e+00 3.678712696154e+02 1.682551400714e+01 2.487581224662e+00 5.179938686391e+01 -2.651097638059e+01 2.308177839019e+01 1.211588991842e+00 4.144193964051e+04
2.012532085979e+03 1.020000000000e+00 3.681507555516e+01 4.300000000000e+00 4.560386501978e+00 3.658760023997e+02 1.767192855622e+01 2.158869932052e+00 4.732954055862e+01 -2.895061529112e+01 2.489774697253e+01 6.538143053953e-01 3.758993980867e+04
2.012532200019e+03 1.020000000000e+00 3.681507555516e+01 4.300000000000e+00 4.618657107697e+00 3.642403883746e+02 1.818295397852e+01 1.864106068571e+00 4.388296019538e+01 -3.105285862506e+01 2.645913951496e+01 9.698587071851e-02 3.443159290686e+04
2.012532314059e+03 1.020000000000e+00 3.681507555516e+01 4.300000000000e+00 4.703898121533e+00 3.629515824175e+02 1.841161744729e+01 1.694979042263e+00 4.140360460449e+01 -3.283575820639e+01 2.777201555915e+01 -3.453015729355e-01 3.190817537349e+04
2.012532428100e+03 1.020000000000e+00 3.681507555516e+01 4.300000000000e+00 4.807200979168e+00 3.620716636504e+02 1.839371671767e+01 1.631291666572e+00 3.975915749456e+01 -3.433531298878e+01 2.886579193544e+01 -6.113616157932e-01 2.998531538844e+04
2.012532542140e+03 1.020000000000e+00 3.681507555516e+01 4.300000000000e+00 4.910669678896e+00 3.616399817782e+02 1.814811524217e+01 1.651665427448e+00 3.862251312530e+01 -3.558923900930e+01 2.983914167232e+01 -7.260361078166e-01 2.850241387125e+04
2.012532656180e+03 1.020000000000e+00 3.681507555516e+01 4.300000000000e+00 5.036598918385e+00 3.617452358317e+02 1.753258374770e+01 1.820799767689e+00 3.818327324387e+01 -3.662211505967e+01 3.066551044166e+01 -7.289649462351e-01 2.746967092681e+04
2.012532770220e+03 1.020000000000e+00 3.681507555516e+01 4.300000000000e+00 5.163021914869e+00 3.624776734152e+02 1.647024441799e+01 2.195823687586e+00 3.845651900773e+01 -3.743129569920e+01 3.140932159126e+01 -5.795363686766e-01 2.699007349069e+04
2.012532884261e+03 1.020000000000e+00 3.781507555516e+01 4.400000000000e+00 5.172339108698e+00 3.591512748832e+02 1.787855962699e+01 2.182765300711e+00 3.945304377994e+01 -3.629644912622e+01 3.061221774143e+01 -6.791301193304e-01 2.764483958343e+04
2.012532998301e+03 1.020000000000e+00 3.781507555516e+01 4.400000000000e+00 5.361986165382e+00 3.600837324907e+02 1.663449065745e+01 2.601428087625e+00 4.011228791581e+01 -3.714003887972e+01 3.136108046679e+01 -4.005871300426e-01 2.709623728315e+04
2.012533112341e+03 1.020000000000e+00 3.781507555516e+01 4.400000000000e+00 5.564517299938e+00 3.616889967583e+02 1.497925400845e+01 3.160077373065e+00 4.155292499505e+01 -3.777368883490e+01 3.201547945866e+01 1.694357365422e-02 2.702622158803e+04
2.012533226381e+03 1.020000000000e+00 3.781507555516e+01 4.400000000000e+00 5.778236969526e+00 3.636266007587e+02 1.303128391118e+01 3.844055293693e+00 4.345715242540e+01 -3.820740608766e+01 3.255919835466e+01 6.060096366071e-01 2.717952174342e+04
2.012533340422e+03 1.020000000000e+00 3.781507555516e+01 4.400000000000e+00 6.062678001250e+00 3.661329439354e+02 1.068660088486e+01 4.567156174450e+00 4.637255185559e+01 -3.846080270641e+01 3.285201698153e+01 1.296754895162e+00 2.762368998331e+04
2.012533454462e+03 1.020000000000e+00 3.781507555516e+01 4.400000000000e+00 6.360494263264e+00 3.689616332242e+02 8.186076325453e+00 5.261567818008e+00 4.978228655720e+01 -3.857173043048e+01 3.293204362945e+01 2.015499587578e+00 2.827259117053e+04
2.012533568502e+03 1.020000000000e+00 3.781507555516e+01 4.400000000000e+00 6.600503313784e+00 3.718115866553e+02 5.713664993197e+00 5.892865367300e+00 5.313307180154e+01 -3.858397166595e+01 3.284516092699e+01 2.688497724766e+00 2.910084947167e+04
2.012533682542e+03 1.020000000000e+00 3.781507555516e+01 4.400000000000e+00 6.741871271782e+00 3.745001513865e+02 3.372516455278e+00 6.425229804542e+00 5.614073143466e+01 -3.854287425589e+01 3.261530555598e+01 3.248323212506e+00 3.014122178507e+04
2.012533796583e+03 1.020000000000e+00 3.781507555516e+01 4.400000000000e+00 6.816938319570e+00 3.768810860684e+02 1.236596739325e+00 6.842897272373e+00 5.862284139453e+01 -3.849650370111e+01 3.222435565062e+01 3.658912674310e+00 3.117628824373e+04
2.012533910623e+03 1.020000000000e+00 3.781507555516e+01 4.400000000000e+00 6.794936289582e+00 3.788604337742e+02 -6.138456308777e-01 7.153815070980e+00 6.039236239369e+01 -3.847700557694e+01 3.169136748124e+01 3.922152816281e+00 3.224563165253e+04
2.012534024663e+03 1.020000000000e+00 3.781507555516e+01 4.400000000000e+00 6.686446197166e+00 3.804114524968e+02 -2.145038210965e+00 7.373209945342e+00 6.130391279842e+01 -3.850203266612e+01 3.110596873931e+01 4.061507801766e+00 3.325722380951e+04
2.012534138703e+03 1.020000000000e+00 3.781507555516e+01 4.400000000000e+00 6.526578287008e+00 3.815333540134e+02 -3.343376762982e+00 7.491837753443e+00 6.144156568036e+01 -3.858226282454e+01 3.051089198872e+01 4.041116170932e+00 3.413455267538e+04
2.012534252744e+03 1.020000000000e+00 3.781507555516e+01 4.400000000000e+00 6.347447860034e+00 3.821791862158e+02 -4.242959186623e+00 7.483656683603e+00 6.079154225946e+01 -3.872276327523e+01 2.986414639767e+01 3.845374942502e+00 3.471252840245e+04
2.012534366784e+03 1.020000000000e+00 3.781507555516e+01 4.400000000000e+00 6.118190285461e+00 3.822007816139e+02 -4.859698612031e+00 7.458888265192e+00 5.917920819614e+01 -3.869316186029e+01 2.928370637644e+01 3.625191392796e+00 3.502710444625e+04
2.012534480824e+03 1.020000000000e+00 3.781507555516e+01 4.400000000000e+00 6.190204619572e+00 3.884272214228e+02 -4.638690789625e+00 4.953750167115e+00 1.074274669521e+02 -3.889197563935e+01 3.056757709115e+01 2.262120227572e+00 6.004607997242e+04
2.012534594864e+03 1.020000000000e+00 3.781507555516e+01 4.400000000000e+00 1.072042058038e+01 4.840907636548e+02 3.665471510688e+00 -2.480394100849e+01 1.480167732312e+03 -4.405297698535e+01 6.445636982644e+01 -1.110414448732e+01 4.722066477752e+05
2.012534708905e+03 1.020000000000e+00 3.781507555516e+01 4.400000000000e+00 1.765274742726e+01 5.770931879582e+02 1.369639263021e+01 -5.155881805657e+01 4.017393059202e+03 -4.965568079685e+01 1.192233269908e+02 -2.405136204981e+01 8.242497953559e+05
2.012534822945e+03 1.020000000000e+00 3.781507555516e+01 4.400000000000e+00 1.817590312442e+01 5.915474612065e+02 1.740146927600e+01 -5.339623681410e+01 4.273409502750e+03 -4.793296647969e+01 1.260379612197e+02 -2.166456885717e+01 8.515170877867e+05
2.012534936985e+03 1.020000000000e+00 3.781507555516e+01 4.400000000000e+00 1.735219691644e+01 5.877585832452e+02 1.722751808115e+01 -4.933046034885e+01 3.921443848125e+03 -4.172243629771e+01 1.180762466090e+02 -1.266073221232e+01 8.181130210146e+05
2.012535051025e+03 1.020000000000e+00 3.781507555516e+01 4.400000000000e+00 1.672352610939e+01 5.788647430633e+02 1.261092520228e+01 -4.528359545239e+01 3.510200153460e+03 -3.560177244059e+01 8.889952998270e+01 -6.169462567882e+00 7.601902167645e+05
2.012535165066e+03 1.020000000000e+00 3.781507555516e+01 4.400000000000e+00 1.677115878636e+01 5.772295497933e+02 -1.027220749285e+00 -4.458101592097e+01 3.363001606274e+03 -3.141467442138e+01 4.171412162295e+01 -4.704519526237e+00 7.262673664488e+05
2.012535279106e+03 1.020000000000e+00 3.781507555516e+01 4.400000000000e+00 1.666512307028e+01 5.796733412208e+02 -1.769908084401e+01 -4.801310787175e+01 3.256249375852e+03 -2.891318417665e+01 -1.743771254759e+01 -1.119906172963e+01 7.077988662511e+05
2.012535393146e+03 1.020000000000e+00 3.781507555516e+01 4.400000000000e+00 1.548029444179e+01 5.806101319927e+02 -3.043414634959e+01 -5.443972235109e+01 2.909163817890e+03 -2.872917443043e+01 -7.761062330956e+01 -3.380826281693e+01 6.812126645707e+05
2.012535507186e+03 1.020000000000e+00 3.781507555516e+01 4.400000000000e+00 1.244196678068e+01 5.783074527294e+02 -3.579043896363e+01 -5.909189663647e+01 2.291575591730e+03 -3.541548447712e+01 -1.177607198000e+02 -6.495953018724e+01 6.712424368493e+05
2.012535621227e+03 1.020000000000e+00 3.871507555516e+01 4.400000000000e+00 9.148756655464e+00 5.716665734136e+02 -3.979437029922e+01 -5.589370564259e+01 1.697649234788e+03 -4.750439270200e+01 -1.265850327348e+02 -8.564280919779e+01 6.744384461168e+05
2.012535735267e+03 1.020000000000e+00 3.871507555516e+01 4.400000000000e+00 6.292841547094e+00 5.654536118589e+02 -3.554952417007e+01 -5.074787018868e+01 1.217145476211e+03 -6.949665642152e+01 -1.207586906943e+02 -1.094119893359e+02 7.006562191222e+05
2.012535849307e+03 1.020000000000e+00 3.871507555516e+01 4.400000000000e+00 4.835292778697e+00 5.603403613953e+02 -1.606768668491e+01 -4.252379346800e+01 9.026606391851e+02 -9.120478964773e+01 -1.052898641488e+02 -1.269809131545e+02 6.743138787426e+05
2.012535963347e+03 1.020000000000e+00 3.871507555516e+01 4.400000000000e+00 4.045924511192e+00 5.561738061835e+02 1.119582489389e+01 -3.822309790953e+01 6.576097027386e+02 -1.084311779034e+02 -8.955503966971e+01 -1.414535970659e+02 5.872607459323e+05
2.012536077388e+03 1.020000000000e+00 3.871507555516e+01 4.400000000000e+00 3.737264904564e+00 5.529859542302e+02 3.109498571609e+01 -3.350581781810e+01 4.808845807534e+02 -1.205247370119e+02 -8.071865825098e+01 -1.493172145817e+02 4.655271039336e+05
2.012536191428e+03 1.020000000000e+00 3.871507555516e+01 4.400000000000e+00 3.588886420307e+00 5.500004828405e+02 4.043653651765e+01 -2.679458726113e+01 3.515406150352e+02 -1.298498345059e+02 -7.804397909213e+01 -1.515619157849e+02 3.546381021459e+05
2.012536305468e+03 1.020000000000e+00 3.871507555516e+01 4.400000000000e+00 3.468082188307e+00 5.487456324052e+02 4.262245272545e+01 -1.867345970806e+01 2.469536213335e+02 -1.381970108737e+02 -8.431561653164e+01 -1.497219827377e+02 2.576724178664e+05
2.012536419508e+03 1.020000000000e+00 3.871507555516e+01 4.400000000000e+00 3.242991285191e+00 5.485418287192e+02 4.241576672177e+01 -6.056011104682e+00 1.591083038128e+02 -1.447684529371e+02 -9.937041811669e+01 -1.418806900339e+02 1.769651129307e+05
2.012536533549e+03 1.020000000000e+00 3.871507555516e+01 4.400000000000e+00 2.844423817566e+00 5.486672790636e+02 4.247167147470e+01 8.418674998396e+00 9.359039465691e+01 -1.502619132142e+02 -1.162998224416e+02 -1.269969689378e+02 1.183416726127e+05
2.012536647589e+03 1.020000000000e+00 3.871507555516e+01 4.400000000000e+00 2.417511391189e+00 5.495991308082e+02 4.359783951006e+01 1.913761641380e+01 5.174394944826e+01 -1.558074772632e+02 -1.310278979983e+02 -1.099288601477e+02 7.685547741891e+04
2.012536761629e+03 1.020000000000e+00 3.871507555516e+01 4.400000000000e+00 2.046084620393e+00 5.485349521392e+02 4.634085912318e+01 2.418055547114e+01 2.889933535552e+01 -1.615793261389e+02 -1.409988400944e+02 -9.287171741752e+01 5.087021860795e+04
2.012536875669e+03 1.020000000000e+00 3.871507555516e+01 4.400000000000e+00 1.782844984748e+00 5.445729316582e+02 4.974760580251e+01 2.450769364359e+01 1.899401559951e+01 -1.670763554246e+02 -1.463574422438e+02 -7.714148517845e+01 3.853828302265e+04
2.012536989709e+03 1.020000000000e+00 3.871507555516e+01 4.400000000000e+00 1.581047280982e+00 5.374459312717e+02 5.421244169477e+01 2.060234803461e+01 1.441366237592e+01 -1.723047234552e+02 -1.481177425426e+02 -6.233284088618e+01 3.304524655354e+04
2.012537103750e+03 1.020000000000e+00 3.871507555516e+01 4.400000000000e+00 1.387564007246e+00 5.312161577477e+02 5.703816086569e+01 1.541165358641e+01 1.147445758308e+01 -1.770965837694e+02 -1.491018883266e+02 -4.726097417413e+01 3.005828864826e+04
2.012537217790e+03 1.020000000000e+00 3.871507555516e+01 4.400000000000e+00 1.208851006303e+00 5.252049807496e+02 5.766502831066e+01 1.103976991225e+01 9.377732123392e+00 -1.812891302372e+02 -1.490517660500e+02 -3.121835505230e+01 2.826310417967e+04
2.012537331830e+03 1.020000000000e+00 3.871507555516e+01 4.400000000000e+00 1.087117925898e+00 5.184566488105e+02 5.673686151321e+01 6.947002324557e+00 8.343525758698e+00 -1.850249175031e+02 -1.474928870785e+02 -1.476983363010e+01 2.796754611479e+04
2.012537445870e+03 1.020000000000e+00 3.871507555516e+01 4.400000000000e+00 1.011353232609e+00 5.114993691755e+02 5.509663468776e+01 3.121873784550e+00 7.993884295463e+00 -1.879285520475e+02 -1.443895156702e+02 1.782330015112e+00 2.878985163680e+04
2.012537559911e+03 1.020000000000e+00 3.871507555516e+01 4.400000000000e+00 9.642562802290e-01 5.051388891804e+02 5.296272714166e+01 -3.664305144880e-01 7.910498442067e+00 -1.898749541316e+02 -1.400779186454e+02 1.818974688350e+01 2.984787591527e+04
2.012537673951e+03 1.020000000000e+00 3.871507555516e+01 4.400000000000e+00 9.275811206810e-01 4.983541432316e+02 5.125609190166e+01 -3.506723485600e+00 7.960992381877e+00 -1.905252296685e+02 -1.342348393956e+02 3.416596348094e+01 3.117831032337e+04
2.012537787991e+03 1.020000000000e+00 3.871507555516e+01 4.400000000000e+00 8.963041198157e-01 4.911935685554e+02 4.981179130164e+01 -6.217042485792e+00 7.991316525994e+00 -1.899260579678e+02 -1.271876940733e+02 4.942421594185e+01 3.234535361177e+04
2.012537902031e+03 1.020000000000e+00 3.871507555516e+01 4.400000000000e+00 8.693828752014e-01 4.846771234622e+02 4.823560986335e+01 -8.420333919417e+00 8.095986342223e+00 -1.885549158596e+02 -1.193588566697e+02 6.390326547636e+01 3.375826968824e+04
2.012538016072e+03 1.020000000000e+00 3.871507555516e+01 4.400000000000e+00 8.432818221917e-01 4.787168383613e+02 4.692732380431e+01 -1.001033961944e+01 8.085270474850e+00 -1.865837327154e+02 -1.108166441616e+02 7.744502392191e+01 3.477849671197e+04
2.012538130112e+03 1.020000000000e+00 3.871507555516e+01 4.400000000000e+00 8.162549427574e-01 4.730495521578e+02 4.620041118335e+01 -1.121446973450e+01 7.848284257829e+00 -1.839067131982e+02 -1.015546762073e+02 8.969066694410e+01 3.489031894130e+04
2.012538244152e+03 1.020000000000e+00 3.871507555516e+01 4.400000000000e+00 7.899023179465e-01 4.676860787717e+02 4.592278996924e+01 -1.215273067301e+01 7.527157504559e+00 -1.808155543088e+02 -9.186230094033e+01 1.005320205608e+02 3.457520799135e+04
2.012538358192e+03 1.020000000000e+00 3.971507555516e+01 4.500000000000e+00 7.938764982443e-01 4.548911709505e+02 4.584805763613e+01 -1.681274933271e+01 8.333934581438e+00 -1.765627100875e+02 -8.357482149255e+01 1.214063658457e+02 3.781359426458e+04
2.012538472233e+03 1.020000000000e+00 3.971507555516e+01 4.500000000000e+00 7.653338679964e-01 4.501989992691e+02 4.739211994410e+01 -1.694298313811e+01 7.457100208262e+00 -1.708193851992e+02 -7.306245762650e+01 1.293712215745e+02 3.523928901209e+04
2.012538586273e+03 1.020000000000e+00 3.971507555516e+01 4.500000000000e+00 7.418512343484e-01 4.461903337615e+02 4.926218641703e+01 -1.679541424184e+01 6.646973899574e+00 -1.641535713307e+02 -6.298825419313e+01 1.359582495949e+02 3.246918607432e+04
2.012538700313e+03 1.020000000000e+00 3.971507555516e+01 4.500000000000e+00 7.234822029920e-01 4.428833493750e+02 5.113721870008e+01 -1.663070844778e+01 6.008154392189e+00 -1.572078023895e+02 -5.354146289741e+01 1.411664683824e+02 3.010784900450e+04
2.012538814353e+03 1.020000000000e+00 3.971507555516e+01 4.500000000000e+00 7.076739583882e-01 4.401342161151e+02 5.281691050426e+01 -1.663358130208e+01 5.567604229458e+00 -1.502420124196e+02 -4.484958487302e+01 1.450523909613e+02 2.852233191012e+04
2.012538928394e+03 1.020000000000e+00 3.971507555516e+01 4.500000000000e+00 6.903242193779e-01 4.378432354301e+02 5.424489846902e+01 -1.707051904733e+01 5.287771280881e+00 -1.433352540173e+02 -3.696039299750e+01 1.476713746237e+02 2.776729548488e+04
2.012539042434e+03 1.020000000000e+00 3.971507555516e+01 4.500000000000e+00 6.694891887995e-01 4.360349144028e+02 5.541966089367e+01 -1.804612046907e+01 5.089982960113e+00 -1.366604893921e+02 -2.985058763668e+01 1.491643232209e+02 2.755867221230e+04
2.012539156474e+03 1.020000000000e+00 3.971507555516e+01 4.500000000000e+00 6.464330622630e-01 4.343590132432e+02 5.637358552110e+01 -1.943086970847e+01 4.967662730153e+00 -1.304008366516e+02 -2.347915783754e+01 1.497948102198e+02 2.786287615611e+04
2.012539270514e+03 1.020000000000e+00 3.971507555516e+01 4.500000000000e+00 6.183935020304e-01 4.327288372000e+02 5.735118222539e+01 -2.096642321488e+01 4.935880969253e+00 -1.246003378248e+02 -1.772938065685e+01 1.497539714992e+02 2.896508614245e+04
2.012539384555e+03 1.020000000000e+00 3.971507555516e+01 4.500000000000e+00 5.843765080305e-01 4.311579402797e+02 5.862771471060e+01 -2.271709238410e+01 4.923562038273e+00 -1.191925855046e+02 -1.256370407985e+01 1.491772608241e+02 3.058190192712e+04
2.012539498595e+03 1.020000000000e+00 3.971507555516e+01 4.500000000000e+00 5.472158137029e-01 4.295896817117e+02 6.039542398361e+01 -2.470638467264e+01 4.841988835680e+00 -1.141915409440e+02 -7.961707192562e+00 1.482133352794e+02 3.212021362232e+04
2.012539612635e+03 1.020000000000e+00 3.971507555516e+01 4.500000000000e+00 5.091689189846e-01 4.280812802925e+02 6.271327911190e+01 -2.681867016922e+01 4.707830311498e+00 -1.096019264034e+02 -3.844395130460e+00 1.469519256421e+02 3.356149217861e+04
2.012539726675e+03 1.020000000000e+00 3.971507555516e+01 4.500000000000e+00 4.721460162461e-01 4.264802190562e+02 6.539747527254e+01 -2.898620542481e+01 4.506570310649e+00 -1.053964886735e+02 -1.064413686211e-01 1.454569094527e+02 3.463451353657e+04
2.012539840716e+03 1.020000000000e+00 3.971507555516e+01 4.500000000000e+00 4.359962076234e-01 4.247355592062e+02 6.806717973219e+01 -3.115567797005e+01 4.218920603385e+00 -1.015280152558e+02 3.281876391780e+00 1.438129235316e+02 3.510274326407e+04
2.012539954756e+03 1.020000000000e+00 3.971507555516e+01 4.500000000000e+00 4.025650386377e-01 4.229293623719e+02 7.021184823069e+01 -3.324843048158e+01 3.931577685476e+00 -9.791345799122e+01 6.438677852431e+00 1.420424126493e+02 3.542257545367e+04
2.012540068796e+03 1.020000000000e+00 3.971507555516e+01 4.500000000000e+00 3.716332816177e-01 4.210335244338e+02 7.154237369890e+01 -3.505939682533e+01 3.681659886796e+00 -9.446089804471e+01 9.495843333851e+00 1.401722537830e+02 3.593295054050e+04
2.012540182836e+03 1.020000000000e+00 3.971507555516e+01 4.500000000000e+00 3.421085141810e-01 4.190516421405e+02 7.199230635600e+01 -3.648989201670e+01 3.503103191718e+00 -9.118075776416e+01 1.260025138389e+01 1.382064635714e+02 3.714901593282e+04
2.012540296877e+03 1.020000000000e+00 3.971507555516e+01 4.500000000000e+00 3.129496891976e-01 4.168524980909e+02 7.138582417788e+01 -3.755934203499e+01 3.405725128817e+00 -8.812449004465e+01 1.593518594984e+01 1.361476868842e+02 3.949376956602e+04
2.012540410917e+03 1.020000000000e+00 3.971507555516e+01 4.500000000000e+00 2.887791488377e-01 4.140991500561e+02 6.933711691404e+01 -3.765928685626e+01 3.513210984522e+00 -8.523740674333e+01 1.992121044285e+01 1.339322294387e+02 4.412858544661e+04
2.012540524957e+03 1.020000000000e+00 3.971507555516e+01 4.500000000000e+00 2.729053039619e-01 4.104642919603e+02 6.389992925969e+01 -3.686654374544e+01 3.941283865485e+00 -8.228567613366e+01 2.471392464914e+01 1.314871353347e+02 5.234710286081e+04
2.012540638997e+03 1.020000000000e+00 3.971507555516e+01 4.500000000000e+00 2.617907294789e-01 4.063343147560e+02 5.544671914231e+01 -3.558735433614e+01 4.535921625450e+00 -7.905517386725e+01 3.035929303517e+01 1.288103597542e+02 6.279961115248e+04
2.012540753038e+03 1.020000000000e+00 3.971507555516e+01 4.500000000000e+00 2.532858507135e-01 4.012064451622e+02 4.506100111047e+01 -3.328949670345e+01 5.037934549988e+00 -7.534654948630e+01 3.668910036672e+01 1.257977816725e+02 7.209564962163e+04
2.012540867078e+03 1.020000000000e+00 3.971507555516e+01 4.500000000000e+00 2.467338038830e-01 3.955136887333e+02 3.411641916304e+01 -2.961373668308e+01 5.400775706018e+00 -7.130224297043e+01 4.344874009449e+01 1.224498626723e+02 7.940552831570e+04
2.012540981118e+03 1.020000000000e+00 3.971507555516e+01 4.500000000000e+00 2.413487701036e-01 3.896440220245e+02 2.451893549875e+01 -2.518608758986e+01 5.501917357355e+00 -6.703945511102e+01 5.018870950239e+01 1.187514955120e+02 8.283445352067e+04
2.012541095158e+03 1.020000000000e+00 4.061507555516e+01 4.600000000000e+00 2.548194847875e-01 3.791544898955e+02 1.500829045425e+01 -1.941856427150e+01 4.965117648407e+00 -5.580004314428e+01 5.953319170753e+01 1.179837418695e+02 7.110674079335e+04
2.012541209199e+03 1.020000000000e+00 4.061507555516e+01 4.600000000000e+00 2.524650085459e-01 3.749563979586e+02 1.216412552497e+01 -1.530542110808e+01 4.707227774929e+00 -5.168563009427e+01 6.448385446987e+01 1.137196178219e+02 6.815885868627e+04
2.012541323239e+03 1.020000000000e+00 4.061507555516e+01 4.600000000000e+00 2.560795566646e-01 3.718579092678e+02 1.174622911533e+01 -1.238289416256e+01 4.410242565509e+00 -4.789291714876e+01 6.836656256341e+01 1.095959668422e+02 6.297386515591e+04
2.012541437279e+03 1.020000000000e+00 4.061507555516e+01 4.600000000000e+00 2.677181812351e-01 3.698596795035e+02 1.332019740594e+01 -1.054472241685e+01 4.161438731963e+00 -4.451664740803e+01 7.132320908740e+01 1.056469212040e+02 5.684214861516e+04
2.012541551319e+03 1.020000000000e+00 4.061507555516e+01 4.600000000000e+00 2.870284350224e-01 3.686524314860e+02 1.679805460021e+01 -8.914615111688e+00 3.984929947790e+00 -4.163963872984e+01 7.351517401646e+01 1.018744533449e+02 5.078258542148e+04
2.012541665360e+03 1.020000000000e+00 4.061507555516e+01 4.600000000000e+00 3.112032297176e-01 3.679552939023e+02 2.085458607597e+01 -7.022306443964e+00 3.878698859899e+00 -3.922154450099e+01 7.513155573845e+01 9.823997042733e+01 4.561527540149e+04
2.012541779400e+03 1.020000000000e+00 4.061507555516e+01 4.600000000000e+00 3.362928333842e-01 3.674999586469e+02 2.526548977834e+01 -4.982570184398e+00 3.803583510496e+00 -3.718755704673e+01 7.640487753611e+01 9.470916905555e+01 4.143853931300e+04
2.012541893440e+03 1.020000000000e+00 4.061507555516e+01 4.600000000000e+00 3.573633092297e-01 3.668200446559e+02 2.949764578721e+01 -2.830888497027e+00 3.735302997468e+00 -3.549731540752e+01 7.738699918196e+01 9.132768184284e+01 3.832199968917e+04
2.012542007480e+03 1.020000000000e+00 4.061507555516e+01 4.600000000000e+00 3.696967632265e-01 3.659344651114e+02 3.303147218718e+01 -6.613220263912e-01 3.680067122905e+00 -3.411825573160e+01 7.814096853337e+01 8.817030388964e+01 3.648261904850e+04
2.012542121521e+03 1.020000000000e+00 4.061507555516e+01 4.600000000000e+00 3.725930346057e-01 3.649782779429e+02 3.587762512293e+01 1.085885326879e+00 3.641144760297e+00 -3.295226558818e+01 7.872719301992e+01 8.519152854489e+01 3.581659569457e+04
2.012542235561e+03 1.020000000000e+00 4.061507555516e+01 4.600000000000e+00 3.692501839553e-01 3.639877044017e+02 3.805158482378e+01 2.129202520089e+00 3.635396747073e+00 -3.194528002336e+01 7.917586396498e+01 8.236248355011e+01 3.609025295831e+04
2.012542349601e+03 1.020000000000e+00 4.061507555516e+01 4.600000000000e+00 3.620559326534e-01 3.630831018991e+02 3.973449600345e+01 2.364715191850e+00 3.919162008303e+00 -3.108205591326e+01 7.940791225183e+01 7.971785881216e+01 3.961809100947e+04
2.012542463641e+03 1.020000000000e+00 4.061507555516e+01 4.600000000000e+00 3.515898157493e-01 3.626389431398e+02 4.039579836348e+01 1.449922560612e+00 5.277314871823e+00 -3.036138935263e+01 7.931331889406e+01 7.729658429517e+01 5.492328510800e+04
2.012542577682e+03 1.020000000000e+00 4.061507555516e+01 4.600000000000e+00 3.341155188161e-01 3.633009905432e+02 3.949113740165e+01 -2.321057721146e+00 8.403312101130e+00 -2.979527444566e+01 7.881651818727e+01 7.503524855948e+01 9.200799677480e+04
2.012542691722e+03 1.020000000000e+00 4.061507555516e+01 4.600000000000e+00 3.137251869306e-01 3.651012508287e+02 3.536183583899e+01 -8.761550991886e+00 1.263512958305e+01 -2.943224424051e+01 7.788845996265e+01 7.298236940494e+01 1.468368202136e+05
2.012542805762e+03 1.020000000000e+00 4.061507555516e+01 4.600000000000e+00 2.967505756022e-01 3.684315630658e+02 2.707135962339e+01 -1.636206291991e+01 1.717956229868e+01 -2.924255509107e+01 7.648860552022e+01 7.141501029389e+01 2.103079888247e+05
2.012542919802e+03 1.020000000000e+00 4.061507555516e+01 4.600000000000e+00 2.859626396691e-01 3.714143036271e+02 1.698717868858e+01 -2.292907267981e+01 2.126212761173e+01 -2.953101659777e+01 7.452670579403e+01 7.037999003058e+01 2.696564706716e+05
2.012543033843e+03 1.020000000000e+00 4.061507555516e+01 4.600000000000e+00 2.798022634644e-01 3.737673868275e+02 6.717005823815e+00 -2.575589971736e+01 2.438878577735e+01 -3.062932694612e+01 7.212789093839e+01 6.987788604169e+01 3.157346699934e+05
2.012543147883e+03 1.020000000000e+00 4.061507555516e+01 4.600000000000e+00 2.779174367950e-01 3.758675521657e+02 -6.729293247067e-01 -2.630386461343e+01 2.637131553202e+01 -3.226204476556e+01 6.961348204636e+01 6.979221916446e+01 3.435429335322e+05
2.012543261923e+03 1.020000000000e+00 4.061507555516e+01 4.600000000000e+00 2.859276808841e-01 3.769430229357e+02 -3.730403493541e+00 -2.596054279919e+01 2.770279698426e+01 -3.388272055953e+01 6.731203739475e+01 6.971531594935e+01 3.511523343637e+05
2.012543375963e+03 1.020000000000e+00 4.061507555516e+01 4.600000000000e+00 3.410386803987e-01 3.773273417073e+02 -4.130999013821e+00 -2.467850293875e+01 2.896929631360e+01 -3.531818772514e+01 6.546975976451e+01 6.940097818070e+01 3.298126652232e+05
2.012543490004e+03 1.020000000000e+00 4.061507555516e+01 4.600000000000e+00 5.763683173834e-01 3.769423970223e+02 -3.265862913025e+00 -2.239099847388e+01 3.059568988308e+01 -3.656615073926e+01 6.409905586513e+01 6.880470524040e+01 2.192895006111e+05
2.012543604044e+03 1.020000000000e+00 4.061507555516e+01 4.600000000000e+00 1.137243206654e+00 3.759902429750e+02 -1.242063304634e+00 -2.006008830543e+01 3.285695771992e+01 -3.767541814593e+01 6.316868801386e+01 6.811560007033e+01 1.118338759117e+05
2.012543718084e+03 1.020000000000e+00 4.161507555516e+01 4.700000000000e+00 1.797929292059e+00 3.734589039716e+02 1.180346629496e+00 -1.821325166994e+01 3.628535345606e+01 -3.852762441655e+01 6.107311232866e+01 6.884488515233e+01 7.544221903787e+04
2.012543832124e+03 1.020000000000e+00 4.161507555516e+01 4.700000000000e+00 2.596476795282e+00 3.722986010684e+02 3.632690171834e+00 -1.580758598081e+01 3.952431599468e+01 -3.963509640528e+01 6.084841001690e+01 6.867759845976e+01 5.601429483327e+04
2.012543946165e+03 1.020000000000e+00 4.161507555516e+01 4.700000000000e+00 3.419825472355e+00 3.715310675569e+02 6.233528533975e+00 -1.385347761888e+01 4.275464730830e+01 -4.079373693836e+01 6.161054227095e+01 6.900549380775e+01 4.566590369540e+04
2.012544060205e+03 1.020000000000e+00 4.161507555516e+01 4.700000000000e+00 4.203376684843e+00 3.707424439669e+02 8.646231463232e+00 -1.278970244117e+01 4.547454569869e+01 -4.202554254337e+01 6.323085851062e+01 6.945126213483e+01 3.935276055939e+04
2.012544174245e+03 1.020000000000e+00 4.161507555516e+01 4.700000000000e+00 4.890936377304e+00 3.699743027897e+02 1.034321812240e+01 -1.221694041351e+01 4.780728353800e+01 -4.333660956575e+01 6.526520905351e+01 7.018886571337e+01 3.545765054508e+04
2.012544288285e+03 1.020000000000e+00 4.161507555516e+01 4.700000000000e+00 5.449399020142e+00 3.693718446196e+02 1.120238706911e+01 -1.186137717499e+01 5.046441959345e+01 -4.465435974258e+01 6.756917133737e+01 7.107436387197e+01 3.353115407858e+04
2.012544402326e+03 1.020000000000e+00 4.161507555516e+01 4.700000000000e+00 5.991876232286e+00 3.690597960149e+02 1.143870854269e+01 -1.187110577801e+01 5.584571336660e+01 -4.581345398611e+01 7.016644781753e+01 7.139963058005e+01 3.364649104409e+04
2.012544516366e+03 1.020000000000e+00 4.161507555516e+01 4.700000000000e+00 6.991704573808e+00 3.693503230005e+02 1.117825125486e+01 -1.298596012601e+01 6.983742822242e+01 -4.660572928767e+01 7.240261102563e+01 7.083628537189e+01 3.592094764367e+04
2.012544630406e+03 1.020000000000e+00 4.161507555516e+01 4.700000000000e+00 8.571613910083e+00 3.699629040345e+02 9.726442096398e+00 -1.546204984861e+01 9.473313988494e+01 -4.692019452420e+01 7.382793009441e+01 6.981330529001e+01 3.975076185045e+04
2.012544744446e+03 1.020000000000e+00 4.161507555516e+01 4.700000000000e+00 1.040012917192e+01 3.706672266144e+02 7.101683235864e+00 -1.857298895825e+01 1.268678697746e+02 -4.687976293270e+01 7.488483467434e+01 6.826791707845e+01 4.394808004709e+04
2.012544858487e+03 1.020000000000e+00 4.161507555516e+01 4.700000000000e+00 1.227671713781e+01 3.714330823849e+02 3.742070756427e+00 -2.153545061507e+01 1.631811003750e+02 -4.665820424052e+01 7.646358130832e+01 6.507117526390e+01 4.796494773387e+04
2.012544972527e+03 1.020000000000e+00 4.161507555516e+01 4.700000000000e+00 1.398543818787e+01 3.723839303031e+02 -2.540253249842e-01 -2.358735523280e+01 2.004813285982e+02 -4.636485282103e+01 7.926676246481e+01 5.965955972836e+01 5.178676246660e+04
2.012545086567e+03 1.020000000000e+00 4.161507555516e+01 4.700000000000e+00 1.516354360124e+01 3.736337067540e+02 -4.354261019581e+00 -2.482372331714e+01 2.354621069763e+02 -4.601992950881e+01 8.267782825307e+01 5.301344334102e+01 5.617609780006e+04
2.012545200607e+03 1.020000000000e+00 4.161507555516e+01 4.700000000000e+00 1.550450800695e+01 3.749309461090e+02 -8.257903189098e+00 -2.544597467017e+01 2.648967601464e+02 -4.560586799490e+01 8.601568998687e+01 4.604528314579e+01 6.186374696525e+04
2.012545314648e+03 1.020000000000e+00 4.161507555516e+01 4.700000000000e+00 1.542152688612e+01 3.761391906226e+02 -1.173198737926e+01 -2.559907912712e+01 2.871034773145e+02 -4.512729645278e+01 8.883620447039e+01 3.943315210347e+01 6.742842327901e+04
2.012545428688e+03 1.020000000000e+00 4.161507555516e+01 4.700000000000e+00 1.517457784149e+01 3.772541502076e+02 -1.464189726070e+01 -2.549027252426e+01 3.021190881213e+02 -4.462982929947e+01 9.092664207069e+01 3.362526916604e+01 7.211187544037e+04
2.012545542728e+03 1.020000000000e+00 4.161507555516e+01 4.700000000000e+00 1.484098825618e+01 3.784226520701e+02 -1.690081566146e+01 -2.513543499784e+01 3.103101726901e+02 -4.413819497595e+01 9.208351120316e+01 2.871857371382e+01 7.574405137012e+04
2.012545656768e+03 1.020000000000e+00 4.161507555516e+01 4.700000000000e+00 1.430976840042e+01 3.798240871549e+02 -1.850134559953e+01 -2.405835696017e+01 3.133306383211e+02 -4.361730465941e+01 9.247231618196e+01 2.454620766491e+01 7.935137010618e+04
2.012545770809e+03 1.020000000000e+00 4.161507555516e+01 4.700000000000e+00 1.344770238570e+01 3.824894511760e+02 -1.934298369016e+01 -2.202192458815e+01 3.096327172213e+02 -4.299465887087e+01 9.136330490430e+01 2.017597780673e+01 8.350680260274e+04
2.012545884849e+03 1.020000000000e+00 4.161507555516e+01 4.700000000000e+00 1.219337334655e+01 3.881601746068e+02 -1.946418444160e+01 -1.947742114554e+01 2.953433374616e+02 -4.212603037948e+01 8.717121587447e+01 1.528448986005e+01 8.767469099113e+04
2.012545998889e+03 1.020000000000e+00 4.161507555516e+01 4.700000000000e+00 1.050517838014e+01 3.982440353251e+02 -1.857707819735e+01 -1.624419084648e+01 2.520107023752e+02 -4.063452095822e+01 7.548142311509e+01 1.032364223516e+01 8.634415936359e+04
2.012546112929e+03 1.020000000000e+00 4.161507555516e+01 4.700000000000e+00 8.557737504280e+00 4.115920820858e+02 -1.481423462018e+01 -1.190252888688e+01 1.824045091643e+02 -3.850038931075e+01 5.941013116053e+01 6.668016701327e+00 7.648789317046e+04
2.012546226970e+03 1.020000000000e+00 4.161507555516e+01 4.700000000000e+00 6.914468097010e+00 4.248665594285e+02 -8.685386747044e+00 -7.526420449468e+00 1.240812987380e+02 -3.655485803422e+01 4.529869502906e+01 4.148308925783e+00 6.462874570134e+04
2.012546341010e+03 1.020000000000e+00 4.161507555516e+01 4.700000000000e+00 5.883041397475e+00 4.339759605449e+02 -4.185472208559e+00 -4.520001330674e+00 9.163406908779e+01 -3.525104991494e+01 3.662703316905e+01 2.494748350785e+00 5.634955417893e+04
2.012546455050e+03 1.020000000000e+00 4.251507555516e+01 4.800000000000e+00 5.467437586879e+00 4.378153229621e+02 -2.525303938393e+00 -3.339575357048e+00 8.063700002008e+01 -3.454907265972e+01 3.331005450122e+01 1.781014086529e+00 5.340340354797e+04
2.012546569090e+03 1.020000000000e+00 4.251507555516e+01 4.800000000000e+00 5.265332015737e+00 4.395084177855e+02 -1.748950957035e+00 -2.804831000583e+00 7.577690007193e+01 -3.409740725744e+01 3.183130010379e+01 1.415171804924e+00 5.211841044072e+04
2.012546683131e+03 1.020000000000e+00 4.251507555516e+01 4.800000000000e+00 5.154258002113e+00 4.403964503239e+02 -1.387346408160e+00 -2.602854857651e+00 7.331094061171e+01 -3.407282342403e+01 3.118413571832e+01 1.240262889960e+00 5.150949833134e+04
2.012546797171e+03 1.020000000000e+00 4.251507555516e+01 4.800000000000e+00 5.079961934503e+00 4.409851537503e+02 -1.158648786496e+00 -2.528493836584e+00 7.171012514240e+01 -3.425489143714e+01 3.081218358186e+01 1.122334634774e+00 5.112088401648e+04
2.012546911211e+03 1.020000000000e+00 4.251507555516e+01 4.800000000000e+00 5.058718893034e+00 4.414971035467e+02 -8.683832934970e-01 -2.502906228358e+00 7.124710596699e+01 -3.434693040377e+01 3.053012329496e+01 9.769488657517e-01 5.100280762675e+04
2.012547025251e+03 1.020000000000e+00 4.251507555516e+01 4.800000000000e+00 5.073977727727e+00 4.420163917903e+02 -4.669716430543e-01 -2.493539313290e+00 7.158878056536e+01 -3.435966531346e+01 3.029202533521e+01 7.954384462085e-01 5.109331055829e+04
2.012547139292e+03 1.020000000000e+00 4.251507555516e+01 4.800000000000e+00 5.091609082976e+00 4.426116119186e+02 -1.015078769611e-01 -2.488475423005e+00 7.199069351514e+01 -3.437552811326e+01 3.017049458735e+01 6.052268751462e-01 5.120236615805e+04
2.012547253332e+03 1.020000000000e+00 4.251507555516e+01 4.800000000000e+00 5.109745218508e+00 4.433136361372e+02 1.837213147851e-01 -2.485674687536e+00 7.240418818491e+01 -3.443973563537e+01 3.017737571290e+01 4.159509725073e-01 5.131344727974e+04
2.012547367372e+03 1.020000000000e+00 4.251507555516e+01 4.800000000000e+00 5.138031024353e+00 4.440956460381e+02 3.765020774409e-01 -2.487506748668e+00 7.304233149189e+01 -3.455436206598e+01 3.021641974545e+01 2.326551348235e-01 5.147992160411e+04
2.012547481412e+03 1.020000000000e+00 4.251507555516e+01 4.800000000000e+00 5.188090634179e+00 4.448840010889e+02 4.692825742349e-01 -2.497551897099e+00 7.415084917297e+01 -3.470290644885e+01 3.032206883334e+01 6.318636402746e-02 5.175588321120e+04
2.012547595453e+03 1.020000000000e+00 4.251507555516e+01 4.800000000000e+00 5.263216726644e+00 4.456504485137e+02 5.066364436982e-01 -2.516663294851e+00 7.580473098593e+01 -3.486211311912e+01 3.051969075590e+01 -8.431835111779e-02 5.215440133455e+04
2.012547709493e+03 1.020000000000e+00 4.251507555516e+01 4.800000000000e+00 5.355801534623e+00 4.464730057867e+02 5.231701269451e-01 -2.540361191407e+00 7.784819127730e+01 -3.500195376742e+01 3.072893858982e+01 -2.045884180115e-01 5.263395558772e+04
2.012547823533e+03 1.020000000000e+00 4.251507555516e+01 4.800000000000e+00 5.462548315440e+00 4.473880236382e+02 5.222887267854e-01 -2.564862629652e+00 8.022587616705e+01 -3.508876210437e+01 3.091133854193e+01 -2.948117651215e-01 5.318105070810e+04
2.012547937573e+03 1.020000000000e+00 4.251507555516e+01 4.800000000000e+00 5.582728656321e+00 4.484045781668e+02 4.597503383907e-01 -2.587620728536e+00 8.293722409546e+01 -3.509345006056e+01 3.105662005698e+01 -3.545925062876e-01 5.379424929860e+04
2.012548051613e+03 1.020000000000e+00 4.251507555516e+01 4.800000000000e+00 5.716115146149e+00 4.495162069770e+02 3.378148281717e-01 -2.603489807270e+00 8.598731906316e+01 -3.500104347445e+01 3.116975533616e+01 -3.900931184495e-01 5.447050873330e+04
2.012548165654e+03 1.020000000000e+00 4.251507555516e+01 4.800000000000e+00 5.861467925353e+00 4.507145086565e+02 1.824928817891e-01 -2.619462248899e+00 8.935885507948e+01 -3.481137361044e+01 3.125729401381e+01 -4.030299842635e-01 5.520199967813e+04
2.012548279694e+03 1.020000000000e+00 4.251507555516e+01 4.800000000000e+00 6.014557787991e+00 4.520017683694e+02 6.667360479844e-03 -2.636972487163e+00 9.302180132771e+01 -3.453842779590e+01 3.132989125307e+01 -4.050266612583e-01 5.600132741741e+04
2.012548393734e+03 1.020000000000e+00 4.251507555516e+01 4.800000000000e+00 6.145168748895e+00 4.533943779593e+02 -1.826204469419e-01 -2.658999496600e+00 9.694529188394e+01 -3.420434771213e+01 3.140480235946e+01 -3.863253866538e-01 5.712197890780e+04
2.012548507774e+03 1.020000000000e+00 4.251507555516e+01 4.800000000000e+00 6.230584611249e+00 4.549055496210e+02 -3.926757210590e-01 -2.695697459500e+00 1.010882078006e+02 -3.382978156906e+01 3.149202017142e+01 -2.850441445963e-01 5.874673014055e+04
2.012548621815e+03 1.020000000000e+00 4.251507555516e+01 4.800000000000e+00 6.301848489866e+00 4.565189149016e+02 -6.503153295752e-01 -2.735524447656e+00 1.053631952739e+02 -3.342570423018e+01 3.157586899741e+01 -8.762651195585e-02 6.053890281080e+04
2.012548735855e+03 1.020000000000e+00 4.251507555516e+01 4.800000000000e+00 6.372063487159e+00 4.581854287173e+02 -9.895033805164e-01 -2.804103817427e+00 1.095965889511e+02 -3.299401089801e+01 3.160519654380e+01 1.561186314729e-01 6.227818385540e+04
2.012548849895e+03 1.020000000000e+00 4.251507555516e+01 4.800000000000e+00 6.436546746588e+00 4.598387315932e+02 -1.420763537432e+00 -2.895710171652e+00 1.135126854110e+02 -3.253870203964e+01 3.151183867831e+01 4.340288693749e-01 6.385875980248e+04
2.012548963935e+03 1.020000000000e+00 4.251507555516e+01 4.800000000000e+00 6.482077626349e+00 4.614066476568e+02 -1.916668569567e+00 -2.990681334015e+00 1.167602746472e+02 -3.206860241825e+01 3.127892388654e+01 7.406029950569e-01 6.522655340720e+04
2.012549077976e+03 1.020000000000e+00 4.251507555516e+01 4.800000000000e+00 6.486969130280e+00 4.628392608149e+02 -2.440665027869e+00 -3.070437638546e+00 1.189160502206e+02 -3.159376735695e+01 3.098560930876e+01 1.058923514602e+00 6.638311813354e+04
2.012549192016e+03 1.020000000000e+00 4.351507555516e+01 4.900000000000e+00 6.441895631049e+00 4.639877375019e+02 -2.770694155661e+00 -3.145137176024e+00 1.196974557076e+02 -3.126976210747e+01 3.055328096492e+01 1.361265443553e+00 6.728926685953e+04
2.012549306056e+03 1.020000000000e+00 4.351507555516e+01 4.900000000000e+00 6.336170870623e+00 4.651476094089e+02 -3.258393156201e+00 -3.158131301723e+00 1.193442871482e+02 -3.080659354633e+01 3.005022857931e+01 1.630048585834e+00 6.821094807141e+04
2.012549420096e+03 1.020000000000e+00 4.351507555516e+01 4.900000000000e+00 6.210936044210e+00 4.661770312233e+02 -3.620313705374e+00 -3.147610523725e+00 1.178470360268e+02 -3.033989614367e+01 2.952287407476e+01 1.830688599679e+00 6.871366790603e+04
2.012549534137e+03 1.020000000000e+00 4.351507555516e+01 4.900000000000e+00 6.069611934193e+00 4.671199260698e+02 -3.838925300782e+00 -3.108269147201e+00 1.154837721536e+02 -2.986108181566e+01 2.900060128663e+01 1.953634286880e+00 6.890423914403e+04
2.012549648177e+03 1.020000000000e+00 4.351507555516e+01 4.900000000000e+00 5.896998987374e+00 4.680170402609e+02 -3.930946672531e+00 -3.008611093694e+00 1.124557364253e+02 -2.936783855919e+01 2.848409927906e+01 2.023640080663e+00 6.906183013305e+04
2.012549762217e+03 1.020000000000e+00 4.351507555516e+01 4.900000000000e+00 5.716661444410e+00 4.688989360785e+02 -3.949684229455e+00 -2.875831042875e+00 1.091514917216e+02 -2.887430609534e+01 2.796796820434e+01 2.039365510875e+00 6.914708288335e+04
2.012549876257e+03 1.020000000000e+00 4.351507555516e+01 4.900000000000e+00 5.543163198777e+00 4.697698992334e+02 -3.939654751902e+00 -2.728992113845e+00 1.058005749830e+02 -2.840986998742e+01 2.745250543824e+01 2.023212551023e+00 6.912184006080e+04
2.012549990298e+03 1.020000000000e+00 4.351507555516e+01 4.900000000000e+00 5.384261316607e+00 4.706254799163e+02 -3.898347110545e+00 -2.584038208360e+00 1.024736083098e+02 -2.800642511369e+01 2.694061154227e+01 1.962177765816e+00 6.892390577181e+04
2.012550104338e+03 1.020000000000e+00 4.351507555516e+01 4.900000000000e+00 5.243067480522e+00 4.714641055689e+02 -3.814548464819e+00 -2.432571039880e+00 9.927712877062e+01 -2.768467588290e+01 2.643132007787e+01 1.825618867603e+00 6.857207651985e+04
2.012550218378e+03 1.020000000000e+00 4.351507555516e+01 4.900000000000e+00 5.119156237700e+00 4.722836224704e+02 -3.731477492983e+00 -2.270666837246e+00 9.623380734399e+01 -2.744925443553e+01 2.592361684857e+01 1.669970066426e+00 6.807895345603e+04
2.012550332418e+03 1.020000000000e+00 4.351507555516e+01 4.900000000000e+00 5.009422026345e+00 4.730773462881e+02 -3.653622825472e+00 -2.105272083754e+00 9.340185025346e+01 -2.729136938724e+01 2.541406584549e+01 1.515394196412e+00 6.752305027256e+04
2.012550446459e+03 1.020000000000e+00 4.351507555516e+01 4.900000000000e+00 4.909641205491e+00 4.738338202207e+02 -3.565031037878e+00 -1.944024936264e+00 9.083110884580e+01 -2.719298824801e+01 2.489576025615e+01 1.365108582926e+00 6.699914849774e+04
2.012550560499e+03 1.020000000000e+00 4.351507555516e+01 4.900000000000e+00 4.825088295745e+00 4.745403490580e+02 -3.446762439361e+00 -1.790659768419e+00 8.859034152587e+01 -2.713334758403e+01 2.435939156749e+01 1.219990339021e+00 6.649153094375e+04
2.012550674539e+03 1.020000000000e+00 4.351507555516e+01 4.900000000000e+00 4.760145926661e+00 4.752011235545e+02 -3.321040051833e+00 -1.647211372117e+00 8.654651822902e+01 -2.709406380198e+01 2.382607274833e+01 1.083907712940e+00 6.584383732066e+04
2.012550788579e+03 1.020000000000e+00 4.351507555516e+01 4.900000000000e+00 4.703756634477e+00 4.758233154742e+02 -3.198372505169e+00 -1.512720550428e+00 8.465267208537e+01 -2.706288598904e+01 2.330661008012e+01 9.600285686957e-01 6.517492604143e+04
2.012550902620e+03 1.020000000000e+00 4.351507555516e+01 4.900000000000e+00 4.648412730295e+00 4.764079889595e+02 -3.069667993898e+00 -1.386197164353e+00 8.293676720606e+01 -2.703303000790e+01 2.279672011113e+01 8.506018199230e-01 6.461392019460e+04
2.012551016660e+03 1.020000000000e+00 4.351507555516e+01 4.900000000000e+00 4.595820823875e+00 4.769535564674e+02 -2.927443479147e+00 -1.268084419578e+00 8.141755969992e+01 -2.700187259028e+01 2.229473418148e+01 7.584491196248e-01 6.415608311543e+04
2.012551130700e+03 1.020000000000e+00 4.351507555516e+01 4.900000000000e+00 4.548384374772e+00 4.774566557002e+02 -2.771634627143e+00 -1.158281868202e+00 8.008801944003e+01 -2.696987842736e+01 2.180529235299e+01 6.864066814312e-01 6.376649204663e+04
2.012551244740e+03 1.020000000000e+00 4.351507555516e+01 4.900000000000e+00 4.506655789733e+00 4.779097277697e+02 -2.609155513932e+00 -1.055369631130e+00 7.892925058672e+01 -2.693890159428e+01 2.133692748821e+01 6.364932921295e-01 6.342566754288e+04
2.012551358781e+03 1.020000000000e+00 4.351507555516e+01 4.900000000000e+00 4.470014147831e+00 4.783018527698e+02 -2.450822175528e+00 -9.565074762167e-01 7.791850720185e+01 -2.691102660416e+01 2.089759270402e+01 6.089175219061e-01 6.312666038298e+04
2.012551472821e+03 1.020000000000e+00 4.351507555516e+01 4.900000000000e+00 4.437237244562e+00 4.786239216155e+02 -2.308157274852e+00 -8.578493497657e-01 7.702261865838e+01 -2.688730889968e+01 2.049163311908e+01 5.994456760959e-01 6.286170585847e+04
2.012551586861e+03 1.020000000000e+00 4.351507555516e+01 4.900000000000e+00 4.408722616304e+00 4.788590075788e+02 -2.200955158459e+00 -7.561214523772e-01 7.624803819297e+01 -2.686824645814e+01 2.013068686049e+01 5.982099182394e-01 6.263164805891e+04
2.012551700901e+03 1.020000000000e+00 4.351507555516e+01 4.900000000000e+00 4.392330037336e+00 4.789723578874e+02 -2.161365243650e+00 -6.525273453139e-01 7.578904028140e+01 -2.685431603120e+01 1.985202584600e+01 6.074415435001e-01 6.248688638964e+04
2.012551814942e+03 1.020000000000e+00 4.351507555516e+01 4.900000000000e+00 4.380094300469e+00 4.790321008596e+02 -2.150823635736e+00 -5.510876021520e-01 7.543286733346e+01 -2.684483301425e+01 1.961160298223e+01 6.324298556112e-01 6.236706418101e+04
2.012551928982e+03 1.020000000000e+00 4.441507555516e+01 5.000000000000e+00 4.377565117089e+00 4.789884958098e+02 -2.076271245893e+00 -4.780247344235e-01 7.531135214596e+01 -2.696759429222e+01 1.945553158115e+01 6.255751523241e-01 6.230235693200e+04
2.012552043022e+03 1.020000000000e+00 4.441507555516e+01 5.000000000000e+00 4.365962102921e+00 4.789497759605e+02 -2.097660706369e+00 -3.893809244265e-01 7.498386723871e+01 -2.695427246975e+01 1.924733767881e+01 6.472939020041e-01 6.219627237228e+04
2.012552157062e+03 1.020000000000e+00 4.441507555516e+01 5.000000000000e+00 4.356412608250e+00 4.788390423808e+02 -2.160465560016e+00 -3.154243142474e-01 7.470419069781e+01 -2.694486755489e+01 1.909490513836e+01 6.526841946703e-01 6.210006826135e+04
2.012552271103e+03 1.020000000000e+00 4.441507555516e+01 5.000000000000e+00 4.349045898231e+00 4.786982687589e+02 -2.237982437652e+00 -2.607556857053e-01 7.447564014078e+01 -2.693610403650e+01 1.900208157156e+01 6.485482772709e-01 6.201494789045e+04
2.012552385143e+03 1.020000000000e+00 4.441507555516e+01 5.000000000000e+00 4.342449039424e+00 4.785281427630e+02 -2.316543454362e+00 -2.286002913853e-01 7.426035933491e+01 -2.692217007165e+01 1.892091323850e+01 6.362400516064e-01 6.192964522351e+04
2.012552499183e+03 1.020000000000e+00 4.441507555516e+01 5.000000000000e+00 4.335545063015e+00 4.783243523753e+02 -2.393175298975e+00 -2.127977146797e-01 7.403267292961e+01 -2.689870161550e+01 1.883964358654e+01 6.092484096869e-01 6.183808892147e+04
2.012552613223e+03 1.020000000000e+00 4.441507555516e+01 5.000000000000e+00 4.327794520535e+00 4.780855179890e+02 -2.471980414655e+00 -2.111656012891e-01 7.378241386980e+01 -2.686178653566e+01 1.875706389589e+01 5.618762658345e-01 6.173942721341e+04
2.012552727264e+03 1.020000000000e+00 4.441507555516e+01 5.000000000000e+00 4.318852034115e+00 4.778114367730e+02 -2.561065759219e+00 -2.221432556484e-01 7.350113822820e+01 -2.680880541284e+01 1.866985138681e+01 4.985046654371e-01 6.163143317236e+04
2.012552841304e+03 1.020000000000e+00 4.441507555516e+01 5.000000000000e+00 4.308286181310e+00 4.775040879346e+02 -2.668037204470e+00 -2.441028637300e-01 7.317672895129e+01 -2.673806306644e+01 1.857380043277e+01 4.262401413861e-01 6.150993936604e+04
2.012552955344e+03 1.020000000000e+00 4.441507555516e+01 5.000000000000e+00 4.295444794560e+00 4.771681815149e+02 -2.799891587081e+00 -2.705270064423e-01 7.279343061511e+01 -2.664816916556e+01 1.846675699338e+01 3.503631617604e-01 6.137074814290e+04
2.012553069384e+03 1.020000000000e+00 4.441507555516e+01 5.000000000000e+00 4.279532496228e+00 4.768098500681e+02 -2.961892392234e+00 -2.950858203505e-01 7.233224147514e+01 -2.653902003651e+01 1.834836047005e+01 2.738491570870e-01 6.120877384724e+04
2.012553183425e+03 1.020000000000e+00 4.441507555516e+01 5.000000000000e+00 4.259877284627e+00 4.764341035098e+02 -3.156527786313e+00 -3.147480785090e-01 7.177687586704e+01 -2.641250757394e+01 1.821969980512e+01 1.979231923213e-01 6.101917921722e+04
2.012553297465e+03 1.020000000000e+00 4.441507555516e+01 5.000000000000e+00 4.235995154301e+00 4.760429315628e+02 -3.383426139959e+00 -3.280042461230e-01 7.111521806250e+01 -2.627199010349e+01 1.808297996387e+01 1.232361002444e-01 6.079765200080e+04
2.012553411505e+03 1.020000000000e+00 4.441507555516e+01 5.000000000000e+00 4.207650828867e+00 4.756368124984e+02 -3.639385413183e+00 -3.330703084583e-01 7.034077202716e+01 -2.612089682172e+01 1.794150178640e+01 5.052724852362e-02 6.054073780694e+04
2.012553525545e+03 1.020000000000e+00 4.441507555516e+01 5.000000000000e+00 4.175258708037e+00 4.752179777760e+02 -3.917419785469e+00 -3.310587871964e-01 6.946180583216e+01 -2.596273368905e+01 1.780040317013e+01 -1.961133710271e-02 6.024810922450e+04
2.012553639586e+03 1.020000000000e+00 4.441507555516e+01 5.000000000000e+00 4.138838362311e+00 4.747784390434e+02 -4.212013789661e+00 -3.243699819756e-01 6.847612369285e+01 -2.580083290508e+01 1.765872646656e+01 -8.647049872330e-02 5.991582273023e+04
2.012553753626e+03 1.020000000000e+00 4.441507555516e+01 5.000000000000e+00 4.099474308702e+00 4.743173256072e+02 -4.513856874686e+00 -3.137379041454e-01 6.740807867938e+01 -2.563777970302e+01 1.751952752544e+01 -1.501094958837e-01 5.954760465320e+04
2.012553867666e+03 1.020000000000e+00 4.441507555516e+01 5.000000000000e+00 4.058026694866e+00 4.738286652427e+02 -4.815807204277e+00 -3.028586953501e-01 6.627645961149e+01 -2.547512283225e+01 1.738213215282e+01 -2.116363356109e-01 5.914586869812e+04
2.012553981706e+03 1.020000000000e+00 4.441507555516e+01 5.000000000000e+00 4.015268394138e+00 4.733051763330e+02 -5.112360644269e+00 -2.936011410923e-01 6.509842817291e+01 -2.531277861282e+01 1.724454773063e+01 -2.717388287729e-01 5.871313914312e+04
2.012554095747e+03 1.020000000000e+00 4.441507555516e+01 5.000000000000e+00 3.971773238423e+00 4.727386634862e+02 -5.400872237917e+00 -2.858839887536e-01 6.388725247579e+01 -2.514917356027e+01 1.710285033392e+01 -3.294206356855e-01 5.825168276162e+04
2.012554209787e+03 1.020000000000e+00 4.441507555516e+01 5.000000000000e+00 3.927987669799e+00 4.721232379033e+02 -5.682681447265e+00 -2.780935802255e-01 6.265446246152e+01 -2.498093915668e+01 1.695013226473e+01 -3.819798039201e-01 5.776436063047e+04
2.012554323827e+03 1.020000000000e+00 4.441507555516e+01 5.000000000000e+00 3.884350008965e+00 4.714610608797e+02 -5.965401474701e+00 -2.672917947403e-01 6.141365568675e+01 -2.480108275486e+01 1.677796543205e+01 -4.256286923998e-01 5.725640332985e+04
2.012554437867e+03 1.020000000000e+00 4.441507555516e+01 5.000000000000e+00 3.841307944423e+00 4.707648026889e+02 -6.264110718305e+00 -2.523320163069e-01 6.018200409530e+01 -2.459878832571e+01 1.658209749811e+01 -4.566671687964e-01 5.673673373450e+04
2.012554551908e+03 1.020000000000e+00 4.441507555516e+01 5.000000000000e+00 3.799706715778e+00 4.700520926702e+02 -6.594009434545e+00 -2.354245807979e-01 5.898914417950e+01 -2.436376599829e+01 1.636926745098e+01 -4.733797330423e-01 5.622092239294e+04
2.012554665948e+03 1.020000000000e+00 4.541507555516e+01 5.100000000000e+00 3.821892484539e+00 4.699972502628e+02 -6.515565597167e+00 -2.453645711692e-01 5.944656959913e+01 -2.443036041281e+01 1.653414978517e+01 -4.741266767513e-01 5.632460942301e+04
2.012554779988e+03 1.020000000000e+00 4.541507555516e+01 5.100000000000e+00 3.790159485907e+00 4.693376262540e+02 -6.820895387912e+00 -2.365018113727e-01 5.848962350254e+01 -2.417440128790e+01 1.637197013616e+01 -4.835179730767e-01 5.588190119745e+04
2.012554894028e+03 1.020000000000e+00 4.541507555516e+01 5.100000000000e+00 3.765972551130e+00 4.687318301733e+02 -7.064006179740e+00 -2.421662602161e-01 5.772665613983e+01 -2.392202296825e+01 1.625840594821e+01 -4.968922281379e-01 5.550748231178e+04
2.012555008069e+03 1.020000000000e+00 4.541507555516e+01 5.100000000000e+00 3.749880051096e+00 4.682405176630e+02 -7.166724801215e+00 -2.849080261920e-01 5.716900553970e+01 -2.370478332850e+01 1.619388609661e+01 -5.106614028580e-01 5.520751386879e+04
2.012555122109e+03 1.020000000000e+00 4.541507555516e+01 5.100000000000e+00 3.751856633903e+00 4.679881144890e+02 -7.130182307420e+00 -3.656203074055e-01 5.703159097495e+01 -2.354792274468e+01 1.625376229449e+01 -5.269752553953e-01 5.504621229128e+04
2.012555236149e+03 1.020000000000e+00 4.541507555516e+01 5.100000000000e+00 3.782607185899e+00 4.680162286406e+02 -6.969108959069e+00 -4.720726401056e-01 5.753967763769e+01 -2.346570863507e+01 1.653027641886e+01 -5.484113567483e-01 5.508515285458e+04
2.012555350189e+03 1.020000000000e+00 4.541507555516e+01 5.100000000000e+00 3.827783917472e+00 4.681402579990e+02 -6.644808295451e+00 -5.875397151267e-01 5.836200141188e+01 -2.346235634671e+01 1.694127907196e+01 -5.676108028751e-01 5.521300857906e+04
2.012555464230e+03 1.020000000000e+00 4.541507555516e+01 5.100000000000e+00 3.878042210629e+00 4.682759846666e+02 -6.246376618019e+00 -6.976380577998e-01 5.929850538832e+01 -2.353267272949e+01 1.740603095306e+01 -5.776502734435e-01 5.537219846119e+04
2.012555578270e+03 1.020000000000e+00 4.541507555516e+01 5.100000000000e+00 3.925617955779e+00 4.683965054627e+02 -5.831352161286e+00 -7.890605579080e-01 6.017005654609e+01 -2.365854516875e+01 1.788300995550e+01 -5.783983341849e-01 5.550549582816e+04
2.012555692310e+03 1.020000000000e+00 4.541507555516e+01 5.100000000000e+00 3.965598052307e+00 4.684753046497e+02 -5.438888256801e+00 -8.501260305943e-01 6.085514908368e+01 -2.381195152517e+01 1.832717291550e+01 -5.730640405643e-01 5.557187662550e+04
2.012555806350e+03 1.020000000000e+00 4.541507555516e+01 5.100000000000e+00 3.996225788733e+00 4.684071966261e+02 -5.091089398456e+00 -8.842594697736e-01 6.131246230163e+01 -2.396326911694e+01 1.870908141829e+01 -5.582422016002e-01 5.556045643990e+04
2.012555920391e+03 1.020000000000e+00 4.541507555516e+01 5.100000000000e+00 4.020144409583e+00 4.681724542800e+02 -4.796502400184e+00 -9.063408221348e-01 6.160570779740e+01 -2.409396357271e+01 1.902708345047e+01 -5.381317421029e-01 5.549394459949e+04
2.012556034431e+03 1.020000000000e+00 4.541507555516e+01 5.100000000000e+00 4.040515672213e+00 4.678401606983e+02 -4.554566644753e+00 -9.167781738960e-01 6.180647708301e+01 -2.419623012128e+01 1.928678075668e+01 -5.132972194489e-01 5.539396734951e+04
2.012556148471e+03 1.020000000000e+00 4.541507555516e+01 5.100000000000e+00 4.058881631793e+00 4.674321613639e+02 -4.359438719992e+00 -9.206194595615e-01 6.195370280311e+01 -2.426941596835e+01 1.948914054038e+01 -4.847642046308e-01 5.527455963792e+04
2.012556262511e+03 1.020000000000e+00 4.541507555516e+01 5.100000000000e+00 4.076125739517e+00 4.669569991315e+02 -4.200999264378e+00 -9.251219728947e-01 6.207436218166e+01 -2.431776066744e+01 1.963595807729e+01 -4.551781056358e-01 5.514786292436e+04
2.012556376552e+03 1.020000000000e+00 4.541507555516e+01 5.100000000000e+00 4.092848364384e+00 4.664212484535e+02 -4.062037439443e+00 -9.345655215209e-01 6.218334921755e+01 -2.434728499003e+01 1.973589312755e+01 -4.247723226658e-01 5.501893229106e+04
2.012556490592e+03 1.020000000000e+00 4.541507555516e+01 5.100000000000e+00 4.109956880057e+00 4.658379849432e+02 -3.926278419680e+00 -9.514745655003e-01 6.230080263811e+01 -2.436313189941e+01 1.980121551742e+01 -3.938040032556e-01 5.489328865446e+04
2.012556604632e+03 1.020000000000e+00 4.541507555516e+01 5.100000000000e+00 4.129137472231e+00 4.652319182644e+02 -3.784538320040e+00 -9.773637424938e-01 6.246578944022e+01 -2.436836573174e+01 1.984544610655e+01 -3.631969211380e-01 5.478273674484e+04
2.012556718672e+03 1.020000000000e+00 4.541507555516e+01 5.100000000000e+00 4.152320887723e+00 4.646336039866e+02 -3.630946829648e+00 -1.014868767818e+00 6.272369012953e+01 -2.436456266766e+01 1.988430879301e+01 -3.357001089271e-01 5.470136787504e+04
2.012556832713e+03 1.020000000000e+00 4.541507555516e+01 5.100000000000e+00 4.180680003844e+00 4.640659412622e+02 -3.463831741335e+00 -1.067176173335e+00 6.310362998906e+01 -2.435298888166e+01 1.992765622733e+01 -3.127388055300e-01 5.465905521853e+04
2.012556946753e+03 1.020000000000e+00 4.541507555516e+01 5.100000000000e+00 4.211896009143e+00 4.635208054826e+02 -3.270908778138e+00 -1.127901225929e+00 6.355485179233e+01 -2.433702273018e+01 1.998672943034e+01 -2.863997326419e-01 5.464178385181e+04
2.012557060793e+03 1.020000000000e+00 4.541507555516e+01 5.100000000000e+00 4.242151132700e+00 4.629649041913e+02 -3.063449789981e+00 -1.187559787337e+00 6.398701884390e+01 -2.432300690915e+01 2.005275755821e+01 -2.501214868913e-01 5.462119136186e+04
2.012557174833e+03 1.020000000000e+00 4.541507555516e+01 5.100000000000e+00 4.268735105151e+00 4.623599166461e+02 -2.890042829654e+00 -1.238106938386e+00 6.432994098510e+01 -2.431664641042e+01 2.008956397781e+01 -2.028911468169e-01 5.457223636083e+04
2.012557288874e+03 1.020000000000e+00 4.541507555516e+01 5.100000000000e+00 4.291134598924e+00 4.616827764705e+02 -2.799572632261e+00 -1.271270537656e+00 6.455991583657e+01 -2.432003719437e+01 2.004482670094e+01 -1.446200276512e-01 5.448164407685e+04
2.012557402914e+03 1.020000000000e+00 4.631507555516e+01 5.200000000000e+00 4.316235085683e+00 4.619356511527e+02 -2.807254256682e+00 -1.257324097440e+00 6.530894918084e+01 -2.451671996678e+01 1.974122623361e+01 -7.244707800655e-02 5.479569158539e+04
2.012557516954e+03 1.020000000000e+00 4.631507555516e+01 5.200000000000e+00 4.324364156115e+00 4.610984593983e+02 -2.822371447246e+00 -1.253739114117e+00 6.514226949484e+01 -2.454941866689e+01 1.947812819456e+01 1.621416812913e-02 5.455363267533e+04
2.012557630994e+03 1.020000000000e+00 4.631507555516e+01 5.200000000000e+00 4.311936870735e+00 4.600422860154e+02 -2.896102802569e+00 -1.232131543482e+00 6.448933021619e+01 -2.460333302987e+01 1.911234929152e+01 1.171361112475e-01 5.416321285759e+04
2.012557745035e+03 1.020000000000e+00 4.631507555516e+01 5.200000000000e+00 4.283600108619e+00 4.588260943584e+02 -2.987012766626e+00 -1.197729472704e+00 6.348797034118e+01 -2.467296573622e+01 1.863085422566e+01 2.149596367035e-01 5.367568263934e+04
2.012557859075e+03 1.020000000000e+00 4.631507555516e+01 5.200000000000e+00 4.242094412168e+00 4.575045021629e+02 -3.041296795356e+00 -1.163724770152e+00 6.223296753664e+01 -2.475008837916e+01 1.810210107761e+01 2.985369852561e-01 5.313021734658e+04
2.012557973115e+03 1.020000000000e+00 4.631507555516e+01 5.200000000000e+00 4.186995500732e+00 4.561050769889e+02 -3.055952815055e+00 -1.137675604853e+00 6.075282908747e+01 -2.483189780457e+01 1.759547320100e+01 3.602589222644e-01 5.254976292202e+04
2.012558087155e+03 1.020000000000e+00 4.631507555516e+01 5.200000000000e+00 4.117692364895e+00 4.546319756071e+02 -3.041504362992e+00 -1.123198038014e+00 5.906021490815e+01 -2.492382383625e+01 1.718900842931e+01 3.953844186984e-01 5.194597363966e+04
2.012558201196e+03 1.020000000000e+00 4.631507555516e+01 5.200000000000e+00 4.038598145973e+00 4.530977130033e+02 -2.958347629354e+00 -1.117841257150e+00 5.725783857431e+01 -2.503308838874e+01 1.689318281874e+01 4.090094557441e-01 5.134728071540e+04
2.012558315236e+03 1.020000000000e+00 4.631507555516e+01 5.200000000000e+00 3.952381390854e+00 4.515051334090e+02 -2.731987842005e+00 -1.128105178679e+00 5.539110706468e+01 -2.516232838976e+01 1.666148940506e+01 4.064316150762e-01 5.075686374619e+04
2.012558429276e+03 1.020000000000e+00 4.631507555516e+01 5.200000000000e+00 3.860907537261e+00 4.498608350584e+02 -2.368246336809e+00 -1.165087876247e+00 5.347362831233e+01 -2.531375098730e+01 1.647826328452e+01 3.915704078448e-01 5.016072761636e+04
2.012558543316e+03 1.020000000000e+00 4.631507555516e+01 5.200000000000e+00 3.766482476537e+00 4.481689882881e+02 -1.893190212567e+00 -1.235467742122e+00 5.152870963972e+01 -2.549337023269e+01 1.643264081277e+01 3.588660972718e-01 4.954806202031e+04
2.012558657356e+03 1.020000000000e+00 4.631507555516e+01 5.200000000000e+00 3.671815286853e+00 4.464212907663e+02 -1.338686950960e+00 -1.332916007432e+00 4.960618589688e+01 -2.570920586370e+01 1.652506026153e+01 2.989344289852e-01 4.892923087363e+04
2.012558771397e+03 1.020000000000e+00 4.631507555516e+01 5.200000000000e+00 3.579595616507e+00 4.446155533690e+02 -7.155907760483e-01 -1.453967084851e+00 4.770963853292e+01 -2.597350345812e+01 1.669776333323e+01 2.226987275030e-01 4.827068051920e+04
