VARIABLES="time" "Distance" "lon" "lat" "density" "Vx" "Vy" "Vz" "p" "Bx" "By" "Bz" "T"
ZONE
DT=(DOUBLE DOUBLE DOUBLE DOUBLE DOUBLE DOUBLE DOUBLE DOUBLE DOUBLE DOUBLE DOUBLE DOUBLE DOUBLE )
2.012529234973e+03 1.020000000000e+00 3.591507555516e+01 4.200000000000e+00 3.652711505346e+00 4.177684221488e+02 7.070546155698e+00 -2.495022167756e+00 5.448854049228e+01 2.589592908127e+01 -8.701723017045e+00 -1.704747534736e+00 5.393331811807e+04
2.012529349013e+03 1.020000000000e+00 3.591507555516e+01 4.200000000000e+00 3.903202833374e+00 4.158196115199e+02 7.340565587187e+00 -1.329583821007e+00 5.995003876155e+01 2.288904737657e+01 -8.715980294206e+00 -5.343045652393e-01 5.552091706599e+04
2.012529463053e+03 1.020000000000e+00 3.591507555516e+01 4.200000000000e+00 4.208302510863e+00 4.143577701154e+02 7.379797602364e+00 -4.683467205378e-01 6.683595230242e+01 1.979479978681e+01 -8.630231237902e+00 4.775235883051e-01 5.741999675801e+04
2.012529577093e+03 1.020000000000e+00 3.591507555516e+01 4.200000000000e+00 4.521065477482e+00 4.130516063724e+02 7.252663438103e+00 3.731898310541e-02 7.409478726903e+01 1.679155663372e+01 -8.473536063887e+00 1.174904151339e+00 5.927367953126e+04
2.012529691134e+03 1.020000000000e+00 3.591507555516e+01 4.200000000000e+00 4.810908225710e+00 4.117652850988e+02 6.690424865382e+00 2.137844398206e-01 8.097763615994e+01 1.409177881491e+01 -8.299599059344e+00 1.511862639614e+00 6.089916541255e+04
2.012529805174e+03 1.020000000000e+00 3.591507555516e+01 4.200000000000e+00 5.066306087800e+00 4.104882391854e+02 5.506774891593e+00 1.302762661278e-01 8.715613141516e+01 1.184854255748e+01 -8.124906680124e+00 1.636758503909e+00 6.226142857226e+04
2.012529919214e+03 1.020000000000e+00 3.591507555516e+01 4.200000000000e+00 5.278334277020e+00 4.092336498352e+02 3.901115525303e+00 -3.146558901171e-01 9.236497109124e+01 1.010127823092e+01 -7.946145870004e+00 1.617046144366e+00 6.334727199225e+04
2.012530033254e+03 1.020000000000e+00 3.591507555516e+01 4.200000000000e+00 5.438415091503e+00 4.079879198204e+02 2.231460108717e+00 -9.870429345143e-01 9.657256115127e+01 8.782367248054e+00 -7.678240813423e+00 1.440013352031e+00 6.429240254744e+04
2.012530147295e+03 1.020000000000e+00 3.681507555516e+01 4.300000000000e+00 5.551844427043e+00 4.098110267439e+02 1.035310309332e+00 -2.269222294287e+00 9.760426406825e+01 1.103231125370e+01 -9.544930443406e+00 8.568938227319e-01 6.365780544410e+04
2.012530261335e+03 1.020000000000e+00 3.681507555516e+01 4.300000000000e+00 5.480315114719e+00 4.086357437318e+02 -4.146415041162e-01 -2.716695873943e+00 1.008032480619e+02 1.001309761383e+01 -8.556646803558e+00 9.343077759416e-02 6.660542502735e+04
2.012530375375e+03 1.020000000000e+00 3.681507555516e+01 4.300000000000e+00 5.363698712392e+00 4.075158606601e+02 -1.533306927925e+00 -3.111510249663e+00 1.027415884957e+02 9.054747465236e+00 -7.480332831798e+00 -5.450961592020e-01 6.936544779973e+04
2.012530489415e+03 1.020000000000e+00 3.681507555516e+01 4.300000000000e+00 5.231056537670e+00 4.062044276155e+02 -2.185394070449e+00 -3.362626547132e+00 1.028870092392e+02 8.036715483932e+00 -6.245957809711e+00 -9.397132639965e-01 7.122917171752e+04
2.012530603456e+03 1.020000000000e+00 3.681507555516e+01 4.300000000000e+00 5.082420832041e+00 4.043295967203e+02 -2.446773516704e+00 -3.452495136468e+00 1.007675057323e+02 6.846181740267e+00 -4.634230882542e+00 -1.087031378070e+00 7.180342192170e+04
2.012530717496e+03 1.020000000000e+00 3.681507555516e+01 4.300000000000e+00 4.939247001056e+00 4.020623564029e+02 -2.434429155272e+00 -3.409477804910e+00 9.782372340856e+01 5.394752258188e+00 -2.827414391575e+00 -1.103213369805e+00 7.172632430202e+04
2.012530831536e+03 1.020000000000e+00 3.681507555516e+01 4.300000000000e+00 4.814625999147e+00 3.994822715487e+02 -1.883648361949e+00 -3.057081902323e+00 9.485317488146e+01 3.622082590642e+00 -9.447161920832e-01 -9.700881785947e-01 7.134907619018e+04
2.012530945576e+03 1.020000000000e+00 3.681507555516e+01 4.300000000000e+00 4.705092723779e+00 3.965639110606e+02 -6.859141544468e-01 -2.126468138502e+00 9.207156497696e+01 1.498253453362e+00 1.040293108416e+00 -5.410757638171e-01 7.087141142185e+04
2.012531059617e+03 1.020000000000e+00 3.681507555516e+01 4.300000000000e+00 4.609692804908e+00 3.933197519942e+02 1.128613974079e+00 -8.917888371794e-01 8.933273965839e+01 -9.855418457651e-01 3.212943449818e+00 1.448772708219e-01 7.018756051560e+04
2.012531173657e+03 1.020000000000e+00 3.681507555516e+01 4.300000000000e+00 4.527716941892e+00 3.898409779434e+02 3.225825056519e+00 2.992154270556e-01 8.603117437312e+01 -3.815543421701e+00 5.577059283836e+00 8.214044579918e-01 6.882006287432e+04
2.012531287697e+03 1.020000000000e+00 3.681507555516e+01 4.300000000000e+00 4.475656873307e+00 3.862759194279e+02 5.464116923667e+00 1.268396840925e+00 8.228004584563e+01 -6.956091043268e+00 8.104027777442e+00 1.316743723617e+00 6.658260314637e+04
2.012531401737e+03 1.020000000000e+00 3.681507555516e+01 4.300000000000e+00 4.468252580304e+00 3.827392164662e+02 7.747283522377e+00 1.984929991934e+00 7.827516202661e+01 -1.032932902012e+01 1.074346158677e+01 1.624076502170e+00 6.343353455352e+04
2.012531515778e+03 1.020000000000e+00 3.681507555516e+01 4.300000000000e+00 4.476779220841e+00 3.792832619838e+02 9.993784202190e+00 2.481497751807e+00 7.381689342869e+01 -1.382130360354e+01 1.341283889296e+01 1.801306285428e+00 5.969044838787e+04
2.012531629818e+03 1.020000000000e+00 3.681507555516e+01 4.300000000000e+00 4.486806911298e+00 3.759750008771e+02 1.211212274447e+01 2.731744026441e+00 6.852158273163e+01 -1.729781835955e+01 1.605170507250e+01 1.864154580613e+00 5.526988737169e+04
2.012531743858e+03 1.020000000000e+00 3.681507555516e+01 4.300000000000e+00 4.494505364074e+00 3.729269593400e+02 1.400581479476e+01 2.789406957586e+00 6.278061309355e+01 -2.063229765245e+01 1.860940069256e+01 1.814024014872e+00 5.054326289485e+04
2.012531857898e+03 1.020000000000e+00 3.681507555516e+01 4.300000000000e+00 4.504511847087e+00 3.702176134248e+02 1.559529517384e+01 2.705992847926e+00 5.706323472899e+01 -2.372667407667e+01 2.097872817216e+01 1.604097334632e+00 4.583882010356e+04
2.012531971939e+03 1.020000000000e+00 3.681507555516e+01 4.300000000000e+00 4.524392931453e+00 3.678712696154e+02 1.682551400714e+01 2.487581224661e+00 5.179938686390e+01 -2.651097638059e+01 2.308177839019e+01 1.211588991842e+00 4.144193964050e+04
2.012532085979e+03 1.020000000000e+00 3.681507555516e+01 4.300000000000e+00 4.560386501978e+00 3.658760023997e+02 1.767192855622e+01 2.158869932051e+00 4.732954055861e+01 -2.895061529112e+01 2.489774697253e+01 6.538143053953e-01 3.758993980867e+04
2.012532200019e+03 1.020000000000e+00 3.681507555516e+01 4.300000000000e+00 4.618657107697e+00 3.642403883746e+02 1.818295397852e+01 1.864106068570e+00 4.388296019537e+01 -3.105285862506e+01 2.645913951496e+01 9.698587071865e-02 3.443159290685e+04
2.012532314059e+03 1.020000000000e+00 3.681507555516e+01 4.300000000000e+00 4.703898121533e+00 3.629515824175e+02 1.841161744729e+01 1.694979042262e+00 4.140360460448e+01 -3.283575820639e+01 2.777201555915e+01 -3.453015729353e-01 3.190817537348e+04
2.012532428100e+03 1.020000000000e+00 3.681507555516e+01 4.300000000000e+00 4.807200979168e+00 3.620716636504e+02 1.839371671767e+01 1.631291666571e+00 3.975915749455e+01 -3.433531298878e+01 2.886579193544e+01 -6.113616157929e-01 2.998531538843e+04
2.012532542140e+03 1.020000000000e+00 3.681507555516e+01 4.300000000000e+00 4.910669678896e+00 3.616399817782e+02 1.814811524217e+01 1.651665427448e+00 3.862251312531e+01 -3.558923900930e+01 2.983914167232e+01 -7.260361078164e-01 2.850241387126e+04
2.012532656180e+03 1.020000000000e+00 3.681507555516e+01 4.300000000000e+00 5.036598918386e+00 3.617452358317e+02 1.753258374770e+01 1.820799767689e+00 3.818327324389e+01 -3.662211505967e+01 3.066551044165e+01 -7.289649462349e-01 2.746967092681e+04
2.012532770220e+03 1.020000000000e+00 3.681507555516e+01 4.300000000000e+00 5.163021914871e+00 3.624776734152e+02 1.647024441798e+01 2.195823687586e+00 3.845651900774e+01 -3.743129569920e+01 3.140932159125e+01 -5.795363686765e-01 2.699007349068e+04
2.012532884261e+03 1.020000000000e+00 3.781507555516e+01 4.400000000000e+00 5.172339108698e+00 3.591512748832e+02 1.787855962699e+01 2.182765300712e+00 3.945304377992e+01 -3.629644912622e+01 3.061221774143e+01 -6.791301193301e-01 2.764483958341e+04
2.012532998301e+03 1.020000000000e+00 3.781507555516e+01 4.400000000000e+00 5.361986165386e+00 3.600837324907e+02 1.663449065745e+01 2.601428087621e+00 4.011228791583e+01 -3.714003887972e+01 3.136108046682e+01 -4.005871300466e-01 2.709623728314e+04
2.012533112341e+03 1.020000000000e+00 3.781507555516e+01 4.400000000000e+00 5.564517299887e+00 3.616889967583e+02 1.497925400856e+01 3.160077373173e+00 4.155292499489e+01 -3.777368883493e+01 3.201547945869e+01 1.694357378466e-02 2.702622158819e+04
2.012533226381e+03 1.020000000000e+00 3.781507555516e+01 4.400000000000e+00 5.778236969889e+00 3.636266007581e+02 1.303128391046e+01 3.844055293497e+00 4.345715242534e+01 -3.820740608712e+01 3.255919835357e+01 6.060096363757e-01 2.717952174159e+04
2.012533340422e+03 1.020000000000e+00 3.781507555516e+01 4.400000000000e+00 6.062678005398e+00 3.661329439551e+02 1.068660088168e+01 4.567156168903e+00 4.637255188959e+01 -3.846080271186e+01 3.285201699835e+01 1.296754893446e+00 2.762368998510e+04
2.012533454462e+03 1.020000000000e+00 3.781507555516e+01 4.400000000000e+00 6.360494194817e+00 3.689616329791e+02 8.186076366031e+00 5.261567907305e+00 4.978228596141e+01 -3.857173041601e+01 3.293204356751e+01 2.015499691230e+00 2.827259114280e+04
2.012533568502e+03 1.020000000000e+00 3.781507555516e+01 4.400000000000e+00 6.600503564372e+00 3.718115873438e+02 5.713664911507e+00 5.892864666474e+00 5.313307388228e+01 -3.858397124493e+01 3.284516152376e+01 2.688496891021e+00 2.910084948301e+04
2.012533682542e+03 1.020000000000e+00 3.781507555516e+01 4.400000000000e+00 6.741871754980e+00 3.745001543235e+02 3.372512618414e+00 6.425224570917e+00 5.614073765544e+01 -3.854287786986e+01 3.261530583265e+01 3.248320525170e+00 3.014122329618e+04
2.012533796583e+03 1.020000000000e+00 3.781507555516e+01 4.400000000000e+00 6.816924113748e+00 3.768810016738e+02 1.236626376466e+00 6.842921705413e+00 5.862259209936e+01 -3.849649533846e+01 3.222433302985e+01 3.658931585883e+00 3.117621745073e+04
2.012533910623e+03 1.020000000000e+00 3.781507555516e+01 4.400000000000e+00 6.794976705433e+00 3.788606126148e+02 -6.138302422706e-01 7.153782459366e+00 6.039285249901e+01 -3.847692252675e+01 3.169150178401e+01 3.922135223955e+00 3.224569550381e+04
2.012534024663e+03 1.020000000000e+00 3.781507555516e+01 4.400000000000e+00 6.686640901449e+00 3.804121003991e+02 -2.146162755513e+00 7.372491682149e+00 6.130623434707e+01 -3.850313037152e+01 3.110591911465e+01 4.061085910119e+00 3.325739802210e+04
2.012534138703e+03 1.020000000000e+00 3.781507555516e+01 4.400000000000e+00 6.525546151880e+00 3.815229786002e+02 -3.342182055946e+00 7.496706924263e+00 6.141500021239e+01 -3.857953382718e+01 3.050332616958e+01 4.046603513470e+00 3.412554991795e+04
2.012534252744e+03 1.020000000000e+00 3.781507555516e+01 4.400000000000e+00 6.349013773039e+00 3.821927488634e+02 -4.232497108727e+00 7.495514029326e+00 6.083321369413e+01 -3.869780921509e+01 2.987669252294e+01 3.858889692734e+00 3.472818448055e+04
2.012534366784e+03 1.020000000000e+00 3.781507555516e+01 4.400000000000e+00 6.150004968440e+00 3.824426554686e+02 -4.847958532877e+00 7.364338251763e+00 5.960558715836e+01 -3.884334583759e+01 2.933050553184e+01 3.532839564302e+00 3.509810723337e+04
2.012534480824e+03 1.020000000000e+00 3.781507555516e+01 4.400000000000e+00 5.938840255303e+00 3.822618018277e+02 -5.239266336379e+00 7.137585121412e+00 5.773709360913e+01 -3.900592245748e+01 2.890633293082e+01 3.075186351271e+00 3.516936847854e+04
2.012534594864e+03 1.020000000000e+00 3.781507555516e+01 4.400000000000e+00 5.723154908760e+00 3.816630846100e+02 -5.443411081207e+00 6.781210314658e+00 5.532880351647e+01 -3.918868638699e+01 2.857875131484e+01 2.453597980323e+00 3.493667910104e+04
2.012534708905e+03 1.020000000000e+00 3.781507555516e+01 4.400000000000e+00 5.509144292567e+00 3.806328725620e+02 -5.355035835385e+00 6.331610219577e+00 5.245814924613e+01 -3.938392532296e+01 2.833570445042e+01 1.769712204990e+00 3.436752214976e+04
2.012534822945e+03 1.020000000000e+00 3.781507555516e+01 4.400000000000e+00 5.285520160401e+00 3.788208530477e+02 -4.896348853055e+00 6.071255951938e+00 4.882102568102e+01 -3.933431020337e+01 2.821194991094e+01 1.329637401544e+00 3.331957706221e+04
2.012534936985e+03 1.020000000000e+00 3.781507555516e+01 4.400000000000e+00 5.403447986327e+00 3.847431912350e+02 -3.792798867933e+00 2.898415429533e+00 9.078252307788e+01 -3.974055857734e+01 3.030540560390e+01 -7.209264071694e-01 5.747194205615e+04
2.012535051025e+03 1.020000000000e+00 3.781507555516e+01 4.400000000000e+00 9.080554139824e+00 4.664431735812e+02 9.554466611335e+00 -2.338924960343e+01 9.885294402927e+02 -4.472441919080e+01 6.574124487220e+01 -1.379229021495e+01 3.711893177005e+05
2.012535165066e+03 1.020000000000e+00 3.781507555516e+01 4.400000000000e+00 1.557935004824e+01 5.482002784870e+02 2.272644735952e+01 -4.573810503443e+01 2.724352855606e+03 -4.953726954485e+01 1.156956240727e+02 -2.250405473749e+01 6.324882161830e+05
2.012535279106e+03 1.020000000000e+00 3.781507555516e+01 4.400000000000e+00 1.758067724146e+01 5.617969593749e+02 2.639620588036e+01 -4.781947458638e+01 3.132057905508e+03 -4.821122084856e+01 1.217534730036e+02 -1.910098941123e+01 6.453370327853e+05
2.012535393146e+03 1.020000000000e+00 3.781507555516e+01 4.400000000000e+00 1.780866266259e+01 5.595903174273e+02 2.513652266423e+01 -4.447063574425e+01 2.998670841470e+03 -4.289609248016e+01 1.124846302538e+02 -1.064328216764e+01 6.098172950871e+05
2.012535507186e+03 1.020000000000e+00 3.781507555516e+01 4.400000000000e+00 1.737298087326e+01 5.512833984802e+02 1.604759283807e+01 -4.029816909099e+01 2.751411051776e+03 -3.659094748093e+01 8.079376364714e+01 -5.370282710615e+00 5.735662264948e+05
2.012535621227e+03 1.020000000000e+00 3.871507555516e+01 4.400000000000e+00 1.710558659807e+01 5.459832462269e+02 3.441891726849e+00 -3.752747890732e+01 2.599850077593e+03 -3.262574901348e+01 4.765875544426e+01 -3.101805247486e+00 5.504278980015e+05
2.012535735267e+03 1.020000000000e+00 3.871507555516e+01 4.400000000000e+00 1.678556908356e+01 5.442017123654e+02 -1.348231476889e+01 -3.869985259348e+01 2.480436244396e+03 -3.023738956129e+01 5.119920903684e+00 -5.119620877310e+00 5.351962222374e+05
2.012535849307e+03 1.020000000000e+00 3.871507555516e+01 4.400000000000e+00 1.592784260407e+01 5.435678888421e+02 -2.822840876585e+01 -4.498906092066e+01 2.270807915687e+03 -2.948909984070e+01 -3.806866525058e+01 -2.203119980548e+01 5.163371073358e+05
2.012535963347e+03 1.020000000000e+00 3.871507555516e+01 4.400000000000e+00 1.347136669899e+01 5.421638335282e+02 -3.989029217304e+01 -5.083093238319e+01 1.853234607983e+03 -3.225256971329e+01 -7.701295855015e+01 -5.063872375574e+01 4.993094471722e+05
2.012536077388e+03 1.020000000000e+00 3.871507555516e+01 4.400000000000e+00 9.563832302251e+00 5.379493667266e+02 -4.540695928665e+01 -5.362122411376e+01 1.352564733839e+03 -4.266070058973e+01 -9.896954530902e+01 -8.096585459592e+01 5.146272500768e+05
2.012536191428e+03 1.020000000000e+00 3.871507555516e+01 4.400000000000e+00 6.082062508719e+00 5.301400755245e+02 -4.535128196840e+01 -5.350030874128e+01 9.144479027251e+02 -5.631122190648e+01 -1.025597178144e+02 -1.042449102209e+02 5.468870874464e+05
2.012536305468e+03 1.020000000000e+00 3.871507555516e+01 4.400000000000e+00 4.174737511148e+00 5.261315265155e+02 -4.192926550043e+01 -5.008583851332e+01 6.598192993417e+02 -7.042483756146e+01 -9.942502272286e+01 -1.176657749749e+02 5.721537644289e+05
2.012536419508e+03 1.020000000000e+00 3.871507555516e+01 4.400000000000e+00 3.390674017764e+00 5.235963815292e+02 -2.941069263650e+01 -4.163192913532e+01 5.131829110159e+02 -8.331895715859e+01 -9.314103153273e+01 -1.240880462644e+02 5.469024806014e+05
2.012536533549e+03 1.020000000000e+00 3.871507555516e+01 4.400000000000e+00 3.025981932426e+00 5.213181815735e+02 -1.155308387657e+01 -3.203733653427e+01 3.989225463701e+02 -9.390626892858e+01 -8.661623350106e+01 -1.285302816194e+02 4.767372955896e+05
2.012536647589e+03 1.020000000000e+00 3.871507555516e+01 4.400000000000e+00 2.892405922092e+00 5.211527794648e+02 3.780906027287e+00 -2.204448348404e+01 3.119441283945e+02 -1.023807531129e+02 -8.294204957406e+01 -1.314972742601e+02 3.903742853063e+05
2.012536761629e+03 1.020000000000e+00 3.871507555516e+01 4.400000000000e+00 2.837485644638e+00 5.239200192506e+02 1.575082460365e+01 -1.187802455032e+01 2.393780489713e+02 -1.093306219589e+02 -8.433501765078e+01 -1.329176754915e+02 3.053329221762e+05
2.012536875669e+03 1.020000000000e+00 3.871507555516e+01 4.400000000000e+00 2.745299876216e+00 5.288986501976e+02 2.649076480771e+01 -2.129009988129e+00 1.667504691346e+02 -1.146178428546e+02 -9.311932762619e+01 -1.311492572162e+02 2.193954876504e+05
2.012536989709e+03 1.020000000000e+00 3.871507555516e+01 4.400000000000e+00 2.501677880790e+00 5.324641375909e+02 3.353661405621e+01 7.733058237169e+00 9.959818151923e+01 -1.183611317264e+02 -1.067253168269e+02 -1.249639501672e+02 1.432231787979e+05
2.012537103750e+03 1.020000000000e+00 3.871507555516e+01 4.400000000000e+00 2.145967637377e+00 5.337896034156e+02 3.893402659259e+01 1.511255492047e+01 5.258132844832e+01 -1.225222878489e+02 -1.201391128049e+02 -1.143326769189e+02 8.816486569710e+04
2.012537217790e+03 1.020000000000e+00 3.871507555516e+01 4.400000000000e+00 1.889303866927e+00 5.328140260316e+02 4.249515397750e+01 1.840437783046e+01 2.781650198778e+01 -1.277021762195e+02 -1.308474985225e+02 -1.020371484292e+02 5.324776024601e+04
2.012537331830e+03 1.020000000000e+00 3.871507555516e+01 4.400000000000e+00 1.743741397255e+00 5.283015756857e+02 4.301410851785e+01 1.902033880519e+01 1.776687422150e+01 -1.328885085292e+02 -1.383389656221e+02 -8.892041990607e+01 3.691539848068e+04
2.012537445870e+03 1.020000000000e+00 3.871507555516e+01 4.400000000000e+00 1.551733484476e+00 5.214544163727e+02 4.271705707781e+01 1.804167191644e+01 1.270377108556e+01 -1.376789415446e+02 -1.434511431934e+02 -7.581291313323e+01 2.967851934302e+04
2.012537559911e+03 1.020000000000e+00 3.871507555516e+01 4.400000000000e+00 1.331078141796e+00 5.149080523694e+02 4.236494547945e+01 1.620385655635e+01 9.349592277984e+00 -1.422344212150e+02 -1.473574455304e+02 -6.274596357387e+01 2.543585275611e+04
2.012537673951e+03 1.020000000000e+00 3.871507555516e+01 4.400000000000e+00 1.132055728235e+00 5.083536569863e+02 4.236694987605e+01 1.423921754328e+01 7.072354674529e+00 -1.465824265956e+02 -1.497974260030e+02 -4.938978634229e+01 2.261424095332e+04
2.012537787991e+03 1.020000000000e+00 3.871507555516e+01 4.400000000000e+00 1.018052154477e+00 5.008951382847e+02 4.247268449577e+01 1.161261541463e+01 6.055634556719e+00 -1.507991347595e+02 -1.505425879075e+02 -3.592250868732e+01 2.153172373769e+04
2.012537902031e+03 1.020000000000e+00 3.871507555516e+01 4.400000000000e+00 9.648169003380e-01 4.925705536282e+02 4.190114176837e+01 8.204627828803e+00 5.714574236965e+00 -1.550475391200e+02 -1.499933566647e+02 -2.238266104683e+01 2.144004092459e+04
2.012538016072e+03 1.020000000000e+00 3.871507555516e+01 4.400000000000e+00 9.317995914675e-01 4.841479789875e+02 4.029331983799e+01 4.617506554525e+00 5.662570935554e+00 -1.590442230937e+02 -1.485877561317e+02 -8.760408446342e+00 2.200012426362e+04
2.012538130112e+03 1.020000000000e+00 3.871507555516e+01 4.400000000000e+00 9.099246054382e-01 4.755847610482e+02 3.896460585177e+01 1.433821260213e+00 5.790776224961e+00 -1.626291911840e+02 -1.457266456584e+02 4.989016166517e+00 2.306191711912e+04
2.012538244152e+03 1.020000000000e+00 3.871507555516e+01 4.400000000000e+00 8.927580585116e-01 4.680927419380e+02 3.753544711367e+01 -1.336402624478e+00 5.836535912680e+00 -1.655716627895e+02 -1.419798530931e+02 1.876814625535e+01 2.371921853464e+04
2.012538358192e+03 1.020000000000e+00 3.971507555516e+01 4.500000000000e+00 8.949540852216e-01 4.607374115800e+02 3.479732457409e+01 -5.004766787600e+00 7.893292339753e+00 -1.676578964043e+02 -1.427587839419e+02 3.817477071358e+01 3.130736195600e+04
2.012538472233e+03 1.020000000000e+00 3.971507555516e+01 4.500000000000e+00 8.804297852965e-01 4.525764458194e+02 3.454676124302e+01 -6.995163369860e+00 7.850518964765e+00 -1.684482146733e+02 -1.365378559808e+02 5.199884126472e+01 3.153291330008e+04
2.012538586273e+03 1.020000000000e+00 3.971507555516e+01 4.500000000000e+00 8.639301282216e-01 4.449508740452e+02 3.440391137409e+01 -8.555405414640e+00 7.669346218095e+00 -1.681768596936e+02 -1.293189985160e+02 6.513221360580e+01 3.133345954305e+04
2.012538700313e+03 1.020000000000e+00 3.971507555516e+01 4.500000000000e+00 8.464101516682e-01 4.375637947254e+02 3.478528923099e+01 -9.706676313065e+00 7.377219477744e+00 -1.672003777173e+02 -1.210522601888e+02 7.753494838390e+01 3.075071869526e+04
2.012538814353e+03 1.020000000000e+00 3.971507555516e+01 4.500000000000e+00 8.308056665115e-01 4.308669239781e+02 3.565930047231e+01 -1.024102101113e+01 6.762807097273e+00 -1.654757176462e+02 -1.119461057718e+02 8.897688910881e+01 2.877093446249e+04
2.012538928394e+03 1.020000000000e+00 3.971507555516e+01 4.500000000000e+00 8.165894981590e-01 4.250839229385e+02 3.662962809096e+01 -1.042441124986e+01 5.965740568043e+00 -1.631711638379e+02 -1.023700699344e+02 9.926532129396e+01 2.592677238838e+04
2.012539042434e+03 1.020000000000e+00 3.971507555516e+01 4.500000000000e+00 8.021446443694e-01 4.201496878439e+02 3.780443580789e+01 -1.030526970622e+01 5.109386043243e+00 -1.606649332766e+02 -9.240989921085e+01 1.082637796424e+02 2.276764585762e+04
2.012539156474e+03 1.020000000000e+00 3.971507555516e+01 4.500000000000e+00 7.896522262082e-01 4.160463486553e+02 3.913516850040e+01 -9.934485131748e+00 4.270968269123e+00 -1.577894157570e+02 -8.229110924521e+01 1.159997774329e+02 1.947744632989e+04
2.012539270514e+03 1.020000000000e+00 3.971507555516e+01 4.500000000000e+00 7.799698006916e-01 4.126610472758e+02 4.061227105380e+01 -9.502470131224e+00 3.511076831304e+00 -1.536749775865e+02 -7.233645143879e+01 1.226394459504e+02 1.629447040759e+04
2.012539384555e+03 1.020000000000e+00 3.971507555516e+01 4.500000000000e+00 7.732260220053e-01 4.100537788931e+02 4.207177892631e+01 -8.969792726700e+00 2.823213991547e+00 -1.485575411697e+02 -6.283151691134e+01 1.282314574317e+02 1.325036704707e+04
2.012539498595e+03 1.020000000000e+00 3.971507555516e+01 4.500000000000e+00 7.686458689199e-01 4.080800764036e+02 4.343276332039e+01 -8.445978564268e+00 2.216310639157e+00 -1.428911229727e+02 -5.400789824408e+01 1.327484868609e+02 1.047291001642e+04
2.012539612635e+03 1.020000000000e+00 3.971507555516e+01 4.500000000000e+00 7.643023646966e-01 4.067069015607e+02 4.475227778342e+01 -8.026754311015e+00 1.703513710376e+00 -1.369355275453e+02 -4.600501440040e+01 1.362484492906e+02 8.084787910773e+03
2.012539726675e+03 1.020000000000e+00 3.971507555516e+01 4.500000000000e+00 7.585446048489e-01 4.058849673894e+02 4.583765394974e+01 -7.962341313468e+00 1.337020673354e+00 -1.309736813199e+02 -3.885777533969e+01 1.389183246011e+02 6.384898790399e+03
2.012539840716e+03 1.020000000000e+00 3.971507555516e+01 4.500000000000e+00 7.490281618472e-01 4.054712045596e+02 4.675610267572e+01 -8.324389143997e+00 1.133124334260e+00 -1.252811468347e+02 -3.248032890080e+01 1.408535995095e+02 5.481449520012e+03
2.012539954756e+03 1.020000000000e+00 3.971507555516e+01 4.500000000000e+00 7.361010187735e-01 4.052533534557e+02 4.779805482635e+01 -9.174278145814e+00 1.070814137635e+00 -1.200495602885e+02 -2.672587908795e+01 1.421549471901e+02 5.272784029578e+03
2.012540068796e+03 1.020000000000e+00 3.971507555516e+01 4.500000000000e+00 7.211754253996e-01 4.051964716490e+02 4.913667574791e+01 -1.055458245723e+01 1.083303664793e+00 -1.152695417344e+02 -2.144380515494e+01 1.428866924279e+02 5.447850704274e+03
2.012540182836e+03 1.020000000000e+00 3.971507555516e+01 4.500000000000e+00 7.054005992543e-01 4.052868056290e+02 5.092111202791e+01 -1.271813207396e+01 1.115893187017e+00 -1.108789257511e+02 -1.656275427251e+01 1.431251533427e+02 5.740998149413e+03
2.012540296877e+03 1.020000000000e+00 3.971507555516e+01 4.500000000000e+00 6.857634468865e-01 4.053456451444e+02 5.315655847300e+01 -1.538721257325e+01 1.161485380679e+00 -1.068979743743e+02 -1.199740863751e+01 1.429295159997e+02 6.151352905923e+03
2.012540410917e+03 1.020000000000e+00 3.971507555516e+01 4.500000000000e+00 6.626553503865e-01 4.052115651294e+02 5.576157783568e+01 -1.838261589744e+01 1.191740368665e+00 -1.032919964432e+02 -7.633178372833e+00 1.423790492236e+02 6.538650313435e+03
2.012540524957e+03 1.020000000000e+00 3.971507555516e+01 4.500000000000e+00 6.343451367645e-01 4.048879956978e+02 5.847813669308e+01 -2.147258479799e+01 1.190658575254e+00 -9.998615957620e+01 -3.416428577249e+00 1.415328302957e+02 6.828900581363e+03
2.012540638997e+03 1.020000000000e+00 3.971507555516e+01 4.500000000000e+00 5.988079238398e-01 4.043923642463e+02 6.079617782510e+01 -2.440539611904e+01 1.188566724263e+00 -9.694119000286e+01 7.826050614247e-01 1.404094411506e+02 7.221845093424e+03
2.012540753038e+03 1.020000000000e+00 3.971507555516e+01 4.500000000000e+00 5.577231479155e-01 4.036668938920e+02 6.242113924787e+01 -2.707323940819e+01 1.218353983111e+00 -9.411212386565e+01 5.092386078715e+00 1.390166262523e+02 7.968501661986e+03
2.012540867078e+03 1.020000000000e+00 3.971507555516e+01 4.500000000000e+00 4.980385029644e-01 4.027203611493e+02 6.297503949129e+01 -2.937103891838e+01 1.370449960016e+00 -9.140643288565e+01 9.679127862849e+00 1.373753086368e+02 1.006331024834e+04
2.012540981118e+03 1.020000000000e+00 3.971507555516e+01 4.500000000000e+00 4.310646461929e-01 4.012871730415e+02 6.229529919749e+01 -3.089597222097e+01 1.715865149562e+00 -8.875820249297e+01 1.460387902560e+01 1.355048823202e+02 1.451770245865e+04
2.012541095158e+03 1.020000000000e+00 4.061507555516e+01 4.600000000000e+00 4.160911485835e-01 3.957059475360e+02 5.741132715864e+01 -3.032618787353e+01 2.411849723372e+00 -8.156585298556e+01 2.042513603157e+01 1.388464921916e+02 2.114701427451e+04
2.012541209199e+03 1.020000000000e+00 4.061507555516e+01 4.600000000000e+00 3.964862064408e-01 3.928226789172e+02 5.165054891577e+01 -2.952159427755e+01 3.136073645383e+00 -7.881085423997e+01 2.716052403809e+01 1.362861826154e+02 2.883411027351e+04
2.012541323239e+03 1.020000000000e+00 4.061507555516e+01 4.600000000000e+00 3.830186456668e-01 3.887274168515e+02 4.477451791934e+01 -2.779137224519e+01 3.739614429007e+00 -7.577365255725e+01 3.434944661004e+01 1.333104324265e+02 3.560030050152e+04
2.012541437279e+03 1.020000000000e+00 4.061507555516e+01 4.600000000000e+00 3.727042538432e-01 3.837891358784e+02 3.759358187664e+01 -2.556058899126e+01 4.128053284999e+00 -7.235364889363e+01 4.177358286696e+01 1.299493097223e+02 4.041684117498e+04
2.012541551319e+03 1.020000000000e+00 4.061507555516e+01 4.600000000000e+00 3.647044667636e-01 3.790824724786e+02 3.106105785047e+01 -2.233450547966e+01 4.253786118914e+00 -6.856738337068e+01 4.905251349164e+01 1.262828526985e+02 4.260171366499e+04
2.012541665360e+03 1.020000000000e+00 4.061507555516e+01 4.600000000000e+00 3.556537065399e-01 3.744619807213e+02 2.634523766836e+01 -1.862802886317e+01 4.187964948613e+00 -6.456652672619e+01 5.584839849184e+01 1.222968051289e+02 4.301680987611e+04
2.012541779400e+03 1.020000000000e+00 4.061507555516e+01 4.600000000000e+00 3.484584458812e-01 3.705997048352e+02 2.380739247793e+01 -1.527826162344e+01 3.980207283127e+00 -6.058197571160e+01 6.186097273870e+01 1.181753390811e+02 4.179557939883e+04
2.012541893440e+03 1.020000000000e+00 4.061507555516e+01 4.600000000000e+00 3.462485887328e-01 3.676201952436e+02 2.296441259212e+01 -1.258707495439e+01 3.715346022395e+00 -5.676214627925e+01 6.691873309773e+01 1.140518922612e+02 3.926033254546e+04
2.012542007480e+03 1.020000000000e+00 4.061507555516e+01 4.600000000000e+00 3.528799506545e-01 3.654589569856e+02 2.330855634364e+01 -1.060693353505e+01 3.492041340572e+00 -5.320118196584e+01 7.110603563585e+01 1.099715961070e+02 3.611876114374e+04
2.012542121521e+03 1.020000000000e+00 4.061507555516e+01 4.600000000000e+00 3.674545095952e-01 3.639776654390e+02 2.565006231598e+01 -8.906913489779e+00 3.343254223831e+00 -4.997559032829e+01 7.460856146659e+01 1.059758768250e+02 3.317148181892e+04
2.012542235561e+03 1.020000000000e+00 4.061507555516e+01 4.600000000000e+00 3.852956672959e-01 3.631684945920e+02 2.885685776917e+01 -7.142297752116e+00 3.249685307608e+00 -4.708866721036e+01 7.740795310732e+01 1.020828882680e+02 3.075330549962e+04
2.012542349601e+03 1.020000000000e+00 4.061507555516e+01 4.600000000000e+00 4.006641496207e-01 3.628413600069e+02 3.242474220759e+01 -5.477924835688e+00 3.180229700342e+00 -4.452577709310e+01 7.978619624073e+01 9.825419684294e+01 2.895863908394e+04
2.012542463641e+03 1.020000000000e+00 4.061507555516e+01 4.600000000000e+00 4.090856576325e-01 3.626949024524e+02 3.600083026042e+01 -4.064851940700e+00 3.113788030339e+00 -4.226883805849e+01 8.183170467646e+01 9.451168379437e+01 2.778196104878e+04
2.012542577682e+03 1.020000000000e+00 4.061507555516e+01 4.600000000000e+00 4.078796805840e-01 3.626347619168e+02 3.933050708272e+01 -3.036664146175e+00 3.051281103278e+00 -4.029041695239e+01 8.344796265143e+01 9.096915312627e+01 2.729836495135e+04
2.012542691722e+03 1.020000000000e+00 4.061507555516e+01 4.600000000000e+00 4.004588846695e-01 3.626176842108e+02 4.207647455215e+01 -2.442129118892e+00 3.000957327998e+00 -3.855329040865e+01 8.461294124839e+01 8.772701990123e+01 2.735199895040e+04
2.012542805762e+03 1.020000000000e+00 4.061507555516e+01 4.600000000000e+00 3.904003662404e-01 3.626788251597e+02 4.373359017132e+01 -2.510581475604e+00 2.995808658084e+00 -3.704249472235e+01 8.541315286199e+01 8.475110722575e+01 2.800608548486e+04
2.012542919802e+03 1.020000000000e+00 4.061507555516e+01 4.600000000000e+00 3.775597141428e-01 3.628166680778e+02 4.441983967051e+01 -3.379951480190e+00 3.346440127585e+00 -3.573587377538e+01 8.578585567132e+01 8.202544746029e+01 3.250383214743e+04
2.012543033843e+03 1.020000000000e+00 4.061507555516e+01 4.600000000000e+00 3.561318115395e-01 3.637992636127e+02 4.370529887118e+01 -6.568841887666e+00 5.120503559725e+00 -3.467249049791e+01 8.563000585405e+01 7.960374921278e+01 5.274026592986e+04
2.012543147883e+03 1.020000000000e+00 4.061507555516e+01 4.600000000000e+00 3.335801577844e-01 3.657516753979e+02 4.052551371350e+01 -1.176561789586e+01 8.587514257985e+00 -3.394712289037e+01 8.487368704766e+01 7.752392338269e+01 9.398189196783e+04
2.012543261923e+03 1.020000000000e+00 4.061507555516e+01 4.600000000000e+00 3.160018135538e-01 3.696077452275e+02 3.301233306148e+01 -1.787837009195e+01 1.283390845504e+01 -3.347537163794e+01 8.361281043511e+01 7.605985293793e+01 1.476792982661e+05
2.012543375963e+03 1.020000000000e+00 4.061507555516e+01 4.600000000000e+00 3.037895854795e-01 3.733077494986e+02 2.305565268665e+01 -2.324846431956e+01 1.724285742656e+01 -3.321309320702e+01 8.166811564094e+01 7.506080565070e+01 2.059933926235e+05
2.012543490004e+03 1.020000000000e+00 4.061507555516e+01 4.600000000000e+00 2.975447056220e-01 3.761318506143e+02 1.192687352471e+01 -2.503916173735e+01 2.143752571193e+01 -3.348096044334e+01 7.896873881137e+01 7.480040698154e+01 2.609230423265e+05
2.012543604044e+03 1.020000000000e+00 4.061507555516e+01 4.600000000000e+00 2.993698385029e-01 3.785291956791e+02 3.444172784052e+00 -2.469998194795e+01 2.525703787015e+01 -3.446288306833e+01 7.603750398884e+01 7.491136800163e+01 3.052157242574e+05
2.012543718084e+03 1.020000000000e+00 4.161507555516e+01 4.700000000000e+00 3.351460124595e-01 3.782460953758e+02 1.794426703072e+00 -2.480184825761e+01 2.972091774334e+01 -3.473019192142e+01 7.275078738256e+01 7.629830793081e+01 3.213320723947e+05
2.012543832124e+03 1.020000000000e+00 4.161507555516e+01 4.700000000000e+00 4.217804588509e-01 3.784214826952e+02 4.085700376483e-01 -2.192761568251e+01 3.287895069402e+01 -3.609069358646e+01 7.062519890166e+01 7.590382558513e+01 3.003384191089e+05
2.012543946165e+03 1.020000000000e+00 4.161507555516e+01 4.700000000000e+00 7.498219699438e-01 3.777025236402e+02 7.752767152238e-01 -1.839032302309e+01 3.583415545348e+01 -3.726516159517e+01 6.918991842386e+01 7.514481705897e+01 1.966190104779e+05
2.012544060205e+03 1.020000000000e+00 4.161507555516e+01 4.700000000000e+00 1.472550631809e+00 3.765743512097e+02 2.396162325035e+00 -1.556360182566e+01 3.849152132911e+01 -3.833125028547e+01 6.835273416672e+01 7.441460431685e+01 1.006783477558e+05
2.012544174245e+03 1.020000000000e+00 4.161507555516e+01 4.700000000000e+00 2.382643186846e+00 3.753024983351e+02 4.448696724165e+00 -1.310850921707e+01 4.069776688163e+01 -3.932549910143e+01 6.802493374090e+01 7.399362332728e+01 6.360902324704e+04
2.012544288285e+03 1.020000000000e+00 4.161507555516e+01 4.700000000000e+00 3.325708046745e+00 3.745250762028e+02 6.479720587126e+00 -1.106669274481e+01 4.249811932579e+01 -4.025231278522e+01 6.874551881940e+01 7.410612172948e+01 4.688258857311e+04
2.012544402326e+03 1.020000000000e+00 4.161507555516e+01 4.700000000000e+00 4.194015449323e+00 3.738056356034e+02 8.129769451931e+00 -9.930135281586e+00 4.408601297070e+01 -4.106456015274e+01 7.031840521455e+01 7.422998587746e+01 3.827091417683e+04
2.012544516366e+03 1.020000000000e+00 4.161507555516e+01 4.700000000000e+00 4.901947835788e+00 3.729095681279e+02 8.995901723561e+00 -9.427575290362e+00 4.595032846324e+01 -4.178277735427e+01 7.214411849667e+01 7.411991079552e+01 3.398415700090e+04
2.012544630406e+03 1.020000000000e+00 4.161507555516e+01 4.700000000000e+00 5.481147983562e+00 3.719664513941e+02 9.246464461669e+00 -9.244559265611e+00 4.971265421366e+01 -4.241074613838e+01 7.385315231880e+01 7.377261021478e+01 3.278340492458e+04
2.012544744446e+03 1.020000000000e+00 4.161507555516e+01 4.700000000000e+00 6.299850218620e+00 3.714094205835e+02 9.093143084345e+00 -9.659940943668e+00 5.994853850439e+01 -4.288770362253e+01 7.496832761610e+01 7.301440952876e+01 3.426143649861e+04
2.012544858487e+03 1.020000000000e+00 4.161507555516e+01 4.700000000000e+00 7.671760170580e+00 3.713994336481e+02 8.085659373508e+00 -1.148267596199e+01 7.998169558355e+01 -4.313686083146e+01 7.523752716860e+01 7.185934709200e+01 3.751139347937e+04
2.012544972527e+03 1.020000000000e+00 4.161507555516e+01 4.700000000000e+00 9.329025813583e+00 3.716181103042e+02 6.086887614530e+00 -1.433024910795e+01 1.068421372389e+02 -4.319868707971e+01 7.500388060739e+01 7.004399749107e+01 4.126692241852e+04
2.012545086567e+03 1.020000000000e+00 4.161507555516e+01 4.700000000000e+00 1.104860909116e+01 3.720296768464e+02 3.619329011897e+00 -1.759816317973e+01 1.373470425486e+02 -4.320648143218e+01 7.484069050822e+01 6.724490890716e+01 4.486363236916e+04
2.012545200607e+03 1.020000000000e+00 4.161507555516e+01 4.700000000000e+00 1.265201566027e+01 3.726596115330e+02 6.783776918411e-01 -2.056281467714e+01 1.687903824106e+02 -4.325109455342e+01 7.556651805183e+01 6.336297066044e+01 4.819662158132e+04
2.012545314648e+03 1.020000000000e+00 4.161507555516e+01 4.700000000000e+00 1.388662874049e+01 3.737133976256e+02 -2.887241800648e+00 -2.262234718411e+01 1.989125521822e+02 -4.335805697808e+01 7.785139221592e+01 5.804146283638e+01 5.180412805946e+04
2.012545428688e+03 1.020000000000e+00 4.161507555516e+01 4.700000000000e+00 1.432661739757e+01 3.749775283073e+02 -6.701657382091e+00 -2.397402934701e+01 2.258657250367e+02 -4.349141333555e+01 8.103888634352e+01 5.199053459722e+01 5.707432456462e+04
2.012545542728e+03 1.020000000000e+00 4.161507555516e+01 4.700000000000e+00 1.428556145711e+01 3.760695050240e+02 -1.040007774954e+01 -2.477748092130e+01 2.491145551940e+02 -4.360354883891e+01 8.443437554497e+01 4.585411935096e+01 6.315257553213e+04
2.012545656768e+03 1.020000000000e+00 4.161507555516e+01 4.700000000000e+00 1.407407961737e+01 3.767699988965e+02 -1.368822801045e+01 -2.511855643882e+01 2.695310134337e+02 -4.367929726101e+01 8.758984979192e+01 4.010961272592e+01 6.936065492449e+04
2.012545770809e+03 1.020000000000e+00 4.161507555516e+01 4.700000000000e+00 1.381560839887e+01 3.771599014049e+02 -1.638913626410e+01 -2.511496994429e+01 2.881794868423e+02 -4.369466762558e+01 9.021696280468e+01 3.501829710205e+01 7.554774787530e+04
2.012545884849e+03 1.020000000000e+00 4.161507555516e+01 4.700000000000e+00 1.355050031826e+01 3.773568904006e+02 -1.849403448868e+01 -2.494747690417e+01 3.046810471471e+02 -4.360590875707e+01 9.212313412137e+01 3.065620547491e+01 8.143534646947e+04
2.012545998889e+03 1.020000000000e+00 4.161507555516e+01 4.700000000000e+00 1.328824016184e+01 3.773649132569e+02 -2.006844792192e+01 -2.459659373115e+01 3.175147064689e+02 -4.338986058807e+01 9.321668052722e+01 2.693136581023e+01 8.653761020434e+04
2.012546112929e+03 1.020000000000e+00 4.161507555516e+01 4.700000000000e+00 1.302581543237e+01 3.775592290164e+02 -2.112416575892e+01 -2.363180568199e+01 3.247060914559e+02 -4.303324637582e+01 9.347852728520e+01 2.361869101182e+01 9.027980083833e+04
2.012546226970e+03 1.020000000000e+00 4.161507555516e+01 4.700000000000e+00 1.270096644745e+01 3.785372955773e+02 -2.154471984981e+01 -2.176875190566e+01 3.279933695418e+02 -4.251910194292e+01 9.270977311048e+01 2.005397331443e+01 9.355170656834e+04
2.012546341010e+03 1.020000000000e+00 4.161507555516e+01 4.700000000000e+00 1.209086670373e+01 3.824304786226e+02 -2.143898310752e+01 -1.947192404606e+01 3.204607661191e+02 -4.175968104017e+01 8.997369036566e+01 1.603401116552e+01 9.610625049998e+04
2.012546455050e+03 1.020000000000e+00 4.251507555516e+01 4.800000000000e+00 1.098927926344e+01 3.907996442724e+02 -2.044747379269e+01 -1.752235558529e+01 3.031603976529e+02 -4.051835213783e+01 8.261430102375e+01 1.217047669627e+01 9.970480914148e+04
2.012546569090e+03 1.020000000000e+00 4.251507555516e+01 4.800000000000e+00 9.050652887881e+00 4.057036905753e+02 -1.695810248766e+01 -1.345475824857e+01 2.341739580675e+02 -3.866380851038e+01 6.608098715548e+01 7.748209878433e+00 9.276197637023e+04
2.012546683131e+03 1.020000000000e+00 4.251507555516e+01 4.800000000000e+00 7.157931385295e+00 4.219147080990e+02 -1.021483365729e+01 -8.749060712335e+00 1.508120720984e+02 -3.663755570262e+01 4.875501777294e+01 4.474218650526e+00 7.549967042401e+04
2.012546797171e+03 1.020000000000e+00 4.251507555516e+01 4.800000000000e+00 5.898031628317e+00 4.340525072097e+02 -4.224675549342e+00 -5.013213640138e+00 9.804618479101e+01 -3.520223714003e+01 3.727423585765e+01 2.326649689494e+00 6.001770478332e+04
2.012546911211e+03 1.020000000000e+00 4.251507555516e+01 4.800000000000e+00 5.349263179355e+00 4.393754141971e+02 -1.688258641311e+00 -3.258415751887e+00 7.926030149801e+01 -3.442671575093e+01 3.254807615853e+01 1.253866186288e+00 5.364432117563e+04
2.012547025251e+03 1.020000000000e+00 4.251507555516e+01 4.800000000000e+00 5.153382167266e+00 4.413642877863e+02 -7.327484536372e-01 -2.707965200557e+00 7.373462936893e+01 -3.401158145089e+01 3.103326263713e+01 8.198601049663e-01 5.181498938864e+04
2.012547139292e+03 1.020000000000e+00 4.251507555516e+01 4.800000000000e+00 5.069179859055e+00 4.424602727253e+02 -2.479416567319e-01 -2.541243810245e+00 7.171693193334e+01 -3.408149264108e+01 3.049802735416e+01 6.023357586957e-01 5.123462659841e+04
2.012547253332e+03 1.020000000000e+00 4.251507555516e+01 4.800000000000e+00 5.048052461998e+00 4.433109237247e+02 3.754029253633e-03 -2.492864019943e+00 7.110915170311e+01 -3.438748600118e+01 3.024387952745e+01 4.304533642471e-01 5.100993403513e+04
2.012547367372e+03 1.020000000000e+00 4.251507555516e+01 4.800000000000e+00 5.107821916706e+00 4.441433531350e+02 2.515959395414e-01 -2.482057197334e+00 7.232322322897e+01 -3.460457982873e+01 3.013144127750e+01 2.449743446129e-01 5.127237891280e+04
2.012547481412e+03 1.020000000000e+00 4.251507555516e+01 4.800000000000e+00 5.188102538701e+00 4.449341461591e+02 4.443682116734e-01 -2.486789273981e+00 7.411255682771e+01 -3.474160384471e+01 3.025018906976e+01 6.731412468856e-02 5.172839407134e+04
2.012547595453e+03 1.020000000000e+00 4.251507555516e+01 4.800000000000e+00 5.269878675922e+00 4.456647619026e+02 5.050122278201e-01 -2.513210683261e+00 7.595999763951e+01 -3.486855489727e+01 3.050295539637e+01 -8.501215706896e-02 5.219536584702e+04
2.012547709493e+03 1.020000000000e+00 4.251507555516e+01 4.800000000000e+00 5.358214429292e+00 4.464627400260e+02 5.238442487006e-01 -2.543791084844e+00 7.793499610473e+01 -3.499537338018e+01 3.073789695337e+01 -2.059114358471e-01 5.266917840996e+04
2.012547823533e+03 1.020000000000e+00 4.251507555516e+01 4.800000000000e+00 5.461612590198e+00 4.473768322363e+02 5.217251999305e-01 -2.567980465738e+00 8.023362662563e+01 -3.508404225771e+01 3.092074522370e+01 -2.952502247611e-01 5.319538725038e+04
2.012547937573e+03 1.020000000000e+00 4.251507555516e+01 4.800000000000e+00 5.581291802159e+00 4.484016607434e+02 4.571676472195e-01 -2.587991801462e+00 8.292180954664e+01 -3.509295597666e+01 3.105955179211e+01 -3.547574385521e-01 5.379808453599e+04
2.012548051613e+03 1.020000000000e+00 4.251507555516e+01 4.800000000000e+00 5.715244763154e+00 4.495183229126e+02 3.366403208952e-01 -2.602975223116e+00 8.597784112144e+01 -3.500199773672e+01 3.116887619918e+01 -3.900751011321e-01 5.447277814801e+04
2.012548165654e+03 1.020000000000e+00 4.251507555516e+01 4.800000000000e+00 5.861044957549e+00 4.507167622721e+02 1.826244940736e-01 -2.618601444484e+00 8.935682652753e+01 -3.481186019935e+01 3.125576920128e+01 -4.033658307713e-01 5.520472281809e+04
2.012548279694e+03 1.020000000000e+00 4.251507555516e+01 4.800000000000e+00 6.014348483295e+00 4.520025130851e+02 7.160194834559e-03 -2.636545887431e+00 9.302218571232e+01 -3.453831880851e+01 3.132901240083e+01 -4.054279565319e-01 5.600351550013e+04
2.012548393734e+03 1.020000000000e+00 4.251507555516e+01 4.800000000000e+00 6.145422455251e+00 4.533942165020e+02 -1.822971039188e-01 -2.658873001912e+00 9.694550113149e+01 -3.420410610420e+01 3.140451319321e+01 -3.866726885564e-01 5.711974000869e+04
2.012548507774e+03 1.020000000000e+00 4.251507555516e+01 4.800000000000e+00 6.230838862311e+00 4.549053466428e+02 -3.925649837893e-01 -2.695644557104e+00 1.010879779081e+02 -3.382966573910e+01 3.149193336160e+01 -2.852636534272e-01 5.874420257363e+04
2.012548621815e+03 1.020000000000e+00 4.251507555516e+01 4.800000000000e+00 6.301898031449e+00 4.565189726330e+02 -6.502816557824e-01 -2.735446045733e+00 1.053627958805e+02 -3.342569695985e+01 3.157576015056e+01 -8.774596697860e-02 6.053819913597e+04
2.012548735855e+03 1.020000000000e+00 4.251507555516e+01 4.800000000000e+00 6.372036207222e+00 4.581856245959e+02 -9.894532933774e-01 -2.804010640048e+00 1.095961787988e+02 -3.299402753405e+01 3.160504411206e+01 1.560533138598e-01 6.227821707504e+04
2.012548849895e+03 1.020000000000e+00 4.251507555516e+01 4.800000000000e+00 6.436525948382e+00 4.598389061265e+02 -1.420691552512e+00 -2.895635560994e+00 1.135123804508e+02 -3.253870642951e+01 3.151170737066e+01 4.339750254273e-01 6.385879396537e+04
2.012548963935e+03 1.020000000000e+00 4.251507555516e+01 4.800000000000e+00 6.482074461071e+00 4.614067587759e+02 -1.916593847147e+00 -2.990627415028e+00 1.167601279068e+02 -3.206859968233e+01 3.127883021938e+01 7.405507993081e-01 6.522650284497e+04
2.012549077976e+03 1.020000000000e+00 4.251507555516e+01 4.800000000000e+00 6.486975232012e+00 4.628393227046e+02 -2.440592795047e+00 -3.070389467429e+00 1.189160785540e+02 -3.159376652407e+01 3.098552773114e+01 1.058874033165e+00 6.638307137582e+04
2.012549192016e+03 1.020000000000e+00 4.351507555516e+01 4.900000000000e+00 6.441903646185e+00 4.639877806974e+02 -2.770622231773e+00 -3.145091332484e+00 1.196975608042e+02 -3.126977001495e+01 3.055324385840e+01 1.361220232593e+00 6.728924220593e+04
2.012549306056e+03 1.020000000000e+00 4.351507555516e+01 4.900000000000e+00 6.336179190356e+00 4.651476337386e+02 -3.258325868933e+00 -3.158083186868e+00 1.193444269263e+02 -3.080660134029e+01 3.005021463878e+01 1.630007815019e+00 6.821093834736e+04
2.012549420096e+03 1.020000000000e+00 4.351507555516e+01 4.900000000000e+00 6.210944086581e+00 4.661770421754e+02 -3.620255800565e+00 -3.147561771034e+00 1.178471635622e+02 -3.033990126482e+01 2.952286806803e+01 1.830653652311e+00 6.871365318520e+04
2.012549534137e+03 1.020000000000e+00 4.351507555516e+01 4.900000000000e+00 6.069619457657e+00 4.671199300097e+02 -3.838881787813e+00 -3.108218959351e+00 1.154838545067e+02 -2.986108453668e+01 2.900060079297e+01 1.953609547761e+00 6.890420279266e+04
2.012549648177e+03 1.020000000000e+00 4.351507555516e+01 4.900000000000e+00 5.897003053628e+00 4.680170438641e+02 -3.930920385345e+00 -3.008564099151e+00 1.124557554608e+02 -2.936784060688e+01 2.848410846424e+01 2.023626962254e+00 6.906179423669e+04
2.012549762217e+03 1.020000000000e+00 4.351507555516e+01 4.900000000000e+00 5.716660738318e+00 4.688989435766e+02 -3.949666217179e+00 -2.875799018559e+00 1.091514846937e+02 -2.887430830378e+01 2.796798892399e+01 2.039363735478e+00 6.914708696687e+04
2.012549876257e+03 1.020000000000e+00 4.351507555516e+01 4.900000000000e+00 5.543158307269e+00 4.697699103614e+02 -3.939642517160e+00 -2.728974829916e+00 1.058005358303e+02 -2.840987146700e+01 2.745253530186e+01 2.023221109928e+00 6.912187540657e+04
2.012549990298e+03 1.020000000000e+00 4.351507555516e+01 4.900000000000e+00 5.384253920784e+00 4.706254934527e+02 -3.898354748846e+00 -2.584039328528e+00 1.024735428252e+02 -2.800642393832e+01 2.694064598228e+01 1.962230364741e+00 6.892395628194e+04
2.012550104338e+03 1.020000000000e+00 4.351507555516e+01 4.900000000000e+00 5.243059905584e+00 4.714641177947e+02 -3.814569389289e+00 -2.432601730344e+00 9.927705543571e+01 -2.768467110804e+01 2.643135426323e+01 1.825714884794e+00 6.857212479821e+04
2.012550218378e+03 1.020000000000e+00 4.351507555516e+01 4.900000000000e+00 5.119149941351e+00 4.722836310950e+02 -3.731501719837e+00 -2.270726680856e+00 9.623373622558e+01 -2.744924683063e+01 2.592364853431e+01 1.670092005594e+00 6.807898674591e+04
2.012550332418e+03 1.020000000000e+00 4.351507555516e+01 4.900000000000e+00 5.009417009362e+00 4.730773505511e+02 -3.653644064405e+00 -2.105352964165e+00 9.340179287836e+01 -2.729136086004e+01 2.541409230365e+01 1.515529108125e+00 6.752307630682e+04
2.012550446459e+03 1.020000000000e+00 4.351507555516e+01 4.900000000000e+00 4.909637610212e+00 4.738338185333e+02 -3.565038558066e+00 -1.944116779907e+00 9.083109026867e+01 -2.719298140265e+01 2.489577335478e+01 1.365244146031e+00 6.699918381585e+04
2.012550560499e+03 1.020000000000e+00 4.351507555516e+01 4.900000000000e+00 4.825088585565e+00 4.745403423871e+02 -3.446749747625e+00 -1.790750957888e+00 8.859036957331e+01 -2.713334504315e+01 2.435938527162e+01 1.220115452411e+00 6.649154797254e+04
2.012550674539e+03 1.020000000000e+00 4.351507555516e+01 4.900000000000e+00 4.760148797465e+00 4.752011186188e+02 -3.321012830744e+00 -1.647293348519e+00 8.654657221416e+01 -2.709406754147e+01 2.382605043775e+01 1.084016861270e+00 6.584383864021e+04
2.012550788579e+03 1.020000000000e+00 4.351507555516e+01 4.900000000000e+00 4.703759406334e+00 4.758233190646e+02 -3.198337874658e+00 -1.512789967174e+00 8.465273023128e+01 -2.706289693878e+01 2.330657624671e+01 9.601200209535e-01 6.517493238593e+04
2.012550902620e+03 1.020000000000e+00 4.351507555516e+01 4.900000000000e+00 4.648414299670e+00 4.764080048565e+02 -3.069632341589e+00 -1.386254676240e+00 8.293680883372e+01 -2.703304752861e+01 2.279667913039e+01 8.506774479520e-01 6.461393081801e+04
2.012551016660e+03 1.020000000000e+00 4.351507555516e+01 4.900000000000e+00 4.595821096099e+00 4.769535843038e+02 -2.927410376700e+00 -1.268133491735e+00 8.141757241513e+01 -2.700189526508e+01 2.229468958098e+01 7.585116105558e-01 6.415608935075e+04
2.012551130700e+03 1.020000000000e+00 4.351507555516e+01 4.900000000000e+00 4.548383494410e+00 4.774566913764e+02 -2.771605549687e+00 -1.158325626451e+00 8.008800089622e+01 -2.696990381032e+01 2.180524740059e+01 6.864570104977e-01 6.376648963322e+04
2.012551244740e+03 1.020000000000e+00 4.351507555516e+01 4.900000000000e+00 4.506654083640e+00 4.779097652169e+02 -2.609131059563e+00 -1.055408638397e+00 7.892920874237e+01 -2.693892667359e+01 2.133688587708e+01 6.365316086004e-01 6.342565792155e+04
2.012551358781e+03 1.020000000000e+00 4.351507555516e+01 4.900000000000e+00 4.470012032568e+00 4.783018867168e+02 -2.450802230971e+00 -9.565414403735e-01 7.791845397379e+01 -2.691104863149e+01 2.089755720543e+01 6.089448869572e-01 6.312664712284e+04
2.012551472821e+03 1.020000000000e+00 4.351507555516e+01 4.900000000000e+00 4.437235011557e+00 4.786239506093e+02 -2.308141690232e+00 -8.578774924779e-01 7.702256276249e+01 -2.688732608736e+01 2.049160379814e+01 5.994672586941e-01 6.286169183039e+04
2.012551586861e+03 1.020000000000e+00 4.351507555516e+01 4.900000000000e+00 4.408721229015e+00 4.788590247344e+02 -2.200946261909e+00 -7.561427243063e-01 7.624800546707e+01 -2.686825809439e+01 2.013066719038e+01 5.982287355360e-01 6.263164084277e+04
2.012551700901e+03 1.020000000000e+00 4.351507555516e+01 4.900000000000e+00 4.392329769996e+00 4.789723677317e+02 -2.161360973309e+00 -6.525414493897e-01 7.578903667487e+01 -2.685432254779e+01 1.985201244514e+01 6.074502666392e-01 6.248688721303e+04
2.012551814942e+03 1.020000000000e+00 4.351507555516e+01 4.900000000000e+00 4.380094339813e+00 4.790321075681e+02 -2.150820959974e+00 -5.510948603646e-01 7.543287097875e+01 -2.684483562521e+01 1.961159190180e+01 6.324310930284e-01 6.236706664039e+04
2.012551928982e+03 1.020000000000e+00 4.441507555516e+01 5.000000000000e+00 4.377565519504e+00 4.789884933001e+02 -2.076271825617e+00 -4.780270609133e-01 7.531136392308e+01 -2.696759315244e+01 1.945552649151e+01 6.255718938007e-01 6.230236096891e+04
2.012552043022e+03 1.020000000000e+00 4.441507555516e+01 5.000000000000e+00 4.365962039338e+00 4.789497700479e+02 -2.097659447146e+00 -3.893838093471e-01 7.498386671754e+01 -2.695426995084e+01 1.924733334545e+01 6.472893112946e-01 6.219627286811e+04
2.012552157062e+03 1.020000000000e+00 4.441507555516e+01 5.000000000000e+00 4.356412033502e+00 4.788390380029e+02 -2.160460247149e+00 -3.154312022934e-01 7.470417735686e+01 -2.694486363575e+01 1.909490255875e+01 6.526792332237e-01 6.210006538441e+04
2.012552271103e+03 1.020000000000e+00 4.441507555516e+01 5.000000000000e+00 4.349044881287e+00 4.786982668727e+02 -2.237974457690e+00 -2.607668154742e-01 7.447561606361e+01 -2.693609909945e+01 1.900207902356e+01 6.485433528755e-01 6.201494235445e+04
2.012552385143e+03 1.020000000000e+00 4.441507555516e+01 5.000000000000e+00 4.342447803868e+00 4.785281430233e+02 -2.316534340482e+00 -2.286133016870e-01 7.426033013679e+01 -2.692216474227e+01 1.892091048994e+01 6.362356516491e-01 6.192963849713e+04
2.012552499183e+03 1.020000000000e+00 4.441507555516e+01 5.000000000000e+00 4.335543874045e+00 4.783243542547e+02 -2.393166740088e+00 -2.128104774686e-01 7.403264493805e+01 -2.689869648478e+01 1.883964068788e+01 6.092448348491e-01 6.183808249541e+04
2.012552613223e+03 1.020000000000e+00 4.441507555516e+01 5.000000000000e+00 4.327793554000e+00 4.780855207854e+02 -2.471973821679e+00 -2.111772954316e-01 7.378239124217e+01 -2.686178208674e+01 1.875706067912e+01 5.618739407034e-01 6.173942206159e+04
2.012552727264e+03 1.020000000000e+00 4.441507555516e+01 5.000000000000e+00 4.318851311001e+00 4.778114396363e+02 -2.561061576082e+00 -2.221531645015e-01 7.350112166037e+01 -2.680880190528e+01 1.866984785311e+01 4.985031939305e-01 6.163142959435e+04
2.012552841304e+03 1.020000000000e+00 4.441507555516e+01 5.000000000000e+00 4.308285623334e+00 4.775040901155e+02 -2.668034824259e+00 -2.441101449503e-01 7.317671664362e+01 -2.673806046726e+01 1.857379713434e+01 4.262387032961e-01 6.150993698474e+04
2.012552955344e+03 1.020000000000e+00 4.441507555516e+01 5.000000000000e+00 4.295444306768e+00 4.771681825915e+02 -2.799890028859e+00 -2.705327371821e-01 7.279342027513e+01 -2.664816722310e+01 1.846675470100e+01 3.503609695208e-01 6.137074639447e+04
2.012553069384e+03 1.020000000000e+00 4.441507555516e+01 5.000000000000e+00 4.279532016707e+00 4.768098500587e+02 -2.961891000240e+00 -2.950909629528e-01 7.233223154027e+01 -2.653901838728e+01 1.834835965690e+01 2.738458201776e-01 6.120877229849e+04
2.012553183425e+03 1.020000000000e+00 4.441507555516e+01 5.000000000000e+00 4.259876803094e+00 4.764341028220e+02 -3.156526384575e+00 -3.147531439549e-01 7.177686592169e+01 -2.641250587436e+01 1.821970038745e+01 1.979188544267e-01 6.101917765887e+04
2.012553297465e+03 1.020000000000e+00 4.441507555516e+01 5.000000000000e+00 4.235994693351e+00 4.760429307756e+02 -3.383424853707e+00 -3.280093375113e-01 7.111520835221e+01 -2.627198813106e+01 1.808298137858e+01 1.232313393407e-01 6.079765031321e+04
2.012553411505e+03 1.020000000000e+00 4.441507555516e+01 5.000000000000e+00 4.207650402372e+00 4.756368120994e+02 -3.639384305883e+00 -3.330750479116e-01 7.034076257174e+01 -2.612089444154e+01 1.794150330143e+01 5.052274430539e-02 6.054073580353e+04
2.012553525545e+03 1.020000000000e+00 4.441507555516e+01 5.000000000000e+00 4.175258304619e+00 4.752179780651e+02 -3.917418617748e+00 -3.310631523523e-01 6.946179619763e+01 -2.596273080949e+01 1.780040435861e+01 -1.961512605147e-02 6.024810668826e+04
2.012553639586e+03 1.020000000000e+00 4.441507555516e+01 5.000000000000e+00 4.138837949646e+00 4.747784399461e+02 -4.212012128653e+00 -3.243739274969e-01 6.847611312761e+01 -2.580082949011e+01 1.765872735813e+01 -8.647337186294e-02 5.991581945986e+04
2.012553753626e+03 1.020000000000e+00 4.441507555516e+01 5.000000000000e+00 4.099473870204e+00 4.743173268043e+02 -4.513854417981e+00 -3.137414594670e-01 6.740806698363e+01 -2.563777580394e+01 1.751952845210e+01 -1.501116458585e-01 5.954760069110e+04
2.012553867666e+03 1.020000000000e+00 4.441507555516e+01 5.000000000000e+00 4.058026255956e+00 4.738286663388e+02 -4.815804257568e+00 -3.028620473176e-01 6.627644775950e+01 -2.547511864785e+01 1.738213328810e+01 -2.116381016060e-01 5.914586451778e+04
2.012553981706e+03 1.020000000000e+00 4.441507555516e+01 5.000000000000e+00 4.015268031463e+00 4.733051770656e+02 -5.112358271785e+00 -2.936043052453e-01 6.509841836856e+01 -2.531277450391e+01 1.724454874794e+01 -2.717403160201e-01 5.871313560145e+04
2.012554095747e+03 1.020000000000e+00 4.441507555516e+01 5.000000000000e+00 3.971773047125e+00 4.727386638522e+02 -5.400871876454e+00 -2.858868437331e-01 6.388724724921e+01 -2.514916994512e+01 1.710285036895e+01 -3.294216194607e-01 5.825168079830e+04
2.012554209787e+03 1.020000000000e+00 4.441507555516e+01 5.000000000000e+00 3.927987703214e+00 4.721232381406e+02 -5.682684112742e+00 -2.780961317714e-01 6.265446318932e+01 -2.498093633790e+01 1.695013025521e+01 -3.819798735116e-01 5.776436080677e+04
2.012554323827e+03 1.020000000000e+00 4.441507555516e+01 5.000000000000e+00 3.884350230496e+00 4.714610613310e+02 -5.965407024462e+00 -2.672942005628e-01 6.141366143679e+01 -2.480108076928e+01 1.677796083685e+01 -4.256274759004e-01 5.725640542394e+04
2.012554437867e+03 1.020000000000e+00 4.441507555516e+01 5.000000000000e+00 3.841308219261e+00 4.707648036191e+02 -6.264117601965e+00 -2.523343897302e-01 6.018201147545e+01 -2.459878686072e+01 1.658209075783e+01 -4.566645743317e-01 5.673673663466e+04
2.012554551908e+03 1.020000000000e+00 4.441507555516e+01 5.000000000000e+00 3.799706862801e+00 4.700520942120e+02 -6.594015120392e+00 -2.354271502229e-01 5.898914864519e+01 -2.436376450550e+01 1.636925981807e+01 -4.733760476005e-01 5.622092447872e+04
2.012554665948e+03 1.020000000000e+00 4.541507555516e+01 5.100000000000e+00 3.821892256748e+00 4.699972529358e+02 -6.515565698489e+00 -2.453671604071e-01 5.944656569032e+01 -2.443035741593e+01 1.653414276758e+01 -4.741219834332e-01 5.632460908930e+04
2.012554779988e+03 1.020000000000e+00 4.541507555516e+01 5.100000000000e+00 3.790158999383e+00 4.693376302192e+02 -6.820890477038e+00 -2.365048459373e-01 5.848961232540e+01 -2.417439766912e+01 1.637196423259e+01 -4.835133752674e-01 5.588189770265e+04
2.012554894028e+03 1.020000000000e+00 4.541507555516e+01 5.100000000000e+00 3.765971836050e+00 4.687318357107e+02 -7.063997516677e+00 -2.421706515569e-01 5.772663855535e+01 -2.392201899397e+01 1.625840172873e+01 -4.968874901387e-01 5.550747594765e+04
2.012555008069e+03 1.020000000000e+00 4.541507555516e+01 5.100000000000e+00 3.749879187512e+00 4.682405244930e+02 -7.166714837230e+00 -2.849131016031e-01 5.716898396169e+01 -2.370477945337e+01 1.619388332932e+01 -5.106564948335e-01 5.520750574554e+04
2.012555122109e+03 1.020000000000e+00 4.541507555516e+01 5.100000000000e+00 3.751855781257e+00 4.679881215062e+02 -7.130172328267e+00 -3.656248703718e-01 5.703156975087e+01 -2.354791950136e+01 1.625376048319e+01 -5.269709260514e-01 5.504620430314e+04
2.012555236149e+03 1.020000000000e+00 4.541507555516e+01 5.100000000000e+00 3.782606496235e+00 4.680162355842e+02 -6.969099685290e+00 -4.720763336732e-01 5.753966081054e+01 -2.346570643578e+01 1.653027458001e+01 -5.484076946033e-01 5.508514677045e+04
2.012555350189e+03 1.020000000000e+00 4.541507555516e+01 5.100000000000e+00 3.827783379678e+00 4.681402648621e+02 -6.644801303771e+00 -5.875423843834e-01 5.836198903496e+01 -2.346235532597e+01 1.694127712796e+01 -5.676078152324e-01 5.521300461014e+04
2.012555464230e+03 1.020000000000e+00 4.541507555516e+01 5.100000000000e+00 3.878041824438e+00 4.682759911635e+02 -6.246373060919e+00 -6.976396497014e-01 5.929849747971e+01 -2.353267277192e+01 1.740602851230e+01 -5.776478871261e-01 5.537219657571e+04
2.012555578270e+03 1.020000000000e+00 4.541507555516e+01 5.100000000000e+00 3.925617702279e+00 4.683965116429e+02 -5.831351733156e+00 -7.890613273273e-01 6.017005263199e+01 -2.365854606117e+01 1.788300697732e+01 -5.783962828571e-01 5.550549579131e+04
2.012555692310e+03 1.020000000000e+00 4.541507555516e+01 5.100000000000e+00 3.965597899773e+00 4.684753099323e+02 -5.438889996847e+00 -8.501265103743e-01 6.085514816940e+01 -2.381195301561e+01 1.832716961744e+01 -5.730623022389e-01 5.557187792247e+04
2.012555806350e+03 1.020000000000e+00 4.541507555516e+01 5.100000000000e+00 3.996225715186e+00 4.684071986993e+02 -5.091092203769e+00 -8.842596794129e-01 6.131246350532e+01 -2.396327090113e+01 1.870907828912e+01 -5.582412593495e-01 5.556045855076e+04
2.012555920391e+03 1.020000000000e+00 4.541507555516e+01 5.100000000000e+00 4.020144415252e+00 4.681724549000e+02 -4.796505369036e+00 -9.063406303000e-01 6.160571058262e+01 -2.409396542148e+01 1.902708109763e+01 -5.381313381946e-01 5.549394703250e+04
2.012556034431e+03 1.020000000000e+00 4.541507555516e+01 5.100000000000e+00 4.040515701459e+00 4.678401605573e+02 -4.554569128803e+00 -9.167777562143e-01 6.180647983507e+01 -2.419623181294e+01 1.928677940228e+01 -5.132973372805e-01 5.539396942098e+04
2.012556148471e+03 1.020000000000e+00 4.541507555516e+01 5.100000000000e+00 4.058881637441e+00 4.674321605498e+02 -4.359440340586e+00 -9.206188241761e-01 6.195370436454e+01 -2.426941732314e+01 1.948914018540e+01 -4.847646524001e-01 5.527456096070e+04
2.012556262511e+03 1.020000000000e+00 4.541507555516e+01 5.100000000000e+00 4.076125718568e+00 4.669569977052e+02 -4.201000070395e+00 -9.251211504947e-01 6.207436261650e+01 -2.431776158193e+01 1.963595858988e+01 -4.551787630611e-01 5.514786359833e+04
2.012556376552e+03 1.020000000000e+00 4.541507555516e+01 5.100000000000e+00 4.092848362089e+00 4.664212465889e+02 -4.062037932619e+00 -9.345645526854e-01 6.218334964725e+01 -2.434728545690e+01 1.973589420569e+01 -4.247731046451e-01 5.501893270424e+04
2.012556490592e+03 1.020000000000e+00 4.541507555516e+01 5.100000000000e+00 4.109956922141e+00 4.658379826717e+02 -3.926278854018e+00 -9.514735338013e-01 6.230080367213e+01 -2.436313198698e+01 1.980121712553e+01 -3.938048677040e-01 5.489328900354e+04
2.012556604632e+03 1.020000000000e+00 4.541507555516e+01 5.100000000000e+00 4.129137548618e+00 4.652319154569e+02 -3.784538474948e+00 -9.773628221929e-01 6.246579078771e+01 -2.436836553062e+01 1.984544846527e+01 -3.631978935049e-01 5.478273691495e+04
2.012556718672e+03 1.020000000000e+00 4.541507555516e+01 5.100000000000e+00 4.152320994484e+00 4.646336007285e+02 -3.630946532688e+00 -1.014868096005e+00 6.272369166210e+01 -2.436456220826e+01 1.988431179147e+01 -3.357011563655e-01 5.470136780349e+04
2.012556832713e+03 1.020000000000e+00 4.541507555516e+01 5.100000000000e+00 4.180680107693e+00 4.640659378442e+02 -3.463830598156e+00 -1.067175809567e+00 6.310363095148e+01 -2.435298809505e+01 1.992765957483e+01 -3.127398103976e-01 5.465905468366e+04
2.012556946753e+03 1.020000000000e+00 4.541507555516e+01 5.100000000000e+00 4.211896112906e+00 4.635208028444e+02 -3.270907114095e+00 -1.127901198175e+00 6.355485246083e+01 -2.433702141485e+01 1.998673198636e+01 -2.864005815322e-01 5.464178306715e+04
2.012557060793e+03 1.020000000000e+00 4.541507555516e+01 5.100000000000e+00 4.242151174736e+00 4.629649030675e+02 -3.063447342959e+00 -1.187560182193e+00 6.398701817556e+01 -2.432300490579e+01 2.005275868842e+01 -2.501221038780e-01 5.462119024238e+04
2.012557174833e+03 1.020000000000e+00 4.541507555516e+01 5.100000000000e+00 4.268734994865e+00 4.623599173251e+02 -2.890039068165e+00 -1.238107911476e+00 6.432993710479e+01 -2.431664374434e+01 2.008956358983e+01 -2.028915202697e-01 5.457223448208e+04
2.012557288874e+03 1.020000000000e+00 4.541507555516e+01 5.100000000000e+00 4.291134224312e+00 4.616827787251e+02 -2.799567315493e+00 -1.271272090475e+00 6.455990619330e+01 -2.432003395535e+01 2.004482509588e+01 -1.446201488687e-01 5.448164070308e+04
2.012557402914e+03 1.020000000000e+00 4.631507555516e+01 5.200000000000e+00 4.316234627553e+00 4.619356537035e+02 -2.807249904147e+00 -1.257325447986e+00 6.530893758994e+01 -2.451671673621e+01 1.974122454359e+01 -7.244679843557e-02 5.479568768160e+04
2.012557516954e+03 1.020000000000e+00 4.631507555516e+01 5.200000000000e+00 4.324363548404e+00 4.610984649059e+02 -2.822366336370e+00 -1.253740526419e+00 6.514225485437e+01 -2.454941505552e+01 1.947812600329e+01 1.621461671102e-02 5.455362807715e+04
2.012557630994e+03 1.020000000000e+00 4.631507555516e+01 5.200000000000e+00 4.311936117797e+00 4.600422929778e+02 -2.896096975861e+00 -1.232133061441e+00 6.448931293420e+01 -2.460332948066e+01 1.911234500269e+01 1.171366384676e-01 5.416320779591e+04
2.012557745035e+03 1.020000000000e+00 4.631507555516e+01 5.200000000000e+00 4.283599285708e+00 4.588261017042e+02 -2.987006844208e+00 -1.197731102441e+00 6.348795192923e+01 -2.467296256296e+01 1.863084896501e+01 2.149601415324e-01 5.367567738218e+04
2.012557859075e+03 1.020000000000e+00 4.631507555516e+01 5.200000000000e+00 4.242093630536e+00 4.575045091410e+02 -3.041290955371e+00 -1.163726302660e+00 6.223295037023e+01 -2.475008574251e+01 1.810209617943e+01 2.985374151219e-01 5.313021247978e+04
2.012557973115e+03 1.020000000000e+00 4.631507555516e+01 5.200000000000e+00 4.186994826609e+00 4.561050828682e+02 -3.055947052803e+00 -1.137676959539e+00 6.075281453643e+01 -2.483189568298e+01 1.759546913466e+01 3.602592532027e-01 5.254975879680e+04
2.012558087155e+03 1.020000000000e+00 4.631507555516e+01 5.200000000000e+00 4.117691844926e+00 4.546319800454e+02 -3.041499256106e+00 -1.123199173028e+00 5.906020381902e+01 -2.492382216464e+01 1.718900497010e+01 3.953846708900e-01 5.194597044705e+04
2.012558201196e+03 1.020000000000e+00 4.631507555516e+01 5.200000000000e+00 4.038597800808e+00 4.530977160633e+02 -2.958344506959e+00 -1.117842201882e+00 5.725783126670e+01 -2.503308715838e+01 1.689317966306e+01 4.090096180030e-01 5.134727855314e+04
2.012558315236e+03 1.020000000000e+00 4.631507555516e+01 5.200000000000e+00 3.952381215252e+00 4.515051353572e+02 -2.731987029668e+00 -1.128105857358e+00 5.539110336938e+01 -2.516232761509e+01 1.666148667677e+01 4.064317410093e-01 5.075686261848e+04
2.012558429276e+03 1.020000000000e+00 4.631507555516e+01 5.200000000000e+00 3.860907500646e+00 4.498608360915e+02 -2.368246431919e+00 -1.165088232596e+00 5.347362744612e+01 -2.531375060747e+01 1.647826173740e+01 3.915705248942e-01 5.016072728146e+04
2.012558543316e+03 1.020000000000e+00 4.631507555516e+01 5.200000000000e+00 3.766482485723e+00 4.481689883900e+02 -1.893190810303e+00 -1.235467844249e+00 5.152870974821e+01 -2.549337009799e+01 1.643264249229e+01 3.588661315650e-01 4.954806200576e+04
