VARIABLES="time" "Distance" "lon" "lat" "density" "Vx" "Vy" "Vz" "p" "Bx" "By" "Bz" "T"
ZONE
DT=(DOUBLE DOUBLE DOUBLE DOUBLE DOUBLE DOUBLE DOUBLE DOUBLE DOUBLE DOUBLE DOUBLE DOUBLE DOUBLE )
2.012529234973e+03 1.020000000000e+00 3.591507555516e+01 4.200000000000e+00 3.652711505346e+00 4.177684221488e+02 7.070546155698e+00 -2.495022167756e+00 5.448854049228e+01 2.589592908127e+01 -8.701723017045e+00 -1.704747534736e+00 5.393331811807e+04
2.012529349013e+03 1.020000000000e+00 3.591507555516e+01 4.200000000000e+00 3.903202833374e+00 4.158196115199e+02 7.340565587187e+00 -1.329583821007e+00 5.995003876155e+01 2.288904737657e+01 -8.715980294206e+00 -5.343045652393e-01 5.552091706599e+04
2.012529463053e+03 1.020000000000e+00 3.591507555516e+01 4.200000000000e+00 4.208302510863e+00 4.143577701154e+02 7.379797602364e+00 -4.683467205378e-01 6.683595230242e+01 1.979479978681e+01 -8.630231237902e+00 4.775235883051e-01 5.741999675801e+04
2.012529577093e+03 1.020000000000e+00 3.591507555516e+01 4.200000000000e+00 4.521065477482e+00 4.130516063724e+02 7.252663438103e+00 3.731898310541e-02 7.409478726903e+01 1.679155663372e+01 -8.473536063887e+00 1.174904151339e+00 5.927367953126e+04
2.012529691134e+03 1.020000000000e+00 3.591507555516e+01 4.200000000000e+00 4.810908225710e+00 4.117652850988e+02 6.690424865382e+00 2.137844398206e-01 8.097763615994e+01 1.409177881491e+01 -8.299599059344e+00 1.511862639614e+00 6.089916541255e+04
2.012529805174e+03 1.020000000000e+00 3.591507555516e+01 4.200000000000e+00 5.066306087800e+00 4.104882391854e+02 5.506774891593e+00 1.302762661278e-01 8.715613141516e+01 1.184854255748e+01 -8.124906680124e+00 1.636758503909e+00 6.226142857226e+04
2.012529919214e+03 1.020000000000e+00 3.591507555516e+01 4.200000000000e+00 5.278334277020e+00 4.092336498352e+02 3.901115525303e+00 -3.146558901171e-01 9.236497109124e+01 1.010127823092e+01 -7.946145870004e+00 1.617046144366e+00 6.334727199225e+04
2.012530033254e+03 1.020000000000e+00 3.591507555516e+01 4.200000000000e+00 5.438415091503e+00 4.079879198204e+02 2.231460108717e+00 -9.870429345143e-01 9.657256115127e+01 8.782367248054e+00 -7.678240813423e+00 1.440013352031e+00 6.429240254744e+04
2.012530147295e+03 1.020000000000e+00 3.681507555516e+01 4.300000000000e+00 5.551844427043e+00 4.098110267439e+02 1.035310309332e+00 -2.269222294287e+00 9.760426406825e+01 1.103231125370e+01 -9.544930443406e+00 8.568938227319e-01 6.365780544410e+04
2.012530261335e+03 1.020000000000e+00 3.681507555516e+01 4.300000000000e+00 5.480315114719e+00 4.086357437318e+02 -4.146415041162e-01 -2.716695873943e+00 1.008032480619e+02 1.001309761383e+01 -8.556646803558e+00 9.343077759416e-02 6.660542502735e+04
2.012530375375e+03 1.020000000000e+00 3.681507555516e+01 4.300000000000e+00 5.363698712392e+00 4.075158606601e+02 -1.533306927925e+00 -3.111510249663e+00 1.027415884957e+02 9.054747465236e+00 -7.480332831798e+00 -5.450961592020e-01 6.936544779973e+04
2.012530489415e+03 1.020000000000e+00 3.681507555516e+01 4.300000000000e+00 5.231056537670e+00 4.062044276155e+02 -2.185394070449e+00 -3.362626547132e+00 1.028870092392e+02 8.036715483932e+00 -6.245957809711e+00 -9.397132639965e-01 7.122917171752e+04
2.012530603456e+03 1.020000000000e+00 3.681507555516e+01 4.300000000000e+00 5.082420832041e+00 4.043295967203e+02 -2.446773516704e+00 -3.452495136468e+00 1.007675057323e+02 6.846181740267e+00 -4.634230882542e+00 -1.087031378070e+00 7.180342192170e+04
2.012530717496e+03 1.020000000000e+00 3.681507555516e+01 4.300000000000e+00 4.939247001056e+00 4.020623564029e+02 -2.434429155272e+00 -3.409477804910e+00 9.782372340856e+01 5.394752258188e+00 -2.827414391575e+00 -1.103213369805e+00 7.172632430202e+04
2.012530831536e+03 1.020000000000e+00 3.681507555516e+01 4.300000000000e+00 4.814625999147e+00 3.994822715487e+02 -1.883648361949e+00 -3.057081902323e+00 9.485317488147e+01 3.622082590642e+00 -9.447161920832e-01 -9.700881785947e-01 7.134907619018e+04
2.012530945576e+03 1.020000000000e+00 3.681507555516e+01 4.300000000000e+00 4.705092723779e+00 3.965639110606e+02 -6.859141544468e-01 -2.126468138502e+00 9.207156497696e+01 1.498253453362e+00 1.040293108416e+00 -5.410757638171e-01 7.087141142185e+04
2.012531059617e+03 1.020000000000e+00 3.681507555516e+01 4.300000000000e+00 4.609692804908e+00 3.933197519942e+02 1.128613974079e+00 -8.917888371793e-01 8.933273965839e+01 -9.855418457651e-01 3.212943449818e+00 1.448772708219e-01 7.018756051560e+04
2.012531173657e+03 1.020000000000e+00 3.681507555516e+01 4.300000000000e+00 4.527716941892e+00 3.898409779434e+02 3.225825056519e+00 2.992154270555e-01 8.603117437312e+01 -3.815543421701e+00 5.577059283836e+00 8.214044579918e-01 6.882006287432e+04
2.012531287697e+03 1.020000000000e+00 3.681507555516e+01 4.300000000000e+00 4.475656873307e+00 3.862759194279e+02 5.464116923668e+00 1.268396840924e+00 8.228004584564e+01 -6.956091043268e+00 8.104027777443e+00 1.316743723617e+00 6.658260314637e+04
2.012531401737e+03 1.020000000000e+00 3.681507555516e+01 4.300000000000e+00 4.468252580304e+00 3.827392164662e+02 7.747283522378e+00 1.984929991934e+00 7.827516202662e+01 -1.032932902012e+01 1.074346158677e+01 1.624076502170e+00 6.343353455353e+04
2.012531515778e+03 1.020000000000e+00 3.681507555516e+01 4.300000000000e+00 4.476779220841e+00 3.792832619838e+02 9.993784202191e+00 2.481497751807e+00 7.381689342870e+01 -1.382130360354e+01 1.341283889296e+01 1.801306285428e+00 5.969044838788e+04
2.012531629818e+03 1.020000000000e+00 3.681507555516e+01 4.300000000000e+00 4.486806911298e+00 3.759750008771e+02 1.211212274447e+01 2.731744026441e+00 6.852158273164e+01 -1.729781835955e+01 1.605170507250e+01 1.864154580613e+00 5.526988737170e+04
2.012531743858e+03 1.020000000000e+00 3.681507555516e+01 4.300000000000e+00 4.494505364074e+00 3.729269593400e+02 1.400581479476e+01 2.789406957587e+00 6.278061309355e+01 -2.063229765245e+01 1.860940069256e+01 1.814024014872e+00 5.054326289485e+04
2.012531857898e+03 1.020000000000e+00 3.681507555516e+01 4.300000000000e+00 4.504511847087e+00 3.702176134248e+02 1.559529517384e+01 2.705992847927e+00 5.706323472899e+01 -2.372667407667e+01 2.097872817216e+01 1.604097334632e+00 4.583882010356e+04
2.012531971939e+03 1.020000000000e+00 3.681507555516e+01 4.300000000000e+00 4.524392931453e+00 3.678712696154e+02 1.682551400714e+01 2.487581224662e+00 5.179938686390e+01 -2.651097638059e+01 2.308177839019e+01 1.211588991842e+00 4.144193964050e+04
2.012532085979e+03 1.020000000000e+00 3.681507555516e+01 4.300000000000e+00 4.560386501978e+00 3.658760023997e+02 1.767192855622e+01 2.158869932052e+00 4.732954055861e+01 -2.895061529112e+01 2.489774697253e+01 6.538143053952e-01 3.758993980867e+04
2.012532200019e+03 1.020000000000e+00 3.681507555516e+01 4.300000000000e+00 4.618657107697e+00 3.642403883746e+02 1.818295397852e+01 1.864106068571e+00 4.388296019537e+01 -3.105285862506e+01 2.645913951496e+01 9.698587071853e-02 3.443159290685e+04
2.012532314059e+03 1.020000000000e+00 3.681507555516e+01 4.300000000000e+00 4.703898121532e+00 3.629515824175e+02 1.841161744729e+01 1.694979042262e+00 4.140360460448e+01 -3.283575820639e+01 2.777201555915e+01 -3.453015729354e-01 3.190817537348e+04
2.012532428100e+03 1.020000000000e+00 3.681507555516e+01 4.300000000000e+00 4.807200979167e+00 3.620716636504e+02 1.839371671767e+01 1.631291666572e+00 3.975915749456e+01 -3.433531298878e+01 2.886579193544e+01 -6.113616157930e-01 2.998531538844e+04
2.012532542140e+03 1.020000000000e+00 3.681507555516e+01 4.300000000000e+00 4.910669678895e+00 3.616399817782e+02 1.814811524217e+01 1.651665427448e+00 3.862251312531e+01 -3.558923900930e+01 2.983914167232e+01 -7.260361078165e-01 2.850241387125e+04
2.012532656180e+03 1.020000000000e+00 3.681507555516e+01 4.300000000000e+00 5.036598918385e+00 3.617452358317e+02 1.753258374770e+01 1.820799767689e+00 3.818327324389e+01 -3.662211505967e+01 3.066551044165e+01 -7.289649462348e-01 2.746967092681e+04
2.012532770220e+03 1.020000000000e+00 3.681507555516e+01 4.300000000000e+00 5.163021914870e+00 3.624776734152e+02 1.647024441799e+01 2.195823687586e+00 3.845651900775e+01 -3.743129569920e+01 3.140932159125e+01 -5.795363686765e-01 2.699007349069e+04
2.012532884261e+03 1.020000000000e+00 3.781507555516e+01 4.400000000000e+00 5.172339108697e+00 3.591512748832e+02 1.787855962700e+01 2.182765300712e+00 3.945304377994e+01 -3.629644912622e+01 3.061221774143e+01 -6.791301193292e-01 2.764483958344e+04
2.012532998301e+03 1.020000000000e+00 3.781507555516e+01 4.400000000000e+00 5.361986165382e+00 3.600837324907e+02 1.663449065741e+01 2.601428087613e+00 4.011228791579e+01 -3.714003887971e+01 3.136108046674e+01 -4.005871300611e-01 2.709623728314e+04
2.012533112341e+03 1.020000000000e+00 3.781507555516e+01 4.400000000000e+00 5.564517300025e+00 3.616889967589e+02 1.497925400860e+01 3.160077372914e+00 4.155292499606e+01 -3.777368883504e+01 3.201547945917e+01 1.694357354128e-02 2.702622158823e+04
2.012533226381e+03 1.020000000000e+00 3.781507555516e+01 4.400000000000e+00 5.778236966501e+00 3.636266007486e+02 1.303128391084e+01 3.844055297352e+00 4.345715240702e+01 -3.820740608709e+01 3.255919834391e+01 6.060096401307e-01 2.717952174643e+04
2.012533340422e+03 1.020000000000e+00 3.781507555516e+01 4.400000000000e+00 6.062678030902e+00 3.661329439970e+02 1.068660087408e+01 4.567156158771e+00 4.637255202280e+01 -3.846080269547e+01 3.285201699556e+01 1.296754871960e+00 2.762368994523e+04
2.012533454462e+03 1.020000000000e+00 3.781507555516e+01 4.400000000000e+00 6.360494240600e+00 3.689616333419e+02 8.186076234816e+00 5.261567890071e+00 4.978228655867e+01 -3.857173061677e+01 3.293204346791e+01 2.015499754616e+00 2.827259130072e+04
2.012533568502e+03 1.020000000000e+00 3.781507555516e+01 4.400000000000e+00 6.600502452433e+00 3.718115824390e+02 5.713666818077e+00 5.892867818512e+00 5.313306228075e+01 -3.858397067065e+01 3.284516003197e+01 2.688500058761e+00 2.910084799885e+04
2.012533682542e+03 1.020000000000e+00 3.781507555516e+01 4.400000000000e+00 6.741878777104e+00 3.745001886815e+02 3.372511770926e+00 6.425213147767e+00 5.614082595999e+01 -3.854287279393e+01 3.261532264458e+01 3.248312373854e+00 3.014123963343e+04
2.012533796583e+03 1.020000000000e+00 3.781507555516e+01 4.400000000000e+00 6.816935397910e+00 3.768810667574e+02 1.236572085737e+00 6.842866819092e+00 5.862265299753e+01 -3.849656713069e+01 3.222434489280e+01 3.658926148983e+00 3.117620256248e+04
2.012533910623e+03 1.020000000000e+00 3.781507555516e+01 4.400000000000e+00 6.794811156007e+00 3.788593420505e+02 -6.133342425678e-01 7.154086928177e+00 6.038871880806e+01 -3.847651274564e+01 3.169116640200e+01 3.922452004511e+00 3.224428312841e+04
2.012534024663e+03 1.020000000000e+00 3.781507555516e+01 4.400000000000e+00 6.687022269736e+00 3.804156715058e+02 -2.146181279325e+00 7.372215921282e+00 6.131425331993e+01 -3.850228553384e+01 3.110937502943e+01 4.061058236636e+00 3.325984930566e+04
2.012534138703e+03 1.020000000000e+00 3.781507555516e+01 4.400000000000e+00 6.525765006799e+00 3.815322346040e+02 -3.348067912416e+00 7.484379061843e+00 6.142653921417e+01 -3.859931702304e+01 3.051182863311e+01 4.033198391557e+00 3.413033789422e+04
2.012534252744e+03 1.020000000000e+00 3.781507555516e+01 4.400000000000e+00 6.330852078444e+00 3.820363490733e+02 -4.253815206513e+00 7.531416615035e+00 6.053126047202e+01 -3.865183517507e+01 2.982102374537e+01 3.886484727516e+00 3.465545756428e+04
2.012534366784e+03 1.020000000000e+00 3.781507555516e+01 4.400000000000e+00 6.178769899641e+00 3.833486797906e+02 -4.762736707266e+00 6.982770682427e+00 6.591282048956e+01 -3.851853738251e+01 2.960633054577e+01 3.486946710639e+00 3.862356321692e+04
2.012534480824e+03 1.020000000000e+00 3.781507555516e+01 4.400000000000e+00 8.832941669220e+00 4.459213725206e+02 -2.268267885436e-01 -1.306190645739e+01 8.506088606033e+02 -4.166984930161e+01 4.831190718147e+01 -4.994349116897e+00 3.102365555713e+05
2.012534594864e+03 1.020000000000e+00 3.781507555516e+01 4.400000000000e+00 1.688827341873e+01 5.669463564418e+02 9.876598032477e+00 -4.864395808618e+01 3.818625864798e+03 -4.887075702766e+01 1.092420053825e+02 -2.231891341733e+01 8.173324090657e+05
2.012534708905e+03 1.020000000000e+00 3.781507555516e+01 4.400000000000e+00 1.852370374630e+01 5.965483486867e+02 1.497045207419e+01 -5.453004394856e+01 4.607562210601e+03 -4.877973346934e+01 1.271160131448e+02 -2.328354119485e+01 9.009414763255e+05
2.012534822945e+03 1.020000000000e+00 3.781507555516e+01 4.400000000000e+00 1.770063889338e+01 5.953772623323e+02 1.560468665882e+01 -5.131247969524e+01 4.296396531151e+03 -4.353375541725e+01 1.226709297660e+02 -1.559658527146e+01 8.785848300185e+05
2.012534936985e+03 1.020000000000e+00 3.781507555516e+01 4.400000000000e+00 1.679133723065e+01 5.862556971359e+02 1.316064069022e+01 -4.632781076703e+01 3.782966532530e+03 -3.704752408482e+01 1.005639990155e+02 -7.216309811201e+00 8.159209624119e+05
2.012535051025e+03 1.020000000000e+00 3.781507555516e+01 4.400000000000e+00 1.677736597473e+01 5.830754304188e+02 3.248319091547e+00 -4.508557178078e+01 3.589334041518e+03 -3.244052951252e+01 5.692596688978e+01 -4.712268187546e+00 7.748682669096e+05
2.012535165066e+03 1.020000000000e+00 3.781507555516e+01 4.400000000000e+00 1.691628634688e+01 5.860241678466e+02 -1.286827789231e+01 -4.779431824401e+01 3.512759862105e+03 -2.925532657651e+01 -3.207638727339e+00 -8.779868185380e+00 7.521738239397e+05
2.012535279106e+03 1.020000000000e+00 3.781507555516e+01 4.400000000000e+00 1.606813502146e+01 5.882983160074e+02 -2.647836737768e+01 -5.446421418540e+01 3.233863476145e+03 -2.778868804877e+01 -6.820358292157e+01 -2.813886126308e+01 7.291848079605e+05
2.012535393146e+03 1.020000000000e+00 3.781507555516e+01 4.400000000000e+00 1.340981042287e+01 5.867859286748e+02 -3.312883596409e+01 -5.918522395059e+01 2.610802698765e+03 -3.200297004787e+01 -1.159112985584e+02 -5.813607503569e+01 7.086031242699e+05
2.012535507186e+03 1.020000000000e+00 3.781507555516e+01 4.400000000000e+00 9.704025199549e+00 5.802324505210e+02 -3.379306543596e+01 -5.829014301076e+01 1.947041077857e+03 -4.811141554019e+01 -1.302077392110e+02 -8.792585564498e+01 7.320930325701e+05
2.012535621227e+03 1.020000000000e+00 3.871507555516e+01 4.400000000000e+00 7.012569186448e+00 5.739381281466e+02 -3.508027596900e+01 -5.142016286526e+01 1.413560651740e+03 -6.631784867734e+01 -1.262236535403e+02 -1.049071830398e+02 7.307551839364e+05
2.012535735267e+03 1.020000000000e+00 3.871507555516e+01 4.400000000000e+00 5.285286166365e+00 5.681203295021e+02 -1.695952842933e+01 -4.317062979900e+01 1.043795344268e+03 -9.065914475755e+01 -1.101263871400e+02 -1.250393074865e+02 7.135599134496e+05
2.012535849307e+03 1.020000000000e+00 3.871507555516e+01 4.400000000000e+00 4.324252069799e+00 5.628883269585e+02 1.271764075274e+01 -3.991332482396e+01 7.546016252084e+02 -1.101565879377e+02 -9.135254143848e+01 -1.422244337588e+02 6.302552635409e+05
2.012535963347e+03 1.020000000000e+00 3.871507555516e+01 4.400000000000e+00 3.924673158110e+00 5.587014270408e+02 3.515817965195e+01 -3.712264162161e+01 5.453608768816e+02 -1.236008212172e+02 -8.022834836965e+01 -1.521008286992e+02 5.026347152732e+05
2.012536077388e+03 1.020000000000e+00 3.871507555516e+01 4.400000000000e+00 3.749100772949e+00 5.541805492443e+02 4.461761024306e+01 -3.180592847693e+01 3.967674693970e+02 -1.334688472817e+02 -7.651358464519e+01 -1.551272360741e+02 3.831593304576e+05
2.012536191428e+03 1.020000000000e+00 3.871507555516e+01 4.400000000000e+00 3.626990358253e+00 5.514542540717e+02 4.606083702728e+01 -2.400862154336e+01 2.825319818685e+02 -1.420359479581e+02 -8.085942908717e+01 -1.536051674006e+02 2.819647615981e+05
2.012536305468e+03 1.020000000000e+00 3.871507555516e+01 4.400000000000e+00 3.443797902465e+00 5.498271636600e+02 4.500509357157e+01 -1.093346540456e+01 1.878508844973e+02 -1.491306094565e+02 -9.454647192966e+01 -1.457357330297e+02 1.971216839050e+05
2.012536419508e+03 1.020000000000e+00 3.871507555516e+01 4.400000000000e+00 3.131023023151e+00 5.498541575426e+02 4.308680967174e+01 4.311492208248e+00 1.173752264261e+02 -1.550701177976e+02 -1.122377132041e+02 -1.313733414287e+02 1.350890644770e+05
2.012536533549e+03 1.020000000000e+00 3.871507555516e+01 4.400000000000e+00 2.707003531368e+00 5.518985784874e+02 4.290610849217e+01 1.669510664797e+01 6.950218120550e+01 -1.605237725063e+02 -1.281400400911e+02 -1.143369870567e+02 9.224955248339e+04
2.012536647589e+03 1.020000000000e+00 3.871507555516e+01 4.400000000000e+00 2.264236100700e+00 5.519775537488e+02 4.572081199042e+01 2.324128866505e+01 3.993703117413e+01 -1.659671585965e+02 -1.390212844655e+02 -9.674969897720e+01 6.337709557902e+04
2.012536761629e+03 1.020000000000e+00 3.871507555516e+01 4.400000000000e+00 1.911267428561e+00 5.495018030050e+02 5.035197421006e+01 2.426319862798e+01 2.472379372499e+01 -1.714061351307e+02 -1.448843059226e+02 -8.014725155223e+01 4.672558319353e+04
2.012536875669e+03 1.020000000000e+00 3.871507555516e+01 4.400000000000e+00 1.662057469792e+00 5.443004399775e+02 5.508682784814e+01 2.094833253320e+01 1.775298979862e+01 -1.763141710810e+02 -1.471054234568e+02 -6.410856999858e+01 3.870566474744e+04
2.012536989709e+03 1.020000000000e+00 3.871507555516e+01 4.400000000000e+00 1.457964803579e+00 5.396718509163e+02 5.719903289756e+01 1.587095043342e+01 1.414948518805e+01 -1.806519674499e+02 -1.486572138419e+02 -4.797070869198e+01 3.527227733073e+04
2.012537103750e+03 1.020000000000e+00 3.871507555516e+01 4.400000000000e+00 1.265721089414e+00 5.347704953168e+02 5.774238154721e+01 1.115891778078e+01 1.163668261517e+01 -1.847474236355e+02 -1.486419613529e+02 -3.117034279640e+01 3.352258518754e+04
2.012537217790e+03 1.020000000000e+00 3.871507555516e+01 4.400000000000e+00 1.104637300654e+00 5.286677852084e+02 5.682580932103e+01 6.652409847457e+00 1.012358314924e+01 -1.882348168417e+02 -1.469990911989e+02 -1.413776469147e+01 3.339585171192e+04
2.012537331830e+03 1.020000000000e+00 3.871507555516e+01 4.400000000000e+00 1.014642865293e+00 5.218933052030e+02 5.491374984100e+01 2.311347674055e+00 9.549987153121e+00 -1.908150639469e+02 -1.436996317706e+02 2.923209750566e+00 3.427060274694e+04
2.012537445870e+03 1.020000000000e+00 3.871507555516e+01 4.400000000000e+00 9.634940651277e-01 5.155580584489e+02 5.245679381929e+01 -1.655680664747e+00 9.263521838000e+00 -1.923192834266e+02 -1.392827440417e+02 1.983905985406e+01 3.498227831748e+04
2.012537559911e+03 1.020000000000e+00 3.871507555516e+01 4.400000000000e+00 9.265610551383e-01 5.084526954713e+02 5.070097496645e+01 -5.153758613598e+00 9.155531857857e+00 -1.925958290794e+02 -1.331929089758e+02 3.628357208615e+01 3.591985502372e+04
2.012537673951e+03 1.020000000000e+00 3.871507555516e+01 4.400000000000e+00 8.954330592427e-01 5.010756468058e+02 4.900801459676e+01 -8.122943933360e+00 9.233324288982e+00 -1.919626453540e+02 -1.259432657559e+02 5.199994141366e+01 3.744267590348e+04
2.012537787991e+03 1.020000000000e+00 3.871507555516e+01 4.400000000000e+00 8.659468324099e-01 4.942846248281e+02 4.708443520741e+01 -1.044076627643e+01 9.435016399634e+00 -1.906830971089e+02 -1.179134984754e+02 6.689581572080e+01 3.956118330193e+04
2.012537902031e+03 1.020000000000e+00 3.871507555516e+01 4.400000000000e+00 8.344104694487e-01 4.878924160558e+02 4.570673186051e+01 -1.208169706692e+01 9.425817657386e+00 -1.886458396892e+02 -1.090536407188e+02 8.070970321278e+01 4.101141962669e+04
2.012538016072e+03 1.020000000000e+00 3.871507555516e+01 4.400000000000e+00 8.023259132566e-01 4.818619830814e+02 4.517249661314e+01 -1.326390427348e+01 9.194333399329e+00 -1.858140877139e+02 -9.949919714928e+01 9.311376435744e+01 4.158459030425e+04
2.012538130112e+03 1.020000000000e+00 3.871507555516e+01 4.400000000000e+00 7.709385889662e-01 4.761974126471e+02 4.518892934696e+01 -1.408621006205e+01 8.864821236598e+00 -1.825694975265e+02 -8.962962222227e+01 1.040353195935e+02 4.171139494594e+04
2.012538244152e+03 1.020000000000e+00 3.871507555516e+01 4.400000000000e+00 7.425566388403e-01 4.709374721228e+02 4.593191761331e+01 -1.459110139164e+01 8.457827691595e+00 -1.785303318189e+02 -7.969603553494e+01 1.135082732177e+02 4.130770696459e+04
2.012538358192e+03 1.020000000000e+00 3.971507555516e+01 4.500000000000e+00 7.396933427986e-01 4.578202987897e+02 4.715862307760e+01 -1.879557808649e+01 8.379875593274e+00 -1.712122072584e+02 -7.054385104490e+01 1.329274639757e+02 4.103121750357e+04
2.012538472233e+03 1.020000000000e+00 3.971507555516e+01 4.500000000000e+00 7.125807040869e-01 4.533999235647e+02 4.877245945311e+01 -1.873871145230e+01 7.590208949507e+00 -1.642926006768e+02 -6.058537415265e+01 1.392855050967e+02 3.861273875515e+04
2.012538586273e+03 1.020000000000e+00 3.971507555516e+01 4.500000000000e+00 6.891057734247e-01 4.494283735196e+02 5.049981718633e+01 -1.883002364151e+01 6.990410807913e+00 -1.571287456834e+02 -5.119434144923e+01 1.441694623140e+02 3.677239502762e+04
2.012538700313e+03 1.020000000000e+00 3.971507555516e+01 4.500000000000e+00 6.671208711887e-01 4.459225330003e+02 5.223194373528e+01 -1.914855650531e+01 6.596676239266e+00 -1.498925110556e+02 -4.252371004658e+01 1.476667930734e+02 3.583939994430e+04
2.012538814353e+03 1.020000000000e+00 3.971507555516e+01 4.500000000000e+00 6.447413955155e-01 4.429925419694e+02 5.378738387056e+01 -1.980267332345e+01 6.324472739169e+00 -1.428371646397e+02 -3.466855844728e+01 1.499586766073e+02 3.555426415743e+04
2.012538928394e+03 1.020000000000e+00 3.971507555516e+01 4.500000000000e+00 6.215586510624e-01 4.406695208862e+02 5.496344241086e+01 -2.086961393391e+01 6.132176002861e+00 -1.361324116919e+02 -2.756542291618e+01 1.512110264759e+02 3.576128279960e+04
2.012539042434e+03 1.020000000000e+00 3.971507555516e+01 4.500000000000e+00 5.921253180506e-01 4.385977629957e+02 5.595966626811e+01 -2.217298646308e+01 6.002285112610e+00 -1.298183975413e+02 -2.114678905957e+01 1.516417959305e+02 3.676877271540e+04
2.012539156474e+03 1.020000000000e+00 3.971507555516e+01 4.500000000000e+00 5.556894396498e-01 4.367252357803e+02 5.701920030029e+01 -2.355615840981e+01 5.888504569066e+00 -1.239556938746e+02 -1.536325873753e+01 1.514298652203e+02 3.845777079640e+04
2.012539270514e+03 1.020000000000e+00 3.971507555516e+01 4.500000000000e+00 5.187136735498e-01 4.349019079944e+02 5.825799172669e+01 -2.509116774501e+01 5.743207207771e+00 -1.184901458967e+02 -1.017017970194e+01 1.507070724724e+02 4.017820318871e+04
2.012539384555e+03 1.020000000000e+00 3.971507555516e+01 4.500000000000e+00 4.840261555895e-01 4.330632290717e+02 5.982345270012e+01 -2.686126541087e+01 5.566056774096e+00 -1.134244268960e+02 -5.535952010779e+00 1.495665879734e+02 4.171621245497e+04
2.012539498595e+03 1.020000000000e+00 3.971507555516e+01 4.500000000000e+00 4.525449511886e-01 4.312559042982e+02 6.180877665722e+01 -2.877913444572e+01 5.347208865082e+00 -1.087540494266e+02 -1.422933607188e+00 1.481020342081e+02 4.284723425199e+04
2.012539612635e+03 1.020000000000e+00 3.971507555516e+01 4.500000000000e+00 4.230659752631e-01 4.294880409790e+02 6.402076184859e+01 -3.080746165167e+01 5.024898780880e+00 -1.044967635977e+02 2.295994684171e+00 1.464294514228e+02 4.305701914010e+04
2.012539726675e+03 1.020000000000e+00 3.971507555516e+01 4.500000000000e+00 3.950577394053e-01 4.277239963890e+02 6.622998896252e+01 -3.284138362023e+01 4.658857789292e+00 -1.006064932227e+02 5.694232198595e+00 1.446235863210e+02 4.273934321349e+04
2.012539840716e+03 1.020000000000e+00 3.971507555516e+01 4.500000000000e+00 3.683399178401e-01 4.258347798826e+02 6.796128309730e+01 -3.478614827807e+01 4.304637575820e+00 -9.695344356300e+01 8.808449790077e+00 1.426902458641e+02 4.234902607304e+04
2.012539954756e+03 1.020000000000e+00 3.971507555516e+01 4.500000000000e+00 3.432712397921e-01 4.238739702836e+02 6.901298448432e+01 -3.644421390818e+01 4.007832894903e+00 -9.345656747472e+01 1.177191730015e+01 1.406802404303e+02 4.231371612908e+04
2.012540068796e+03 1.020000000000e+00 3.971507555516e+01 4.500000000000e+00 3.188012085360e-01 4.219036159129e+02 6.942885032717e+01 -3.771768058853e+01 3.801324068584e+00 -9.011573733967e+01 1.475745723327e+01 1.385941097935e+02 4.323042806745e+04
2.012540182836e+03 1.020000000000e+00 3.971507555516e+01 4.500000000000e+00 2.939784397337e-01 4.196643414784e+02 6.878839183519e+01 -3.858178733963e+01 3.690222007349e+00 -8.696552379966e+01 1.797361694484e+01 1.364238187380e+02 4.552899706198e+04
2.012540296877e+03 1.020000000000e+00 3.971507555516e+01 4.500000000000e+00 2.737309474550e-01 4.168260497089e+02 6.666288766184e+01 -3.835888321264e+01 3.805862182629e+00 -8.397122413306e+01 2.186408004316e+01 1.340908837413e+02 5.041753087873e+04
2.012540410917e+03 1.020000000000e+00 3.971507555516e+01 4.500000000000e+00 2.595146188669e-01 4.132699572230e+02 6.160029937824e+01 -3.741481650142e+01 4.228108166855e+00 -8.087451202586e+01 2.653886352493e+01 1.315219671328e+02 5.905365424496e+04
2.012540524957e+03 1.020000000000e+00 3.971507555516e+01 4.500000000000e+00 2.491799556964e-01 4.090297495827e+02 5.366546504834e+01 -3.602494372009e+01 4.813386285254e+00 -7.746379850968e+01 3.204723930853e+01 1.287176102894e+02 7.001478505172e+04
2.012540638997e+03 1.020000000000e+00 3.971507555516e+01 4.500000000000e+00 2.412427661640e-01 4.037565596764e+02 4.390584894037e+01 -3.349447271061e+01 5.308971756963e+00 -7.357568087342e+01 3.825199712181e+01 1.256320772062e+02 7.977620032310e+04
2.012540753038e+03 1.020000000000e+00 3.971507555516e+01 4.500000000000e+00 2.350844124141e-01 3.981157845430e+02 3.362681175799e+01 -2.973560761782e+01 5.648302845052e+00 -6.937499521806e+01 4.489777711353e+01 1.222048987759e+02 8.718298952138e+04
2.012540867078e+03 1.020000000000e+00 3.971507555516e+01 4.500000000000e+00 2.298766404979e-01 3.921643315593e+02 2.470862034007e+01 -2.535888419627e+01 5.715610836596e+00 -6.504136590437e+01 5.146759572481e+01 1.184687404387e+02 9.035188798157e+04
2.012540981118e+03 1.020000000000e+00 3.971507555516e+01 4.500000000000e+00 2.239162042266e-01 3.864206620080e+02 1.824113769558e+01 -2.069044586566e+01 5.611716019673e+00 -6.067645415870e+01 5.744317957788e+01 1.145140778453e+02 9.114607075122e+04
2.012541095158e+03 1.020000000000e+00 4.061507555516e+01 4.600000000000e+00 2.396161985529e-01 3.773556441879e+02 1.295148637380e+01 -1.583974622382e+01 4.860930113326e+00 -4.951859283047e+01 6.521143063134e+01 1.131097099809e+02 7.415305100383e+04
2.012541209199e+03 1.020000000000e+00 4.061507555516e+01 4.600000000000e+00 2.427039296992e-01 3.740366788486e+02 1.280967208680e+01 -1.334143765499e+01 4.513098513346e+00 -4.576244682170e+01 6.876875068929e+01 1.090061422755e+02 6.802049417713e+04
2.012541323239e+03 1.020000000000e+00 4.061507555516e+01 4.600000000000e+00 2.539024225870e-01 3.718521295903e+02 1.477416911718e+01 -1.189078692944e+01 4.224552475226e+00 -4.245475981567e+01 7.144431054559e+01 1.051263721661e+02 6.086603665605e+04
2.012541437279e+03 1.020000000000e+00 4.061507555516e+01 4.600000000000e+00 2.743603274578e-01 3.705056415519e+02 1.836678563557e+01 -1.036716764096e+01 4.049944849009e+00 -3.963359385877e+01 7.336739775101e+01 1.014378496708e+02 5.402939748161e+04
2.012541551319e+03 1.020000000000e+00 4.061507555516e+01 4.600000000000e+00 3.007486935105e-01 3.694660857427e+02 2.225531680103e+01 -8.417548976788e+00 3.951512489969e+00 -3.724856287105e+01 7.476622499356e+01 9.790267197494e+01 4.811856831015e+04
2.012541665360e+03 1.020000000000e+00 4.061507555516e+01 4.600000000000e+00 3.287832055546e-01 3.684864331593e+02 2.625011881604e+01 -6.178448253260e+00 3.888255751828e+00 -3.527647322244e+01 7.580602476718e+01 9.448183447400e+01 4.335016944989e+04
2.012541779400e+03 1.020000000000e+00 4.061507555516e+01 4.600000000000e+00 3.535017539379e-01 3.674162064693e+02 2.992481855096e+01 -3.617449657305e+00 3.851348208782e+00 -3.371580935283e+01 7.657427825040e+01 9.126978780916e+01 3.995016786837e+04
2.012541893440e+03 1.020000000000e+00 4.061507555516e+01 4.600000000000e+00 3.697633822721e-01 3.661637402638e+02 3.304016462237e+01 -1.072567930126e+00 3.826093767045e+00 -3.245508020744e+01 7.713982879905e+01 8.825246483128e+01 3.791608628290e+04
2.012542007480e+03 1.020000000000e+00 4.061507555516e+01 4.600000000000e+00 3.763021323300e-01 3.648488118985e+02 3.554709301058e+01 1.072755892741e+00 3.813029325544e+00 -3.140191408940e+01 7.757943356415e+01 8.535992053886e+01 3.711691840690e+04
2.012542121521e+03 1.020000000000e+00 4.061507555516e+01 4.600000000000e+00 3.747560666213e-01 3.635392038834e+02 3.760308126909e+01 2.403209856783e+00 3.862903224731e+00 -3.051152893908e+01 7.788426610329e+01 8.259392891114e+01 3.772285327915e+04
2.012542235561e+03 1.020000000000e+00 4.061507555516e+01 4.600000000000e+00 3.680764824426e-01 3.623293962464e+02 3.936990145905e+01 2.838041912292e+00 4.168298258875e+00 -2.976028373823e+01 7.800222114123e+01 7.997145051000e+01 4.136975102125e+04
2.012542349601e+03 1.020000000000e+00 4.061507555516e+01 4.600000000000e+00 3.578090118302e-01 3.614978902826e+02 4.030774017199e+01 2.186055646018e+00 5.435380810907e+00 -2.912843816892e+01 7.786346997872e+01 7.754624777498e+01 5.555365791581e+04
2.012542463641e+03 1.020000000000e+00 4.061507555516e+01 4.600000000000e+00 3.402118463158e-01 3.617551903595e+02 3.988727619197e+01 -8.206150027923e-01 8.414667432419e+00 -2.862049980058e+01 7.737170164421e+01 7.530259596741e+01 9.051877881817e+04
2.012542577682e+03 1.020000000000e+00 4.061507555516e+01 4.600000000000e+00 3.186717640223e-01 3.629222078245e+02 3.683481574018e+01 -7.152405793115e+00 1.256867890064e+01 -2.831140294693e+01 7.655802690428e+01 7.319412848187e+01 1.439135049150e+05
2.012542691722e+03 1.020000000000e+00 4.061507555516e+01 4.600000000000e+00 2.999372316633e-01 3.658305181189e+02 2.922643745445e+01 -1.492286871479e+01 1.714466311362e+01 -2.818987436339e+01 7.525127443516e+01 7.149723906956e+01 2.077604523382e+05
2.012542805762e+03 1.020000000000e+00 4.061507555516e+01 4.600000000000e+00 2.875447234486e-01 3.688561149777e+02 1.945087264681e+01 -2.241138789276e+01 2.138278577966e+01 -2.854396499196e+01 7.347526133679e+01 7.031673240742e+01 2.697490264843e+05
2.012542919802e+03 1.020000000000e+00 4.061507555516e+01 4.600000000000e+00 2.799967975874e-01 3.713142722423e+02 9.207025294344e+00 -2.660805677116e+01 2.469472485554e+01 -2.965205746466e+01 7.125187505073e+01 6.958460390039e+01 3.195816175203e+05
2.012543033843e+03 1.020000000000e+00 4.061507555516e+01 4.600000000000e+00 2.756541713008e-01 3.735465693541e+02 1.043332939046e+00 -2.787445224916e+01 2.677275096990e+01 -3.131736573667e+01 6.889733912267e+01 6.928444941086e+01 3.516955678970e+05
2.012543147883e+03 1.020000000000e+00 4.061507555516e+01 4.600000000000e+00 2.767252951653e-01 3.749412412101e+02 -3.045346220922e+00 -2.785397580404e+01 2.789357243907e+01 -3.305625075470e+01 6.665942307523e+01 6.915776097846e+01 3.649935394159e+05
2.012543261923e+03 1.020000000000e+00 4.061507555516e+01 4.600000000000e+00 3.110776969448e-01 3.756711317840e+02 -4.014091346807e+00 -2.705798882608e+01 2.875887629502e+01 -3.461978181755e+01 6.480015599881e+01 6.890199742711e+01 3.476197221403e+05
2.012543375963e+03 1.020000000000e+00 4.061507555516e+01 4.600000000000e+00 4.696689548421e-01 3.756605953164e+02 -3.626668913562e+00 -2.496839630995e+01 2.987911530425e+01 -3.596856277145e+01 6.336878625874e+01 6.841951172900e+01 2.632203012789e+05
2.012543490004e+03 1.020000000000e+00 4.061507555516e+01 4.600000000000e+00 9.324526796757e-01 3.749905628292e+02 -2.149783615499e+00 -2.244128957864e+01 3.170225528174e+01 -3.715162954367e+01 6.236273985417e+01 6.778779642548e+01 1.330773580444e+05
2.012543604044e+03 1.020000000000e+00 4.061507555516e+01 4.600000000000e+00 1.600992971629e+00 3.738430659811e+02 4.445895074516e-02 -1.992375652261e+01 3.438772434817e+01 -3.822610451884e+01 6.168810027725e+01 6.726516177184e+01 8.070384808211e+04
2.012543718084e+03 1.020000000000e+00 4.161507555516e+01 4.700000000000e+00 2.292537308872e+00 3.714501780227e+02 2.463796293732e+00 -1.781916221656e+01 3.826065305098e+01 -3.915337703407e+01 5.970910018773e+01 6.817218398766e+01 6.158175813731e+04
2.012543832124e+03 1.020000000000e+00 4.161507555516e+01 4.700000000000e+00 3.087396046354e+00 3.706090199979e+02 5.061842859299e+00 -1.557332403142e+01 4.179757063576e+01 -4.031070915134e+01 5.997512417665e+01 6.839563870807e+01 4.953583865063e+04
2.012543946165e+03 1.020000000000e+00 4.161507555516e+01 4.700000000000e+00 3.877346587861e+00 3.697846998230e+02 7.698436276811e+00 -1.418148683219e+01 4.493152037610e+01 -4.155266944879e+01 6.121031919661e+01 6.870609139900e+01 4.221128108409e+04
2.012544060205e+03 1.020000000000e+00 4.161507555516e+01 4.700000000000e+00 4.609557261894e+00 3.690138640479e+02 9.857034483043e+00 -1.345224537788e+01 4.751527499103e+01 -4.290561252988e+01 6.308968258008e+01 6.920335617048e+01 3.743585106318e+04
2.012544174245e+03 1.020000000000e+00 4.161507555516e+01 4.700000000000e+00 5.228866297071e+00 3.684373602044e+02 1.121760534331e+01 -1.300500556509e+01 4.991560863440e+01 -4.433186006988e+01 6.530718185583e+01 7.005297418689e+01 3.459431251892e+04
2.012544288285e+03 1.020000000000e+00 4.161507555516e+01 4.700000000000e+00 5.744792985913e+00 3.680989024745e+02 1.178998198977e+01 -1.278638921809e+01 5.337143593353e+01 -4.569702223118e+01 6.783343544886e+01 7.079803122688e+01 3.360718156051e+04
2.012544402326e+03 1.020000000000e+00 4.161507555516e+01 4.700000000000e+00 6.433775493860e+00 3.682526569072e+02 1.184153833853e+01 -1.322214725483e+01 6.204341287253e+01 -4.679973920717e+01 7.043104355213e+01 7.072246492665e+01 3.473885618981e+04
2.012544516366e+03 1.020000000000e+00 4.161507555516e+01 4.700000000000e+00 7.742161207770e+00 3.688860707746e+02 1.122799120129e+01 -1.503848969473e+01 8.163864999915e+01 -4.745342769706e+01 7.241296115193e+01 6.990431513863e+01 3.790950382463e+04
2.012544630406e+03 1.020000000000e+00 4.161507555516e+01 4.700000000000e+00 9.475675816151e+00 3.697422360732e+02 9.128856508791e+00 -1.772993861767e+01 1.106806719810e+02 -4.764442139735e+01 7.388081915699e+01 6.879183033134e+01 4.204132856400e+04
2.012544744446e+03 1.020000000000e+00 4.161507555516e+01 4.700000000000e+00 1.135570450821e+01 3.706840404379e+02 5.889886815285e+00 -2.060439484866e+01 1.456133758248e+02 -4.750904839180e+01 7.555556640091e+01 6.691044623822e+01 4.623577506944e+04
2.012544858487e+03 1.020000000000e+00 4.161507555516e+01 4.700000000000e+00 1.319150371587e+01 3.717830986977e+02 1.897552894440e+00 -2.296348804001e+01 1.833592616662e+02 -4.718377258990e+01 7.816606493781e+01 6.280485086266e+01 5.018315149541e+04
2.012544972527e+03 1.020000000000e+00 4.161507555516e+01 4.700000000000e+00 1.476521999724e+01 3.730586426367e+02 -2.256280223356e+00 -2.453362504591e+01 2.211044389539e+02 -4.676881163749e+01 8.141882201866e+01 5.659335645247e+01 5.412844013983e+04
2.012545086567e+03 1.020000000000e+00 4.161507555516e+01 4.700000000000e+00 1.558105791390e+01 3.744080580975e+02 -6.238425559881e+00 -2.538803535848e+01 2.546464699735e+02 -4.627687459781e+01 8.475107335481e+01 4.944240191441e+01 5.915594543755e+04
2.012545200607e+03 1.020000000000e+00 4.161507555516e+01 4.700000000000e+00 1.569791302971e+01 3.757749732340e+02 -9.890381426816e+00 -2.568607634169e+01 2.806264572589e+02 -4.571306465186e+01 8.769553958552e+01 4.230585982889e+01 6.474118463831e+04
2.012545314648e+03 1.020000000000e+00 4.161507555516e+01 4.700000000000e+00 1.553233505527e+01 3.771031555800e+02 -1.304023564255e+01 -2.564822018294e+01 2.981904596601e+02 -4.511243859694e+01 8.995494878979e+01 3.583412323933e+01 6.953382867753e+04
2.012545428688e+03 1.020000000000e+00 4.161507555516e+01 4.700000000000e+00 1.523372622609e+01 3.784394421492e+02 -1.557879238910e+01 -2.535294382517e+01 3.076795794072e+02 -4.452631141539e+01 9.131861087425e+01 3.032603804600e+01 7.315900949927e+04
2.012545542728e+03 1.020000000000e+00 4.161507555516e+01 4.700000000000e+00 1.476624696284e+01 3.799153664658e+02 -1.749027814350e+01 -2.445176425951e+01 3.110859883783e+02 -4.394678859242e+01 9.191991930084e+01 2.576583497153e+01 7.634630066541e+04
2.012545656768e+03 1.020000000000e+00 4.161507555516e+01 4.700000000000e+00 1.388450291496e+01 3.824205769160e+02 -1.859499981058e+01 -2.253419798613e+01 3.079851475700e+02 -4.332031453160e+01 9.116546434685e+01 2.125831319937e+01 8.046227596988e+04
2.012545770809e+03 1.020000000000e+00 4.161507555516e+01 4.700000000000e+00 1.258738493628e+01 3.874618354629e+02 -1.895102167174e+01 -2.006737843731e+01 2.952913380866e+02 -4.247532703677e+01 8.788395895129e+01 1.631483972678e+01 8.496523815492e+04
2.012545884849e+03 1.020000000000e+00 4.161507555516e+01 4.700000000000e+00 1.093435079596e+01 3.964112396713e+02 -1.845715221192e+01 -1.702154192950e+01 2.577514147880e+02 -4.110708552269e+01 7.774460154797e+01 1.123700796136e+01 8.495206026553e+04
2.012545998889e+03 1.020000000000e+00 4.161507555516e+01 4.700000000000e+00 9.014429595594e+00 4.087770643173e+02 -1.568877807582e+01 -1.288669712956e+01 1.923246846102e+02 -3.903896101647e+01 6.244556700323e+01 7.380530539291e+00 7.663982344535e+04
2.012546112929e+03 1.020000000000e+00 4.161507555516e+01 4.700000000000e+00 7.288761707555e+00 4.219201749063e+02 -9.996222900309e+00 -8.440384762594e+00 1.336471296384e+02 -3.704062172057e+01 4.812589554661e+01 4.749408257018e+00 6.600029578897e+04
2.012546226970e+03 1.020000000000e+00 4.161507555516e+01 4.700000000000e+00 6.112856114241e+00 4.319026785686e+02 -5.086868932446e+00 -5.121520350782e+00 9.728380408957e+01 -3.558571349808e+01 3.845485114789e+01 2.921856053576e+00 5.754773546903e+04
2.012546341010e+03 1.020000000000e+00 4.161507555516e+01 4.700000000000e+00 5.577867481815e+00 4.366808021222e+02 -2.860545816034e+00 -3.541473051906e+00 8.284326722072e+01 -3.474504079504e+01 3.408965139748e+01 1.932738391333e+00 5.377786234743e+04
2.012546455050e+03 1.020000000000e+00 4.251507555516e+01 4.800000000000e+00 5.354721267837e+00 4.387446199919e+02 -2.086165796121e+00 -2.998002111438e+00 7.771461412913e+01 -3.424247659088e+01 3.246514405606e+01 1.586718003686e+00 5.255835209477e+04
2.012546569090e+03 1.020000000000e+00 4.251507555516e+01 4.800000000000e+00 5.223628772891e+00 4.398006204905e+02 -1.664893318741e+00 -2.723841448016e+00 7.478420125178e+01 -3.407881502906e+01 3.161658310925e+01 1.378994048465e+00 5.184686077894e+04
2.012546683131e+03 1.020000000000e+00 4.251507555516e+01 4.800000000000e+00 5.133335762894e+00 4.404584350384e+02 -1.417043099903e+00 -2.594586745964e+00 7.283759296349e+01 -3.423268334035e+01 3.113980916739e+01 1.255035921107e+00 5.138536780442e+04
2.012546797171e+03 1.020000000000e+00 4.251507555516e+01 4.800000000000e+00 5.080495490222e+00 4.409800134380e+02 -1.178044294786e+00 -2.531008828896e+00 7.170580189033e+01 -3.433982337810e+01 3.080820341941e+01 1.142917261016e+00 5.111194800115e+04
2.012546911211e+03 1.020000000000e+00 4.251507555516e+01 4.800000000000e+00 5.075315570971e+00 4.414626774424e+02 -8.183599329316e-01 -2.506190946793e+00 7.160246148621e+01 -3.435149545760e+01 3.052042354857e+01 9.794402458480e-01 5.108995528047e+04
2.012547025251e+03 1.020000000000e+00 4.251507555516e+01 4.800000000000e+00 5.082602067688e+00 4.419889700226e+02 -4.328941904333e-01 -2.495263435821e+00 7.177816426531e+01 -3.434075119110e+01 3.028272852111e+01 7.919925077275e-01 5.114192110030e+04
2.012547139292e+03 1.020000000000e+00 4.251507555516e+01 4.800000000000e+00 5.092178715126e+00 4.426028352742e+02 -9.486627602599e-02 -2.488181296157e+00 7.200553361108e+01 -3.436492600020e+01 3.016567005459e+01 6.023336843465e-01 5.120728604818e+04
2.012547253332e+03 1.020000000000e+00 4.251507555516e+01 4.800000000000e+00 5.108136950362e+00 4.433150609301e+02 1.781174705283e-01 -2.483574950737e+00 7.237045148050e+01 -3.443912092827e+01 3.017813269515e+01 4.146355609909e-01 5.130565744718e+04
2.012547367372e+03 1.020000000000e+00 4.251507555516e+01 4.800000000000e+00 5.137040255839e+00 4.440994252623e+02 3.720432035385e-01 -2.484063469854e+00 7.302136625522e+01 -3.455655263826e+01 3.021822484736e+01 2.321607395361e-01 5.147502761206e+04
2.012547481412e+03 1.020000000000e+00 4.251507555516e+01 4.800000000000e+00 5.187916831247e+00 4.448861438285e+02 4.679475176630e-01 -2.495671811747e+00 7.414678267185e+01 -3.470396969611e+01 3.032272608107e+01 6.282071954449e-02 5.175475759786e+04
2.012547595453e+03 1.020000000000e+00 4.251507555516e+01 4.800000000000e+00 5.263455708548e+00 4.456498621114e+02 5.059066737340e-01 -2.516955478140e+00 7.580862517341e+01 -3.486200448563e+01 3.052025968961e+01 -8.450411943755e-02 5.215471219918e+04
2.012547709493e+03 1.020000000000e+00 4.251507555516e+01 4.800000000000e+00 5.356127461919e+00 4.464713287181e+02 5.225502476100e-01 -2.541071886551e+00 7.785262814892e+01 -3.500162277313e+01 3.072981089600e+01 -2.044918074551e-01 5.263375669768e+04
2.012547823533e+03 1.020000000000e+00 4.251507555516e+01 4.800000000000e+00 5.462708092611e+00 4.473868533200e+02 5.218707356405e-01 -2.565265959678e+00 8.022820963593e+01 -3.508866728272e+01 3.091209371077e+01 -2.946109393069e-01 5.318104682879e+04
2.012547937573e+03 1.020000000000e+00 4.251507555516e+01 4.800000000000e+00 5.582772669765e+00 4.484042275055e+02 4.597253751829e-01 -2.587743366241e+00 8.293773737464e+01 -3.509352135827e+01 3.105694359533e+01 -3.544279779501e-01 5.379416044777e+04
2.012548051613e+03 1.020000000000e+00 4.251507555516e+01 4.800000000000e+00 5.716106716583e+00 4.495162872651e+02 3.379056947581e-01 -2.603557311361e+00 8.598702348902e+01 -3.500111143465e+01 3.116971229765e+01 -3.899694048830e-01 5.447040219111e+04
2.012548165654e+03 1.020000000000e+00 4.251507555516e+01 4.800000000000e+00 5.861449544371e+00 4.507146412401e+02 1.825713913972e-01 -2.619474803947e+00 8.935848248083e+01 -3.481138643289e+01 3.125713840075e+01 -4.029638521630e-01 5.520194229813e+04
2.012548279694e+03 1.020000000000e+00 4.251507555516e+01 4.800000000000e+00 6.014546539181e+00 4.520018118914e+02 6.695213628835e-03 -2.636992697497e+00 9.302163030262e+01 -3.453841397415e+01 3.132979397404e+01 -4.049729864325e-01 5.600132884953e+04
2.012548393734e+03 1.020000000000e+00 4.251507555516e+01 4.800000000000e+00 6.145168956007e+00 4.533943502301e+02 -1.826358634220e-01 -2.659025961876e+00 9.694530892245e+01 -3.420433958756e+01 3.140479125917e+01 -3.862927612417e-01 5.712198624796e+04
2.012548507774e+03 1.020000000000e+00 4.251507555516e+01 4.800000000000e+00 6.230592717805e+00 4.549055035061e+02 -3.927098639582e-01 -2.695732872588e+00 1.010883157594e+02 -3.382978904333e+01 3.149205413665e+01 -2.850550635698e-01 5.874671554689e+04
2.012548621815e+03 1.020000000000e+00 4.251507555516e+01 4.800000000000e+00 6.301860305053e+00 4.565188832889e+02 -6.503455610128e-01 -2.735553773256e+00 1.053633325486e+02 -3.342572381249e+01 3.157590715422e+01 -8.764234179309e-02 6.053886793067e+04
2.012548735855e+03 1.020000000000e+00 4.251507555516e+01 4.800000000000e+00 6.372074548589e+00 4.581854203332e+02 -9.895165310415e-01 -2.804115768340e+00 1.095967502577e+02 -3.299403796933e+01 3.160522052258e+01 1.561110086280e-01 6.227816731254e+04
2.012548849895e+03 1.020000000000e+00 4.251507555516e+01 4.800000000000e+00 6.436558379296e+00 4.598387389091e+02 -1.420754908206e+00 -2.895706873081e+00 1.135129009982e+02 -3.253873410244e+01 3.151184813358e+01 4.340217943676e-01 6.385876555178e+04
2.012548963935e+03 1.020000000000e+00 4.251507555516e+01 4.800000000000e+00 6.482091075735e+00 4.614066643703e+02 -1.916636670530e+00 -2.990664217997e+00 1.167605485234e+02 -3.206863825936e+01 3.127892646080e+01 7.405911174120e-01 6.522657092926e+04
2.012549077976e+03 1.020000000000e+00 4.251507555516e+01 4.800000000000e+00 6.486984387389e+00 4.628392744917e+02 -2.440611874825e+00 -3.070407851410e+00 1.189163820794e+02 -3.159380482261e+01 3.098560861508e+01 1.058906985047e+00 6.638314722176e+04
2.012549192016e+03 1.020000000000e+00 4.351507555516e+01 4.900000000000e+00 6.441909658204e+00 4.639877402759e+02 -2.770629399856e+00 -3.145106869095e+00 1.196977805592e+02 -3.126979741498e+01 3.055326772441e+01 1.361254501171e+00 6.728930290529e+04
2.012549306056e+03 1.020000000000e+00 4.351507555516e+01 4.900000000000e+00 6.336184191701e+00 4.651476077357e+02 -3.258322974983e+00 -3.158098564571e+00 1.193445779100e+02 -3.080662616524e+01 3.005021354328e+01 1.630036920850e+00 6.821097078399e+04
2.012549420096e+03 1.020000000000e+00 4.351507555516e+01 4.900000000000e+00 6.210948701530e+00 4.661770270172e+02 -3.620248029030e+00 -3.147578076878e+00 1.178472630164e+02 -3.033992416676e+01 2.952286312387e+01 1.830678980625e+00 6.871366014308e+04
2.012549534137e+03 1.020000000000e+00 4.351507555516e+01 4.900000000000e+00 6.069622501512e+00 4.671199214003e+02 -3.838873749749e+00 -3.108236845894e+00 1.154839102129e+02 -2.986110474733e+01 2.900059892178e+01 1.953630062436e+00 6.890420149071e+04
2.012549648177e+03 1.020000000000e+00 4.351507555516e+01 4.900000000000e+00 5.897004742868e+00 4.680170380293e+02 -3.930914336284e+00 -3.008583723132e+00 1.124557758865e+02 -2.936785634243e+01 2.848410870315e+01 2.023642836369e+00 6.906178702422e+04
2.012549762217e+03 1.020000000000e+00 4.351507555516e+01 4.900000000000e+00 5.716661653916e+00 4.688989381076e+02 -3.949661030334e+00 -2.875817528514e+00 1.091514955893e+02 -2.887431855328e+01 2.796798879888e+01 2.039376130230e+00 6.914708280964e+04
2.012549876257e+03 1.020000000000e+00 4.351507555516e+01 4.900000000000e+00 5.543158746090e+00 4.697699039196e+02 -3.939637618171e+00 -2.728989763576e+00 1.058005404468e+02 -2.840987671200e+01 2.745253342954e+01 2.023230267564e+00 6.912187298247e+04
2.012549990298e+03 1.020000000000e+00 4.351507555516e+01 4.900000000000e+00 5.384254190272e+00 4.706254862984e+02 -3.898349831563e+00 -2.584046762508e+00 1.024735512063e+02 -2.800642552807e+01 2.694064323538e+01 1.962225659380e+00 6.892395850784e+04
2.012550104338e+03 1.020000000000e+00 4.351507555516e+01 4.900000000000e+00 5.243060197104e+00 4.714641107067e+02 -3.814564464108e+00 -2.432597046879e+00 9.927707233379e+01 -2.768467056051e+01 2.643135331462e+01 1.825694814350e+00 6.857213269197e+04
2.012550218378e+03 1.020000000000e+00 4.351507555516e+01 4.900000000000e+00 5.119150373133e+00 4.722836239557e+02 -3.731497810325e+00 -2.270709031707e+00 9.623376490949e+01 -2.744924542992e+01 2.592365153705e+01 1.670061877719e+00 6.807900132474e+04
2.012550332418e+03 1.020000000000e+00 4.351507555516e+01 4.900000000000e+00 5.009417604203e+00 4.730773423447e+02 -3.653642452933e+00 -2.105324929546e+00 9.340183212326e+01 -2.729135962480e+01 2.541410023454e+01 1.515494104785e+00 6.752309668986e+04
2.012550446459e+03 1.020000000000e+00 4.351507555516e+01 4.900000000000e+00 4.909638265817e+00 4.738338095026e+02 -3.565043715607e+00 -1.944082710973e+00 9.083113854264e+01 -2.719298125704e+01 2.489578883232e+01 1.365209260574e+00 6.699921048566e+04
2.012550560499e+03 1.020000000000e+00 4.351507555516e+01 4.900000000000e+00 4.825089375048e+00 4.745403333456e+02 -3.446766498086e+00 -1.790715817190e+00 8.859041521692e+01 -2.713334662697e+01 2.435941107249e+01 1.220084733387e+00 6.649157136079e+04
2.012550674539e+03 1.020000000000e+00 4.351507555516e+01 4.900000000000e+00 4.760149782629e+00 4.752011091853e+02 -3.321039181867e+00 -1.647260633118e+00 8.654660789108e+01 -2.709407122729e+01 2.382608405248e+01 1.083992270673e+00 6.584385216068e+04
2.012550788579e+03 1.020000000000e+00 4.351507555516e+01 4.900000000000e+00 4.703760510284e+00 4.758233091743e+02 -3.198369069378e+00 -1.512761331620e+00 8.465276045129e+01 -2.706290262469e+01 2.330661324244e+01 9.601015782968e-01 6.517494035143e+04
2.012550902620e+03 1.020000000000e+00 4.351507555516e+01 4.900000000000e+00 4.648415530455e+00 4.764079948318e+02 -3.069663476419e+00 -1.386230202845e+00 8.293683977261e+01 -2.703305462427e+01 2.279671489930e+01 8.506639875445e-01 6.461393780726e+04
2.012551016660e+03 1.020000000000e+00 4.351507555516e+01 4.900000000000e+00 4.595822495819e+00 4.769535747622e+02 -2.927437845811e+00 -1.268112082356e+00 8.141760817529e+01 -2.700190304550e+01 2.229472037299e+01 7.585018673635e-01 6.415609798592e+04
2.012551130700e+03 1.020000000000e+00 4.351507555516e+01 4.900000000000e+00 4.548385027728e+00 4.774566830306e+02 -2.771627433431e+00 -1.158305870822e+00 8.008804188421e+01 -2.696991174620e+01 2.180527079942e+01 6.864497081864e-01 6.376650077356e+04
2.012551244740e+03 1.020000000000e+00 4.351507555516e+01 4.900000000000e+00 4.506655621725e+00 4.779097585761e+02 -2.609146948047e+00 -1.055389612342e+00 7.892925134007e+01 -2.693893447907e+01 2.133690098218e+01 6.365256456125e-01 6.342567051259e+04
2.012551358781e+03 1.020000000000e+00 4.351507555516e+01 4.900000000000e+00 4.470013471458e+00 4.783018816188e+02 -2.450812896346e+00 -9.565230989541e-01 7.791849483408e+01 -2.691105620229e+01 2.089756507002e+01 6.089393605529e-01 6.312665991056e+04
2.012551472821e+03 1.020000000000e+00 4.351507555516e+01 4.900000000000e+00 4.437236329186e+00 4.786239458264e+02 -2.308148126536e+00 -8.578606369468e-01 7.702260045815e+01 -2.688733331497e+01 2.049160732382e+01 5.994616210205e-01 6.286170395045e+04
2.012551586861e+03 1.020000000000e+00 4.351507555516e+01 4.900000000000e+00 4.408721971191e+00 4.788590233947e+02 -2.200947387519e+00 -7.561287262185e-01 7.624802721855e+01 -2.686826458159e+01 2.013066657838e+01 5.982227464429e-01 6.263164819012e+04
2.012551700901e+03 1.020000000000e+00 4.351507555516e+01 4.900000000000e+00 4.392329850459e+00 4.789723687115e+02 -2.161358903484e+00 -6.525310448939e-01 7.578904020320e+01 -2.685432800385e+01 1.985200982572e+01 6.074432186409e-01 6.248688898794e+04
2.012551814942e+03 1.020000000000e+00 4.351507555516e+01 4.900000000000e+00 4.380094183750e+00 4.790321092528e+02 -2.150817916513e+00 -5.510877190176e-01 7.543286741542e+01 -2.684483995420e+01 1.961158910385e+01 6.324238779993e-01 6.236706592306e+04
2.012551928982e+03 1.020000000000e+00 4.441507555516e+01 5.000000000000e+00 4.377565451526e+00 4.789884958680e+02 -2.076268771898e+00 -4.780209868341e-01 7.531136105298e+01 -2.696759697052e+01 1.945552517713e+01 6.255665688331e-01 6.230235956221e+04
2.012552043022e+03 1.020000000000e+00 4.441507555516e+01 5.000000000000e+00 4.365962238501e+00 4.789497738624e+02 -2.097656697653e+00 -3.893766676530e-01 7.498387078218e+01 -2.695427334635e+01 1.924733246607e+01 6.472866336007e-01 6.219627340202e+04
2.012552157062e+03 1.020000000000e+00 4.441507555516e+01 5.000000000000e+00 4.356412568272e+00 4.788390419641e+02 -2.160460220748e+00 -3.154217609636e-01 7.470419004240e+01 -2.694486694997e+01 1.909490187528e+01 6.526787919764e-01 6.210006830828e+04
2.012552271103e+03 1.020000000000e+00 4.441507555516e+01 5.000000000000e+00 4.349045685642e+00 4.786982704570e+02 -2.237977422358e+00 -2.607551344837e-01 7.447563540691e+01 -2.693610237461e+01 1.900207714117e+01 6.485437704207e-01 6.201494699655e+04
2.012552385143e+03 1.020000000000e+00 4.441507555516e+01 5.000000000000e+00 4.342448684037e+00 4.785281457741e+02 -2.316538804755e+00 -2.286018819097e-01 7.426035124229e+01 -2.692216780006e+01 1.892090783828e+01 6.362378509579e-01 6.192964355375e+04
2.012552499183e+03 1.020000000000e+00 4.441507555516e+01 5.000000000000e+00 4.335544596158e+00 4.783243557068e+02 -2.393170756949e+00 -2.128023418905e-01 7.403266222595e+01 -2.689869896466e+01 1.883963821468e+01 6.092485002579e-01 6.183808664683e+04
2.012552613223e+03 1.020000000000e+00 4.441507555516e+01 5.000000000000e+00 4.327793941046e+00 4.780855209826e+02 -2.471975730618e+00 -2.111723943016e-01 7.378240053203e+01 -2.686178345056e+01 1.875705911040e+01 5.618765749186e-01 6.173942432395e+04
2.012552727264e+03 1.020000000000e+00 4.441507555516e+01 5.000000000000e+00 4.318851315605e+00 4.778114393406e+02 -2.561060624769e+00 -2.221525125767e-01 7.350112160008e+01 -2.680880174693e+01 1.866984724280e+01 4.985044035640e-01 6.163142948580e+04
2.012552841304e+03 1.020000000000e+00 4.441507555516e+01 5.000000000000e+00 4.308285314007e+00 4.775040905125e+02 -2.668031383064e+00 -2.441150017415e-01 7.317670861797e+01 -2.673805882440e+01 1.857379685963e+01 4.262393996649e-01 6.150993465818e+04
2.012552955344e+03 1.020000000000e+00 4.441507555516e+01 5.000000000000e+00 4.295443807218e+00 4.771681847655e+02 -2.799885190068e+00 -2.705402976323e-01 7.279340716043e+01 -2.664816455537e+01 1.846675381553e+01 3.503623914862e-01 6.137074247365e+04
2.012553069384e+03 1.020000000000e+00 4.441507555516e+01 5.000000000000e+00 4.279531450068e+00 4.768098545771e+02 -2.961885957305e+00 -2.950988882909e-01 7.233221639065e+01 -2.653901538920e+01 1.834835739135e+01 2.738487130912e-01 6.120876757841e+04
2.012553183425e+03 1.020000000000e+00 4.441507555516e+01 5.000000000000e+00 4.259876259323e+00 4.764341095123e+02 -3.156522082683e+00 -3.147597414907e-01 7.177685114956e+01 -2.641250330549e+01 1.821969650649e+01 1.979233396722e-01 6.101917288342e+04
2.012553297465e+03 1.020000000000e+00 4.441507555516e+01 5.000000000000e+00 4.235994226962e+00 4.760429388387e+02 -3.383421807430e+00 -3.280135272441e-01 7.111519561048e+01 -2.627198653772e+01 1.808297628716e+01 1.232370036382e-01 6.079764610679e+04
2.012553411505e+03 1.020000000000e+00 4.441507555516e+01 5.000000000000e+00 4.207650056899e+00 4.756368203777e+02 -3.639382709784e+00 -3.330757890642e-01 7.034075323043e+01 -2.612089421066e+01 1.794149795135e+01 5.052880921961e-02 6.054073272695e+04
2.012553525545e+03 1.020000000000e+00 4.441507555516e+01 5.000000000000e+00 4.175258134202e+00 4.752179853032e+02 -3.917418571122e+00 -3.310621252633e-01 6.946179174099e+01 -2.596273220471e+01 1.780039982882e+01 -1.960967345950e-02 6.024810527428e+04
2.012553639586e+03 1.020000000000e+00 4.441507555516e+01 5.000000000000e+00 4.138838028115e+00 4.747784451804e+02 -4.212013774893e+00 -3.243707041024e-01 6.847611534375e+01 -2.580083263368e+01 1.765872450498e+01 -8.646918587254e-02 5.991582025623e+04
2.012553753626e+03 1.020000000000e+00 4.441507555516e+01 5.000000000000e+00 4.099474238533e+00 4.743173293567e+02 -4.513857976644e+00 -3.137361978082e-01 6.740807669632e+01 -2.563778060099e+01 1.751952754077e+01 -1.501090946962e-01 5.954760391573e+04
2.012553867666e+03 1.020000000000e+00 4.441507555516e+01 5.000000000000e+00 4.058026900885e+00 4.738286659791e+02 -4.815809660149e+00 -3.028553541900e-01 6.627646433258e+01 -2.547512472164e+01 1.738213413142e+01 -2.116371886710e-01 5.914586990519e+04
2.012553981706e+03 1.020000000000e+00 4.441507555516e+01 5.000000000000e+00 4.015268877774e+00 4.733051740196e+02 -5.112364916292e+00 -2.935966162845e-01 6.509843967134e+01 -2.531278124473e+01 1.724455100246e+01 -2.717407799293e-01 5.871314243953e+04
2.012554095747e+03 1.020000000000e+00 4.441507555516e+01 5.000000000000e+00 3.971773973246e+00 4.727386587131e+02 -5.400878719638e+00 -2.858784515944e-01 6.388727015493e+01 -2.514917665887e+01 1.710285375143e+01 -3.294231654841e-01 5.825168810256e+04
2.012554209787e+03 1.020000000000e+00 4.441507555516e+01 5.000000000000e+00 3.927988586869e+00 4.721232317098e+02 -5.682690074075e+00 -2.780879776532e-01 6.265448470794e+01 -2.498094240881e+01 1.695013460286e+01 -3.819821817795e-01 5.776436765358e+04
2.012554323827e+03 1.020000000000e+00 4.441507555516e+01 5.000000000000e+00 3.884350989430e+00 4.714610544464e+02 -5.965411388047e+00 -2.672866539497e-01 6.141367965792e+01 -2.480108579458e+01 1.677796598207e+01 -4.256301651603e-01 5.725641122668e+04
2.012554437867e+03 1.020000000000e+00 4.441507555516e+01 5.000000000000e+00 3.841308828539e+00 4.707647970248e+02 -6.264120277696e+00 -2.523280260699e-01 6.018202594183e+01 -2.459879069903e+01 1.658209639386e+01 -4.566673038624e-01 5.673674127419e+04
2.012554551908e+03 1.020000000000e+00 4.441507555516e+01 5.000000000000e+00 3.799707347172e+00 4.700520884303e+02 -6.594016586751e+00 -2.354217459209e-01 5.898916009614e+01 -2.436376727018e+01 1.636926557332e+01 -4.733785644483e-01 5.622092822468e+04
2.012554665948e+03 1.020000000000e+00 4.541507555516e+01 5.100000000000e+00 3.821892781534e+00 4.699972473687e+02 -6.515567236846e+00 -2.453623017003e-01 5.944657750617e+01 -2.443035962820e+01 1.653414895674e+01 -4.741254172140e-01 5.632461254276e+04
2.012554779988e+03 1.020000000000e+00 4.541507555516e+01 5.100000000000e+00 3.790159455481e+00 4.693376256188e+02 -6.820892021161e+00 -2.365006225757e-01 5.848962272516e+01 -2.417439908905e+01 1.637196963655e+01 -4.835167035976e-01 5.588190090631e+04
2.012554894028e+03 1.020000000000e+00 4.541507555516e+01 5.100000000000e+00 3.765972230223e+00 4.687318319196e+02 -7.063999055540e+00 -2.421680857587e-01 5.772664759499e+01 -2.392201970658e+01 1.625840635748e+01 -4.968897118289e-01 5.550747882312e+04
2.012555008069e+03 1.020000000000e+00 4.541507555516e+01 5.100000000000e+00 3.749879523604e+00 4.682405216852e+02 -7.166716278144e+00 -2.849120212876e-01 5.716899166393e+01 -2.370477954536e+01 1.619388720619e+01 -5.106573234856e-01 5.520750822986e+04
2.012555122109e+03 1.020000000000e+00 4.541507555516e+01 5.100000000000e+00 3.751856055615e+00 4.679881201244e+02 -7.130173716835e+00 -3.656242864646e-01 5.703157605082e+01 -2.354791908421e+01 1.625376370558e+01 -5.269713235469e-01 5.504620635990e+04
2.012555236149e+03 1.020000000000e+00 4.541507555516e+01 5.100000000000e+00 3.782606676398e+00 4.680162348852e+02 -6.969100906275e+00 -4.720762738883e-01 5.753966487162e+01 -2.346570568224e+01 1.653027710485e+01 -5.484079437486e-01 5.508514804074e+04
2.012555350189e+03 1.020000000000e+00 4.541507555516e+01 5.100000000000e+00 3.827783467701e+00 4.681402643674e+02 -6.644802201134e+00 -5.875429415316e-01 5.836199079833e+01 -2.346235443644e+01 1.694127889099e+01 -5.676079694922e-01 5.521300501477e+04
2.012555464230e+03 1.020000000000e+00 4.541507555516e+01 5.100000000000e+00 3.878041850033e+00 4.682759909627e+02 -6.246373448832e+00 -6.976407294135e-01 5.929849759011e+01 -2.353267187614e+01 1.740602970611e+01 -5.776479845510e-01 5.537219631839e+04
2.012555578270e+03 1.020000000000e+00 4.541507555516e+01 5.100000000000e+00 3.925617678717e+00 4.683965115332e+02 -5.831351504935e+00 -7.890627953932e-01 6.017005138351e+01 -2.365854519859e+01 1.788300790557e+01 -5.783963658268e-01 5.550549497740e+04
2.012555692310e+03 1.020000000000e+00 4.541507555516e+01 5.100000000000e+00 3.965597823266e+00 4.684753097977e+02 -5.438889098596e+00 -8.501282682422e-01 6.085514540569e+01 -2.381195207260e+01 1.832717059103e+01 -5.730624368752e-01 5.557187647276e+04
2.012555806350e+03 1.020000000000e+00 4.541507555516e+01 5.100000000000e+00 3.996225585899e+00 4.684071986308e+02 -5.091090648074e+00 -8.842615355381e-01 6.131245943940e+01 -2.396326982719e+01 1.870907954300e+01 -5.582415237631e-01 5.556045666434e+04
2.012555920391e+03 1.020000000000e+00 4.541507555516e+01 5.100000000000e+00 4.020144242527e+00 4.681724544771e+02 -4.796503254505e+00 -9.063425025487e-01 6.160570553511e+01 -2.409396418987e+01 1.902708273166e+01 -5.381317615680e-01 5.549394487102e+04
2.012556034431e+03 1.020000000000e+00 4.541507555516e+01 5.100000000000e+00 4.040515505540e+00 4.678401597726e+02 -4.554566643634e+00 -9.167797578088e-01 6.180647431365e+01 -2.419623044868e+01 1.928678139700e+01 -5.132980642135e-01 5.539396716060e+04
2.012556148471e+03 1.020000000000e+00 4.541507555516e+01 5.100000000000e+00 4.058881439826e+00 4.674321595121e+02 -4.359437740504e+00 -9.206207565698e-01 6.195369886300e+01 -2.426941586378e+01 1.948914241936e+01 -4.847654981166e-01 5.527455874602e+04
2.012556262511e+03 1.020000000000e+00 4.541507555516e+01 5.100000000000e+00 4.076125530780e+00 4.669569964780e+02 -4.200997591488e+00 -9.251229001494e-01 6.207435749153e+01 -2.431776006383e+01 1.963596092319e+01 -4.551796194098e-01 5.514786158840e+04
2.012556376552e+03 1.020000000000e+00 4.541507555516e+01 5.100000000000e+00 4.092848182079e+00 4.664212451400e+02 -4.062035614340e+00 -9.345660630921e-01 6.218334498409e+01 -2.434728390468e+01 1.973589662456e+01 -4.247738994350e-01 5.501893100019e+04
2.012556490592e+03 1.020000000000e+00 4.541507555516e+01 5.100000000000e+00 4.109956751942e+00 4.658379809750e+02 -3.926276671507e+00 -9.514747785477e-01 6.230079949836e+01 -2.436313038748e+01 1.980121962336e+01 -3.938055543201e-01 5.489328760074e+04
2.012556604632e+03 1.020000000000e+00 4.541507555516e+01 5.100000000000e+00 4.129137399346e+00 4.652319135753e+02 -3.784536457822e+00 -9.773637485210e-01 6.246578723060e+01 -2.436836384859e+01 1.984545092422e+01 -3.631984096682e-01 5.478273577557e+04
2.012556718672e+03 1.020000000000e+00 4.541507555516e+01 5.100000000000e+00 4.152320872663e+00 4.646335987944e+02 -3.630944656092e+00 -1.014868583017e+00 6.272368871815e+01 -2.436456040558e+01 1.988431404877e+01 -3.357013648897e-01 5.470136684001e+04
2.012556832713e+03 1.020000000000e+00 4.541507555516e+01 5.100000000000e+00 4.180680019630e+00 4.640659360988e+02 -3.463828923516e+00 -1.067176050844e+00 6.310362863972e+01 -2.435298614737e+01 1.992766134844e+01 -3.127398515595e-01 5.465905383328e+04
2.012556946753e+03 1.020000000000e+00 4.541507555516e+01 5.100000000000e+00 4.211896015650e+00 4.635208013628e+02 -3.270905215267e+00 -1.127901392941e+00 6.355484976523e+01 -2.433701931847e+01 1.998673336339e+01 -2.864006205413e-01 5.464178201310e+04
2.012557060793e+03 1.020000000000e+00 4.541507555516e+01 5.100000000000e+00 4.242151041471e+00 4.629649020033e+02 -3.063445072500e+00 -1.187560383668e+00 6.398701455468e+01 -2.432300269183e+01 2.005275960196e+01 -2.501221956366e-01 5.462118886944e+04
2.012557174833e+03 1.020000000000e+00 4.541507555516e+01 5.100000000000e+00 4.268734819807e+00 4.623599168346e+02 -2.890036523252e+00 -1.238108141417e+00 6.432993253267e+01 -2.431664148400e+01 2.008956389229e+01 -2.028916787169e-01 5.457223284232e+04
2.012557288874e+03 1.020000000000e+00 4.541507555516e+01 5.100000000000e+00 4.291134020343e+00 4.616827789127e+02 -2.799564733278e+00 -1.271272350350e+00 6.455990103584e+01 -2.432003172647e+01 2.004482466641e+01 -1.446203380884e-01 5.448163894109e+04
2.012557402914e+03 1.020000000000e+00 4.631507555516e+01 5.200000000000e+00 4.316234416528e+00 4.619356545828e+02 -2.807247452377e+00 -1.257325793866e+00 6.530893223581e+01 -2.451671457070e+01 1.974122348662e+01 -7.244704310532e-02 5.479568586790e+04
2.012557516954e+03 1.020000000000e+00 4.631507555516e+01 5.200000000000e+00 4.324363344891e+00 4.610984666780e+02 -2.822363825195e+00 -1.253740892170e+00 6.514224980020e+01 -2.454941302330e+01 1.947812474886e+01 1.621437240012e-02 5.455362641010e+04
2.012557630994e+03 1.020000000000e+00 4.631507555516e+01 5.200000000000e+00 4.311935895987e+00 4.600422949735e+02 -2.896094498797e+00 -1.232133412687e+00 6.448930759759e+01 -2.460332763016e+01 1.911234302738e+01 1.171364391709e-01 5.416320609906e+04
2.012557745035e+03 1.020000000000e+00 4.631507555516e+01 5.200000000000e+00 4.283599052058e+00 4.588261036426e+02 -2.987004470025e+00 -1.197731430938e+00 6.348794644031e+01 -2.467296092514e+01 1.863084668846e+01 2.149599957177e-01 5.367567566938e+04
2.012557859075e+03 1.020000000000e+00 4.631507555516e+01 5.200000000000e+00 4.242093403633e+00 4.575045109561e+02 -3.041288658315e+00 -1.163726585148e+00 6.223294511267e+01 -2.475008431747e+01 1.810209396627e+01 2.985373155392e-01 5.313021083350e+04
2.012557973115e+03 1.020000000000e+00 4.631507555516e+01 5.200000000000e+00 4.186994615782e+00 4.561050845434e+02 -3.055944794212e+00 -1.137677185082e+00 6.075280969006e+01 -2.483189444669e+01 1.759546704747e+01 3.602591878097e-01 5.254975725183e+04
2.012558087155e+03 1.020000000000e+00 4.631507555516e+01 5.200000000000e+00 4.117691646586e+00 4.546319815934e+02 -3.041497079701e+00 -1.123199350834e+00 5.906019931625e+01 -2.492382108712e+01 1.718900298790e+01 3.953846320041e-01 5.194596899013e+04
2.012558201196e+03 1.020000000000e+00 4.631507555516e+01 5.200000000000e+00 4.038597610754e+00 4.530977175387e+02 -2.958342570261e+00 -1.117842350897e+00 5.725782703051e+01 -2.503308621887e+01 1.689317774732e+01 4.090095956643e-01 5.134727717204e+04
2.012558315236e+03 1.020000000000e+00 4.631507555516e+01 5.200000000000e+00 3.952381032153e+00 4.515051368254e+02 -2.731985277609e+00 -1.128105950025e+00 5.539109936401e+01 -2.516232679953e+01 1.666148480981e+01 4.064317282657e-01 5.075686130093e+04
2.012558429276e+03 1.020000000000e+00 4.631507555516e+01 5.200000000000e+00 3.860907327193e+00 4.498608375945e+02 -2.368244688715e+00 -1.165088239205e+00 5.347362367579e+01 -2.531374990790e+01 1.647825992910e+01 3.915705182074e-01 5.016072599928e+04
2.012558543316e+03 1.020000000000e+00 4.631507555516e+01 5.200000000000e+00 3.766482317784e+00 4.481689899279e+02 -1.893189045726e+00 -1.235467814956e+00 5.152870612668e+01 -2.549336950714e+01 1.643264078898e+01 3.588661150190e-01 4.954806073370e+04
2.012558657356e+03 1.020000000000e+00 4.631507555516e+01 5.200000000000e+00 3.671815193006e+00 4.464212915470e+02 -1.338686395208e+00 -1.332915980594e+00 4.960618372703e+01 -2.570920536529e+01 1.652506088114e+01 2.989343728854e-01 4.892922998650e+04
2.012558771397e+03 1.020000000000e+00 4.631507555516e+01 5.200000000000e+00 3.579595552544e+00 4.446155536093e+02 -7.155905958326e-01 -1.453967003196e+00 4.770963737831e+01 -2.597350311815e+01 1.669776371789e+01 2.226986449710e-01 4.827068021678e+04
2.012558885437e+03 1.020000000000e+00 4.631507555516e+01 5.200000000000e+00 3.492182604437e+00 4.427594097178e+02 -4.595697929232e-03 -1.602402601585e+00 4.587650022114e+01 -2.630255320201e+01 1.694461196121e+01 1.361116700747e-01 4.757755473785e+04
2.012558999477e+03 1.020000000000e+00 4.631507555516e+01 5.200000000000e+00 3.415867196126e+00 4.408501172063e+02 8.259720706001e-01 -1.782331076460e+00 4.412353794688e+01 -2.671361763349e+01 1.727107727251e+01 4.662131117655e-02 4.678086314822e+04
