VARIABLES="time" "Distance" "lon" "lat" "density" "Vx" "Vy" "Vz" "p" "Bx" "By" "Bz" "T"
ZONE
DT=(DOUBLE DOUBLE DOUBLE DOUBLE DOUBLE DOUBLE DOUBLE DOUBLE DOUBLE DOUBLE DOUBLE DOUBLE DOUBLE )
2.012529234973e+03 1.020000000000e+00 3.591507555516e+01 4.200000000000e+00 3.652711505346e+00 4.177684221488e+02 7.070546155698e+00 -2.495022167756e+00 5.448854049228e+01 2.589592908127e+01 -8.701723017045e+00 -1.704747534736e+00 5.393331811807e+04
2.012529349013e+03 1.020000000000e+00 3.591507555516e+01 4.200000000000e+00 3.903202833374e+00 4.158196115199e+02 7.340565587187e+00 -1.329583821007e+00 5.995003876155e+01 2.288904737657e+01 -8.715980294206e+00 -5.343045652393e-01 5.552091706599e+04
2.012529463053e+03 1.020000000000e+00 3.591507555516e+01 4.200000000000e+00 4.208302510863e+00 4.143577701154e+02 7.379797602364e+00 -4.683467205378e-01 6.683595230242e+01 1.979479978681e+01 -8.630231237902e+00 4.775235883051e-01 5.741999675801e+04
2.012529577093e+03 1.020000000000e+00 3.591507555516e+01 4.200000000000e+00 4.521065477482e+00 4.130516063724e+02 7.252663438103e+00 3.731898310541e-02 7.409478726903e+01 1.679155663372e+01 -8.473536063887e+00 1.174904151339e+00 5.927367953126e+04
2.012529691134e+03 1.020000000000e+00 3.591507555516e+01 4.200000000000e+00 4.810908225710e+00 4.117652850988e+02 6.690424865382e+00 2.137844398206e-01 8.097763615994e+01 1.409177881491e+01 -8.299599059344e+00 1.511862639614e+00 6.089916541255e+04
2.012529805174e+03 1.020000000000e+00 3.591507555516e+01 4.200000000000e+00 5.066306087800e+00 4.104882391854e+02 5.506774891593e+00 1.302762661278e-01 8.715613141516e+01 1.184854255748e+01 -8.124906680124e+00 1.636758503909e+00 6.226142857226e+04
2.012529919214e+03 1.020000000000e+00 3.591507555516e+01 4.200000000000e+00 5.278334277020e+00 4.092336498352e+02 3.901115525303e+00 -3.146558901171e-01 9.236497109124e+01 1.010127823092e+01 -7.946145870004e+00 1.617046144366e+00 6.334727199225e+04
2.012530033254e+03 1.020000000000e+00 3.591507555516e+01 4.200000000000e+00 5.438415091503e+00 4.079879198204e+02 2.231460108717e+00 -9.870429345143e-01 9.657256115127e+01 8.782367248054e+00 -7.678240813423e+00 1.440013352031e+00 6.429240254744e+04
2.012530147295e+03 1.020000000000e+00 3.681507555516e+01 4.300000000000e+00 5.551844427043e+00 4.098110267439e+02 1.035310309332e+00 -2.269222294287e+00 9.760426406825e+01 1.103231125370e+01 -9.544930443406e+00 8.568938227319e-01 6.365780544410e+04
2.012530261335e+03 1.020000000000e+00 3.681507555516e+01 4.300000000000e+00 5.480315114719e+00 4.086357437318e+02 -4.146415041162e-01 -2.716695873943e+00 1.008032480619e+02 1.001309761383e+01 -8.556646803558e+00 9.343077759416e-02 6.660542502735e+04
2.012530375375e+03 1.020000000000e+00 3.681507555516e+01 4.300000000000e+00 5.363698712392e+00 4.075158606601e+02 -1.533306927925e+00 -3.111510249663e+00 1.027415884957e+02 9.054747465236e+00 -7.480332831798e+00 -5.450961592020e-01 6.936544779973e+04
2.012530489415e+03 1.020000000000e+00 3.681507555516e+01 4.300000000000e+00 5.231056537670e+00 4.062044276155e+02 -2.185394070449e+00 -3.362626547132e+00 1.028870092392e+02 8.036715483932e+00 -6.245957809711e+00 -9.397132639965e-01 7.122917171752e+04
2.012530603456e+03 1.020000000000e+00 3.681507555516e+01 4.300000000000e+00 5.082420832041e+00 4.043295967203e+02 -2.446773516704e+00 -3.452495136468e+00 1.007675057323e+02 6.846181740267e+00 -4.634230882542e+00 -1.087031378070e+00 7.180342192170e+04
2.012530717496e+03 1.020000000000e+00 3.681507555516e+01 4.300000000000e+00 4.939247001056e+00 4.020623564029e+02 -2.434429155271e+00 -3.409477804910e+00 9.782372340856e+01 5.394752258188e+00 -2.827414391575e+00 -1.103213369805e+00 7.172632430202e+04
2.012530831536e+03 1.020000000000e+00 3.681507555516e+01 4.300000000000e+00 4.814625999147e+00 3.994822715487e+02 -1.883648361949e+00 -3.057081902323e+00 9.485317488147e+01 3.622082590642e+00 -9.447161920832e-01 -9.700881785947e-01 7.134907619018e+04
2.012530945576e+03 1.020000000000e+00 3.681507555516e+01 4.300000000000e+00 4.705092723779e+00 3.965639110606e+02 -6.859141544465e-01 -2.126468138502e+00 9.207156497696e+01 1.498253453362e+00 1.040293108416e+00 -5.410757638171e-01 7.087141142185e+04
2.012531059617e+03 1.020000000000e+00 3.681507555516e+01 4.300000000000e+00 4.609692804908e+00 3.933197519942e+02 1.128613974079e+00 -8.917888371793e-01 8.933273965839e+01 -9.855418457651e-01 3.212943449818e+00 1.448772708219e-01 7.018756051560e+04
2.012531173657e+03 1.020000000000e+00 3.681507555516e+01 4.300000000000e+00 4.527716941892e+00 3.898409779434e+02 3.225825056519e+00 2.992154270556e-01 8.603117437313e+01 -3.815543421701e+00 5.577059283836e+00 8.214044579918e-01 6.882006287433e+04
2.012531287697e+03 1.020000000000e+00 3.681507555516e+01 4.300000000000e+00 4.475656873307e+00 3.862759194279e+02 5.464116923668e+00 1.268396840924e+00 8.228004584565e+01 -6.956091043268e+00 8.104027777442e+00 1.316743723617e+00 6.658260314638e+04
2.012531401737e+03 1.020000000000e+00 3.681507555516e+01 4.300000000000e+00 4.468252580304e+00 3.827392164662e+02 7.747283522378e+00 1.984929991934e+00 7.827516202662e+01 -1.032932902012e+01 1.074346158677e+01 1.624076502170e+00 6.343353455354e+04
2.012531515778e+03 1.020000000000e+00 3.681507555516e+01 4.300000000000e+00 4.476779220841e+00 3.792832619838e+02 9.993784202192e+00 2.481497751807e+00 7.381689342870e+01 -1.382130360354e+01 1.341283889296e+01 1.801306285428e+00 5.969044838788e+04
2.012531629818e+03 1.020000000000e+00 3.681507555516e+01 4.300000000000e+00 4.486806911298e+00 3.759750008771e+02 1.211212274447e+01 2.731744026441e+00 6.852158273164e+01 -1.729781835955e+01 1.605170507250e+01 1.864154580613e+00 5.526988737170e+04
2.012531743858e+03 1.020000000000e+00 3.681507555516e+01 4.300000000000e+00 4.494505364074e+00 3.729269593400e+02 1.400581479476e+01 2.789406957587e+00 6.278061309355e+01 -2.063229765245e+01 1.860940069256e+01 1.814024014872e+00 5.054326289485e+04
2.012531857898e+03 1.020000000000e+00 3.681507555516e+01 4.300000000000e+00 4.504511847086e+00 3.702176134248e+02 1.559529517384e+01 2.705992847927e+00 5.706323472899e+01 -2.372667407667e+01 2.097872817216e+01 1.604097334632e+00 4.583882010357e+04
2.012531971939e+03 1.020000000000e+00 3.681507555516e+01 4.300000000000e+00 4.524392931453e+00 3.678712696154e+02 1.682551400714e+01 2.487581224662e+00 5.179938686391e+01 -2.651097638059e+01 2.308177839019e+01 1.211588991842e+00 4.144193964051e+04
2.012532085979e+03 1.020000000000e+00 3.681507555516e+01 4.300000000000e+00 4.560386501978e+00 3.658760023997e+02 1.767192855622e+01 2.158869932052e+00 4.732954055863e+01 -2.895061529112e+01 2.489774697253e+01 6.538143053951e-01 3.758993980868e+04
2.012532200019e+03 1.020000000000e+00 3.681507555516e+01 4.300000000000e+00 4.618657107697e+00 3.642403883746e+02 1.818295397853e+01 1.864106068571e+00 4.388296019538e+01 -3.105285862506e+01 2.645913951496e+01 9.698587071841e-02 3.443159290687e+04
2.012532314059e+03 1.020000000000e+00 3.681507555516e+01 4.300000000000e+00 4.703898121532e+00 3.629515824175e+02 1.841161744729e+01 1.694979042262e+00 4.140360460449e+01 -3.283575820639e+01 2.777201555915e+01 -3.453015729355e-01 3.190817537349e+04
2.012532428100e+03 1.020000000000e+00 3.681507555516e+01 4.300000000000e+00 4.807200979168e+00 3.620716636504e+02 1.839371671767e+01 1.631291666572e+00 3.975915749457e+01 -3.433531298878e+01 2.886579193544e+01 -6.113616157930e-01 2.998531538844e+04
2.012532542140e+03 1.020000000000e+00 3.681507555516e+01 4.300000000000e+00 4.910669678896e+00 3.616399817782e+02 1.814811524217e+01 1.651665427448e+00 3.862251312532e+01 -3.558923900930e+01 2.983914167232e+01 -7.260361078164e-01 2.850241387126e+04
2.012532656180e+03 1.020000000000e+00 3.681507555516e+01 4.300000000000e+00 5.036598918385e+00 3.617452358317e+02 1.753258374770e+01 1.820799767689e+00 3.818327324389e+01 -3.662211505967e+01 3.066551044165e+01 -7.289649462348e-01 2.746967092681e+04
2.012532770220e+03 1.020000000000e+00 3.681507555516e+01 4.300000000000e+00 5.163021914869e+00 3.624776734152e+02 1.647024441799e+01 2.195823687587e+00 3.845651900775e+01 -3.743129569920e+01 3.140932159126e+01 -5.795363686750e-01 2.699007349069e+04
2.012532884261e+03 1.020000000000e+00 3.781507555516e+01 4.400000000000e+00 5.172339108707e+00 3.591512748831e+02 1.787855962697e+01 2.182765300714e+00 3.945304377991e+01 -3.629644912621e+01 3.061221774139e+01 -6.791301193311e-01 2.764483958337e+04
2.012532998301e+03 1.020000000000e+00 3.781507555516e+01 4.400000000000e+00 5.361986165608e+00 3.600837324913e+02 1.663449065733e+01 2.601428087543e+00 4.011228791689e+01 -3.714003887981e+01 3.136108046706e+01 -4.005871301084e-01 2.709623728269e+04
2.012533112341e+03 1.020000000000e+00 3.781507555516e+01 4.400000000000e+00 5.564517297356e+00 3.616889967493e+02 1.497925400787e+01 3.160077377077e+00 4.155292497642e+01 -3.777368883487e+01 3.201547945159e+01 1.694357816148e-02 2.702622158899e+04
2.012533226381e+03 1.020000000000e+00 3.781507555516e+01 4.400000000000e+00 5.778237001130e+00 3.636266008212e+02 1.303128391619e+01 3.844055276074e+00 4.345715257105e+01 -3.820740607093e+01 3.255919842524e+01 6.060096184999e-01 2.717952168066e+04
2.012533340422e+03 1.020000000000e+00 3.781507555516e+01 4.400000000000e+00 6.062677925476e+00 3.661329440066e+02 1.068660075801e+01 4.567156075262e+00 4.637255191014e+01 -3.846080289607e+01 3.285201711357e+01 1.296754931439e+00 2.762369038787e+04
2.012533454462e+03 1.020000000000e+00 3.781507555516e+01 4.400000000000e+00 6.360492798528e+00 3.689616265408e+02 8.186078630358e+00 5.261569594889e+00 4.978227223752e+01 -3.857172938456e+01 3.293204349417e+01 2.015501435534e+00 2.827258950683e+04
2.012533568502e+03 1.020000000000e+00 3.781507555516e+01 4.400000000000e+00 6.600513824892e+00 3.718116346597e+02 5.713658831328e+00 5.892840978909e+00 5.313318095847e+01 -3.858397120855e+01 3.284518673492e+01 2.688474216544e+00 2.910086242552e+04
2.012533682542e+03 1.020000000000e+00 3.781507555516e+01 4.400000000000e+00 6.741841603041e+00 3.745000090586e+02 3.372466481414e+00 6.425199231675e+00 5.614032011607e+01 -3.854295783727e+01 3.261524339179e+01 3.248313144445e+00 3.014113772016e+04
2.012533796583e+03 1.020000000000e+00 3.781507555516e+01 4.400000000000e+00 6.816701020465e+00 3.768794864280e+02 1.237179451817e+00 6.843353469653e+00 5.861879687099e+01 -3.849576982174e+01 3.222387893445e+01 3.659200562731e+00 3.117516768303e+04
2.012533910623e+03 1.020000000000e+00 3.781507555516e+01 4.400000000000e+00 6.795983524721e+00 3.788687859817e+02 -6.147785818761e-01 7.152706498610e+00 6.041477845874e+01 -3.847806212866e+01 3.169538126016e+01 3.922180439419e+00 3.225252678948e+04
2.012534024663e+03 1.020000000000e+00 3.781507555516e+01 4.400000000000e+00 6.687182788871e+00 3.804186910553e+02 -2.152533655855e+00 7.368824273470e+00 6.131682988568e+01 -3.852547328867e+01 3.110728532087e+01 4.055817549215e+00 3.325792244554e+04
2.012534138703e+03 1.020000000000e+00 3.781507555516e+01 4.400000000000e+00 6.505558409629e+00 3.813554062206e+02 -3.415161567610e+00 7.527801763971e+00 6.098776731995e+01 -3.845310567742e+01 3.042050451188e+01 4.064248550277e+00 3.399759703507e+04
2.012534252744e+03 1.020000000000e+00 3.781507555516e+01 4.400000000000e+00 6.703233760584e+00 3.906671218293e+02 -3.607339077024e+00 4.466821208895e+00 1.439915857825e+02 -3.866188962352e+01 3.196399833826e+01 2.870756718690e+00 7.233919460395e+04
2.012534366784e+03 1.020000000000e+00 3.781507555516e+01 4.400000000000e+00 1.259839940705e+01 5.062257104940e+02 2.163890980332e+00 -2.999393044227e+01 2.194093951687e+03 -4.418265954244e+01 7.006649249273e+01 -1.101743736489e+01 6.047815126076e+05
2.012534480824e+03 1.020000000000e+00 3.781507555516e+01 4.400000000000e+00 1.901425557249e+01 5.973819129729e+02 9.066244114417e+00 -5.465629306405e+01 5.117334435560e+03 -4.946805007102e+01 1.236042503593e+02 -2.403807798463e+01 9.752341447199e+05
2.012534594864e+03 1.020000000000e+00 3.781507555516e+01 4.400000000000e+00 1.868753393376e+01 6.090115239023e+02 1.156485759438e+01 -5.462735003177e+01 5.153079229073e+03 -4.726729066770e+01 1.278711323876e+02 -2.149182039583e+01 9.985594230338e+05
2.012534708905e+03 1.020000000000e+00 3.781507555516e+01 4.400000000000e+00 1.733781413212e+01 6.032227372836e+02 1.167142846564e+01 -4.923971885458e+01 4.569304446526e+03 -4.093068857730e+01 1.183018261630e+02 -1.176065729207e+01 9.539822825859e+05
2.012534822945e+03 1.020000000000e+00 3.781507555516e+01 4.400000000000e+00 1.681778409372e+01 5.955571745364e+02 8.328767207479e+00 -4.600364593676e+01 4.114355746480e+03 -3.548106598112e+01 8.891852843889e+01 -5.557385231247e+00 8.861169030175e+05
2.012534936985e+03 1.020000000000e+00 3.781507555516e+01 4.400000000000e+00 1.720084917316e+01 5.973249048660e+02 -2.268842364764e+00 -4.681197761696e+01 4.045817753436e+03 -3.121901245229e+01 3.344219539651e+01 -5.301372963397e+00 8.518573849573e+05
2.012535051025e+03 1.020000000000e+00 3.781507555516e+01 4.400000000000e+00 1.708309302702e+01 6.025567379491e+02 -1.658277630366e+01 -5.325459903420e+01 3.933854795487e+03 -2.775134261713e+01 -3.807054412522e+01 -1.729047873815e+01 8.341760713225e+05
2.012535165066e+03 1.020000000000e+00 3.781507555516e+01 4.400000000000e+00 1.536756577096e+01 6.032351472307e+02 -2.658658857259e+01 -5.868533189468e+01 3.395339462427e+03 -2.735601900792e+01 -1.021800601250e+02 -4.346980365680e+01 8.017853374669e+05
2.012535279106e+03 1.020000000000e+00 3.781507555516e+01 4.400000000000e+00 1.201825777356e+01 5.984413208559e+02 -2.981437634652e+01 -5.882367276765e+01 2.629355879298e+03 -3.614889852263e+01 -1.340654463803e+02 -7.238539480186e+01 7.975969501007e+05
2.012535393146e+03 1.020000000000e+00 3.781507555516e+01 4.400000000000e+00 8.582584307466e+00 5.891498478884e+02 -2.689891696943e+01 -5.188288633765e+01 1.932999265350e+03 -5.996539851295e+01 -1.337160315139e+02 -9.693902791939e+01 8.195199230225e+05
2.012535507186e+03 1.020000000000e+00 3.781507555516e+01 4.400000000000e+00 6.398161169049e+00 5.797952880712e+02 -1.344635144364e+01 -4.334701541752e+01 1.435304767126e+03 -8.771584685906e+01 -1.206535025870e+02 -1.166525599208e+02 8.119984935297e+05
2.012535621227e+03 1.020000000000e+00 3.871507555516e+01 4.400000000000e+00 5.098399797793e+00 5.768073757568e+02 9.326848647721e+00 -4.211000295303e+01 1.025534151562e+03 -1.099963438462e+02 -9.969264200363e+01 -1.390877412897e+02 7.262648641143e+05
2.012535735267e+03 1.020000000000e+00 3.871507555516e+01 4.400000000000e+00 4.340771020480e+00 5.712340928606e+02 3.707619074394e+01 -4.247169769200e+01 7.225538710346e+02 -1.273155797344e+02 -8.174819452855e+01 -1.551258213819e+02 6.016850972113e+05
2.012535849307e+03 1.020000000000e+00 3.871507555516e+01 4.400000000000e+00 4.054408194404e+00 5.645224170685e+02 5.091897039204e+01 -4.204782838531e+01 5.147405099363e+02 -1.389549732186e+02 -7.411719532987e+01 -1.622206021783e+02 4.595101470235e+05
2.012535963347e+03 1.020000000000e+00 3.871507555516e+01 4.400000000000e+00 3.930440034307e+00 5.577568677143e+02 5.348561969287e+01 -3.828632865639e+01 3.743836750511e+02 -1.479772193849e+02 -7.338767875376e+01 -1.624059454120e+02 3.451007176901e+05
2.012536077388e+03 1.020000000000e+00 3.871507555516e+01 4.400000000000e+00 3.866340321491e+00 5.544988738379e+02 5.047555380569e+01 -2.611573994454e+01 2.703279105228e+02 -1.555956071559e+02 -8.376319030433e+01 -1.567166882538e+02 2.531931517477e+05
2.012536191428e+03 1.020000000000e+00 3.871507555516e+01 4.400000000000e+00 3.742833027574e+00 5.534485627685e+02 4.514017323269e+01 -8.002160629628e+00 1.892492666706e+02 -1.621740222345e+02 -1.018544224891e+02 -1.424307131890e+02 1.829448197704e+05
2.012536305468e+03 1.020000000000e+00 3.871507555516e+01 4.400000000000e+00 3.497477187774e+00 5.562245091782e+02 4.185046717104e+01 8.471273233257e+00 1.266737094361e+02 -1.682480316577e+02 -1.205637321004e+02 -1.241578761945e+02 1.305910563233e+05
2.012536419508e+03 1.020000000000e+00 3.871507555516e+01 4.400000000000e+00 2.996240484341e+00 5.596380313083e+02 4.230010201674e+01 1.914272379424e+01 7.988743307063e+01 -1.729782402553e+02 -1.345748560777e+02 -1.048147976741e+02 9.593013991127e+04
2.012536533549e+03 1.020000000000e+00 3.871507555516e+01 4.400000000000e+00 2.407181056897e+00 5.608902406755e+02 4.655151865928e+01 2.309041753922e+01 4.952030566880e+01 -1.773027688681e+02 -1.424041365218e+02 -8.594660470822e+01 7.412775661464e+04
2.012536647589e+03 1.020000000000e+00 3.871507555516e+01 4.400000000000e+00 1.924850293439e+00 5.611446927974e+02 5.171339031888e+01 2.202973715416e+01 3.260599068688e+01 -1.818760357605e+02 -1.463436764201e+02 -6.769509250218e+01 6.130861715463e+04
2.012536761629e+03 1.020000000000e+00 3.871507555516e+01 4.400000000000e+00 1.600089366409e+00 5.602612221893e+02 5.480920844979e+01 1.706204594910e+01 2.385832991482e+01 -1.860625774862e+02 -1.485785032806e+02 -4.995245431729e+01 5.407751620148e+04
2.012536875669e+03 1.020000000000e+00 3.871507555516e+01 4.400000000000e+00 1.365959069378e+00 5.567349893116e+02 5.627876157475e+01 1.150566187903e+01 1.886309009489e+01 -1.896592724834e+02 -1.485731816107e+02 -3.182671137135e+01 5.022716178703e+04
2.012536989709e+03 1.020000000000e+00 3.871507555516e+01 4.400000000000e+00 1.159816788348e+00 5.511595913680e+02 5.624302845954e+01 6.023951909463e+00 1.531402945362e+01 -1.926338643741e+02 -1.465204445902e+02 -1.352029965313e+01 4.814438688719e+04
2.012537103750e+03 1.020000000000e+00 3.871507555516e+01 4.400000000000e+00 1.004506088022e+00 5.446552514279e+02 5.425452871184e+01 8.883552047580e-01 1.355019913785e+01 -1.946993578814e+02 -1.430814133976e+02 4.817137890458e+00 4.909287313563e+04
2.012537217790e+03 1.020000000000e+00 3.871507555516e+01 4.400000000000e+00 9.184195921622e-01 5.377106348197e+02 5.146901861916e+01 -3.619180834132e+00 1.271996200819e+01 -1.958692246973e+02 -1.383515612893e+02 2.301732485373e+01 5.034751014038e+04
2.012537331830e+03 1.020000000000e+00 3.871507555516e+01 4.400000000000e+00 8.633384145866e-01 5.296233033694e+02 4.935377060198e+01 -7.477846292772e+00 1.215356730621e+01 -1.961389294522e+02 -1.318127758209e+02 4.067348324104e+01 5.113107381160e+04
2.012537445870e+03 1.020000000000e+00 3.871507555516e+01 4.400000000000e+00 8.176044410435e-01 5.214236132352e+02 4.715353947782e+01 -1.053098464326e+01 1.199453379705e+01 -1.956551221978e+02 -1.241428861742e+02 5.744948292477e+01 5.326140521529e+04
2.012537559911e+03 1.020000000000e+00 3.871507555516e+01 4.400000000000e+00 7.729345172991e-01 5.137588235106e+02 4.525218377683e+01 -1.265673977508e+01 1.188181341356e+01 -1.943458210126e+02 -1.156454744077e+02 7.312467876285e+01 5.578107980325e+04
2.012537673951e+03 1.020000000000e+00 3.871507555516e+01 4.400000000000e+00 7.297065465989e-01 5.063464133855e+02 4.432484415133e+01 -1.408098438893e+01 1.157468067434e+01 -1.919585049365e+02 -1.062736423156e+02 8.734510298907e+01 5.752965183913e+04
2.012537787991e+03 1.020000000000e+00 3.871507555516e+01 4.400000000000e+00 6.910964320767e-01 4.993670620044e+02 4.418546091947e+01 -1.505473361727e+01 1.115146049188e+01 -1.888602500988e+02 -9.632294341686e+01 9.997374179547e+01 5.850214276060e+04
2.012537902031e+03 1.020000000000e+00 3.871507555516e+01 4.400000000000e+00 6.588975968419e-01 4.927006657320e+02 4.469488485293e+01 -1.577456826481e+01 1.067241919599e+01 -1.852426042425e+02 -8.605797192482e+01 1.109792244625e+02 5.870519183014e+04
2.012538016072e+03 1.020000000000e+00 3.871507555516e+01 4.400000000000e+00 6.317530739848e-01 4.864414251107e+02 4.603602095221e+01 -1.635477515093e+01 1.013145642449e+01 -1.799194939100e+02 -7.583330474630e+01 1.203216075085e+02 5.811182282912e+04
2.012538130112e+03 1.020000000000e+00 3.871507555516e+01 4.400000000000e+00 6.073922983538e-01 4.808373286579e+02 4.761892594320e+01 -1.705399173859e+01 9.573156353879e+00 -1.735979741817e+02 -6.586005658922e+01 1.280183543948e+02 5.710127449557e+04
2.012538244152e+03 1.020000000000e+00 3.871507555516e+01 4.400000000000e+00 5.867159012853e-01 4.757348790091e+02 4.969584511600e+01 -1.791440925726e+01 9.076423262099e+00 -1.670716574627e+02 -5.625178597416e+01 1.341726222450e+02 5.603598181788e+04
2.012538358192e+03 1.020000000000e+00 3.971507555516e+01 4.500000000000e+00 5.815302210054e-01 4.605373656449e+02 5.055627803035e+01 -2.179928815868e+01 8.095410601195e+00 -1.562357723131e+02 -4.635630177837e+01 1.503069825050e+02 5.045457882039e+04
2.012538472233e+03 1.020000000000e+00 3.971507555516e+01 4.500000000000e+00 5.625681494398e-01 4.557824440032e+02 5.252587263502e+01 -2.260512354462e+01 7.714610319330e+00 -1.487050897088e+02 -3.789811986156e+01 1.532590756615e+02 4.970270513577e+04
2.012538586273e+03 1.020000000000e+00 3.971507555516e+01 4.500000000000e+00 5.439020588002e-01 4.518870602532e+02 5.417855420824e+01 -2.363473933301e+01 7.466295587886e+00 -1.414272643072e+02 -3.030176611753e+01 1.550301765960e+02 4.975627125538e+04
2.012538700313e+03 1.020000000000e+00 3.971507555516e+01 4.500000000000e+00 5.233860783387e-01 4.486885000210e+02 5.537433030806e+01 -2.470807787713e+01 7.342129572098e+00 -1.345437601794e+02 -2.345134769034e+01 1.558067419584e+02 5.085791939645e+04
2.012538814353e+03 1.020000000000e+00 3.971507555516e+01 4.500000000000e+00 4.998262438858e-01 4.458985649726e+02 5.621419705257e+01 -2.590140310964e+01 7.218659061672e+00 -1.280444298259e+02 -1.728009405011e+01 1.557906715652e+02 5.235908422766e+04
2.012538928394e+03 1.020000000000e+00 3.971507555516e+01 4.500000000000e+00 4.748786254490e-01 4.433961342669e+02 5.685422527463e+01 -2.715740854891e+01 7.053220531342e+00 -1.219772496247e+02 -1.172629515981e+01 1.551557408872e+02 5.382979981446e+04
2.012539042434e+03 1.020000000000e+00 3.971507555516e+01 4.500000000000e+00 4.509977105366e-01 4.409243633340e+02 5.755218363708e+01 -2.864861291067e+01 6.831048093279e+00 -1.163505256626e+02 -6.693528528622e+00 1.540164382377e+02 5.487877592174e+04
2.012539156474e+03 1.020000000000e+00 3.971507555516e+01 4.500000000000e+00 4.290302044412e-01 4.386250086686e+02 5.841868200764e+01 -3.023620356448e+01 6.591322335848e+00 -1.112118985001e+02 -2.120787187631e+00 1.525198277298e+02 5.565643351505e+04
2.012539270514e+03 1.020000000000e+00 3.971507555516e+01 4.500000000000e+00 4.076576998314e-01 4.365010928627e+02 5.949480253975e+01 -3.189167756868e+01 6.286895058157e+00 -1.065645571731e+02 2.060786600393e+00 1.507662653567e+02 5.585783515625e+04
2.012539384555e+03 1.020000000000e+00 3.971507555516e+01 4.500000000000e+00 3.849860207917e-01 4.344384033790e+02 6.073105653467e+01 -3.377876343560e+01 5.860466825782e+00 -1.023441390071e+02 5.867484415684e+00 1.488164129523e+02 5.512946567245e+04
2.012539498595e+03 1.020000000000e+00 3.971507555516e+01 4.500000000000e+00 3.612901380108e-01 4.324700809331e+02 6.189286323140e+01 -3.569837221856e+01 5.372067545777e+00 -9.832776730318e+01 9.327372634987e+00 1.467035290765e+02 5.384455007266e+04
2.012539612635e+03 1.020000000000e+00 3.971507555516e+01 4.500000000000e+00 3.387500847245e-01 4.304890139496e+02 6.279492097458e+01 -3.750933248699e+01 4.896964029730e+00 -9.451801681670e+01 1.251269045861e+01 1.444810560426e+02 5.235039260098e+04
2.012539726675e+03 1.020000000000e+00 3.971507555516e+01 4.500000000000e+00 3.175368969360e-01 4.284411065963e+02 6.333561084274e+01 -3.903500622214e+01 4.515495468065e+00 -9.094073272573e+01 1.550097405663e+01 1.421624424384e+02 5.151467877297e+04
2.012539840716e+03 1.020000000000e+00 3.971507555516e+01 4.500000000000e+00 2.944743921586e-01 4.263589206253e+02 6.342202356924e+01 -4.010273165416e+01 4.263861301879e+00 -8.755889496092e+01 1.848623230294e+01 1.397800604145e+02 5.250580639601e+04
2.012539954756e+03 1.020000000000e+00 3.971507555516e+01 4.500000000000e+00 2.692666039137e-01 4.240497327975e+02 6.255224009750e+01 -4.048131232749e+01 4.131458329952e+00 -8.428726565328e+01 2.176387172918e+01 1.373293998054e+02 5.566051982687e+04
2.012540068796e+03 1.020000000000e+00 3.971507555516e+01 4.500000000000e+00 2.498508689793e-01 4.212699582617e+02 6.059760100879e+01 -4.000690553263e+01 4.237071460813e+00 -8.105460315084e+01 2.567017680251e+01 1.347294652104e+02 6.150462122291e+04
2.012540182836e+03 1.020000000000e+00 3.971507555516e+01 4.500000000000e+00 2.361228238413e-01 4.179167994092e+02 5.623129650932e+01 -3.893475947577e+01 4.702125681870e+00 -7.775500648031e+01 3.023267866166e+01 1.319045676691e+02 7.219473014028e+04
2.012540296877e+03 1.020000000000e+00 3.971507555516e+01 4.500000000000e+00 2.265357094580e-01 4.136015501995e+02 5.007114360863e+01 -3.737299518621e+01 5.362505746223e+00 -7.416740150283e+01 3.551804549146e+01 1.289395399661e+02 8.581270743757e+04
2.012540410917e+03 1.020000000000e+00 3.971507555516e+01 4.500000000000e+00 2.193626521392e-01 4.085547054882e+02 4.237887678677e+01 -3.438893982228e+01 5.930102377275e+00 -7.013782986697e+01 4.148837319841e+01 1.256941208343e+02 9.801871901063e+04
2.012540524957e+03 1.020000000000e+00 3.971507555516e+01 4.500000000000e+00 2.139000039512e-01 4.030020830027e+02 3.415448421511e+01 -3.083987104549e+01 6.299053647041e+00 -6.584705929027e+01 4.781525584734e+01 1.220699533583e+02 1.068883062621e+05
2.012540638997e+03 1.020000000000e+00 3.971507555516e+01 4.500000000000e+00 2.092933793586e-01 3.970699901174e+02 2.700446575904e+01 -2.689835255207e+01 6.367665744626e+00 -6.149467934734e+01 5.393153641876e+01 1.181981777968e+02 1.105940310244e+05
2.012540753038e+03 1.020000000000e+00 3.971507555516e+01 4.500000000000e+00 2.037043810639e-01 3.911083382651e+02 2.170589401873e+01 -2.294989824818e+01 6.242305107082e+00 -5.712212151685e+01 5.935407976017e+01 1.141615553228e+02 1.114720550888e+05
2.012540867078e+03 1.020000000000e+00 3.971507555516e+01 4.500000000000e+00 1.991385093094e-01 3.855810750309e+02 1.860689133591e+01 -1.979236402129e+01 5.991811798105e+00 -5.293403511970e+01 6.380502329822e+01 1.101156635574e+02 1.096300051003e+05
2.012540981118e+03 1.020000000000e+00 3.971507555516e+01 4.500000000000e+00 1.996991382343e-01 3.812457696967e+02 1.786258931489e+01 -1.727231178786e+01 5.648737011617e+00 -4.907822500316e+01 6.727156538185e+01 1.063116478569e+02 1.035108531526e+05
2.012541095158e+03 1.020000000000e+00 4.061507555516e+01 4.600000000000e+00 2.291458805964e-01 3.752237897623e+02 1.877816222672e+01 -1.537219149481e+01 4.501440381153e+00 -3.899018585383e+01 7.162008293119e+01 1.045467812776e+02 7.196256413469e+04
2.012541209199e+03 1.020000000000e+00 4.061507555516e+01 4.600000000000e+00 2.506378681446e-01 3.731038396993e+02 2.217958669172e+01 -1.388435379866e+01 4.296747064933e+00 -3.630629238942e+01 7.308775729160e+01 1.010319668876e+02 6.282185153954e+04
2.012541323239e+03 1.020000000000e+00 4.061507555516e+01 4.600000000000e+00 2.802083109105e-01 3.711727243561e+02 2.558498879735e+01 -1.181036846562e+01 4.190749688159e+00 -3.405848397350e+01 7.406243723967e+01 9.771963118313e+01 5.480423333758e+04
2.012541437279e+03 1.020000000000e+00 4.061507555516e+01 4.600000000000e+00 3.136081992613e-01 3.694001032975e+02 2.872474059300e+01 -9.088316465495e+00 4.141379023660e+00 -3.223464600563e+01 7.471841120428e+01 9.454985453933e+01 4.838520241165e+04
2.012541551319e+03 1.020000000000e+00 4.061507555516e+01 4.600000000000e+00 3.458199922412e-01 3.675659021416e+02 3.157768090076e+01 -5.939192153492e+00 4.165359282437e+00 -3.078157796879e+01 7.516613014016e+01 9.154791718233e+01 4.410190404793e+04
2.012541665360e+03 1.020000000000e+00 4.061507555516e+01 4.600000000000e+00 3.701926174327e-01 3.656447265946e+02 3.407503730328e+01 -2.727085622495e+00 4.204936017403e+00 -2.962127879871e+01 7.543971793430e+01 8.869748151934e+01 4.153035944379e+04
2.012541779400e+03 1.020000000000e+00 4.061507555516e+01 4.600000000000e+00 3.839802403793e-01 3.637270299549e+02 3.615615764675e+01 1.397889570890e-01 4.268401899882e+00 -2.870302632821e+01 7.556571117695e+01 8.597684967932e+01 4.062144494407e+04
2.012541893440e+03 1.020000000000e+00 4.061507555516e+01 4.600000000000e+00 3.881614762798e-01 3.618356507371e+02 3.793946413368e+01 2.161048580884e+00 4.434381841795e+00 -2.798669612710e+01 7.555745778039e+01 8.339231316896e+01 4.171572258457e+04
2.012542007480e+03 1.020000000000e+00 4.061507555516e+01 4.600000000000e+00 3.837128461524e-01 3.600075297369e+02 3.966213146856e+01 3.261078905189e+00 4.874473145922e+00 -2.742148590522e+01 7.543912660856e+01 8.093231290771e+01 4.635751877852e+04
2.012542121521e+03 1.020000000000e+00 4.061507555516e+01 4.600000000000e+00 3.738068019279e-01 3.585340864441e+02 4.087571425178e+01 3.214733008291e+00 6.124484331756e+00 -2.693915702903e+01 7.516821548990e+01 7.860695511082e+01 5.988548643215e+04
2.012542235561e+03 1.020000000000e+00 4.061507555516e+01 4.600000000000e+00 3.568170729109e-01 3.577336281259e+02 4.111924450383e+01 1.719100595138e+00 8.801309815952e+00 -2.652359511784e+01 7.467603678037e+01 7.641934581480e+01 9.032525845100e+04
2.012542349601e+03 1.020000000000e+00 4.061507555516e+01 4.600000000000e+00 3.321932947397e-01 3.579100806931e+02 3.982508767563e+01 -3.419637708137e+00 1.258179844778e+01 -2.625275022615e+01 7.398186572053e+01 7.429454887459e+01 1.384426710503e+05
2.012542463641e+03 1.020000000000e+00 4.061507555516e+01 4.600000000000e+00 3.080636507059e-01 3.596339211395e+02 3.425808583801e+01 -1.163110006221e+01 1.686242364007e+01 -2.619176140677e+01 7.291100715669e+01 7.233615005478e+01 1.992646140168e+05
2.012542577682e+03 1.020000000000e+00 4.061507555516e+01 4.600000000000e+00 2.905747534424e-01 3.625738416582e+02 2.503145023098e+01 -2.053663024890e+01 2.113772463780e+01 -2.663496358417e+01 7.152014172148e+01 7.081376006215e+01 2.640294423098e+05
2.012542691722e+03 1.020000000000e+00 4.061507555516e+01 4.600000000000e+00 2.800651888753e-01 3.655499945585e+02 1.518824053940e+01 -2.752197630482e+01 2.482197651774e+01 -2.772258965376e+01 6.974031010246e+01 6.973801057302e+01 3.213116547582e+05
2.012542805762e+03 1.020000000000e+00 4.061507555516e+01 4.600000000000e+00 2.730712333651e-01 3.677070805477e+02 6.134946756539e+00 -3.101591285134e+01 2.739267324568e+01 -2.931503604552e+01 6.768175914986e+01 6.903755064390e+01 3.634243150838e+05
2.012542919802e+03 1.020000000000e+00 4.061507555516e+01 4.600000000000e+00 2.682173719639e-01 3.695301597842e+02 -1.442597162184e-01 -3.205610708202e+01 2.865431482446e+01 -3.118037578441e+01 6.568319967970e+01 6.862518620798e+01 3.868934383515e+05
2.012543033843e+03 1.020000000000e+00 4.061507555516e+01 4.600000000000e+00 2.746338047795e-01 3.707798897913e+02 -2.803080928831e+00 -3.197449189263e+01 2.897237960323e+01 -3.300125946962e+01 6.386919215886e+01 6.836211844969e+01 3.839720129773e+05
2.012543147883e+03 1.020000000000e+00 4.061507555516e+01 4.600000000000e+00 3.362700027963e-01 3.715176239036e+02 -3.303009355873e+00 -3.103294763569e+01 2.917728080943e+01 -3.460584852252e+01 6.238540061769e+01 6.803150209425e+01 3.472909334415e+05
2.012543261923e+03 1.020000000000e+00 4.061507555516e+01 4.600000000000e+00 6.082473257273e-01 3.714669020059e+02 -2.913222700793e+00 -2.848771099140e+01 3.001216419998e+01 -3.597428861906e+01 6.124619976220e+01 6.753858408634e+01 1.988116113657e+05
2.012543375963e+03 1.020000000000e+00 4.061507555516e+01 4.600000000000e+00 1.132471374990e+00 3.708457210904e+02 -1.754437708211e+00 -2.556399247212e+01 3.189906895893e+01 -3.717988239383e+01 6.042072768963e+01 6.702228630128e+01 1.073472409808e+05
2.012543490004e+03 1.020000000000e+00 4.061507555516e+01 4.600000000000e+00 1.790175844563e+00 3.699245298947e+02 1.889477340693e-01 -2.262367291090e+01 3.507173710088e+01 -3.830384285817e+01 5.983715610390e+01 6.671983093622e+01 7.274654487843e+04
2.012543604044e+03 1.020000000000e+00 4.061507555516e+01 4.600000000000e+00 2.524984521681e+00 3.689323563895e+02 2.708463988130e+00 -2.006638531668e+01 3.913346928463e+01 -3.939857630878e+01 5.945325007967e+01 6.670750915614e+01 5.691881293183e+04
2.012543718084e+03 1.020000000000e+00 4.161507555516e+01 4.700000000000e+00 3.225128971092e+00 3.669530026327e+02 5.293558787175e+00 -1.786591566783e+01 4.362677915302e+01 -4.051969016100e+01 5.784380056931e+01 6.797691020866e+01 4.939998475538e+04
2.012543832124e+03 1.020000000000e+00 4.161507555516e+01 4.700000000000e+00 3.986845027007e+00 3.662637664110e+02 7.988811689712e+00 -1.640333454488e+01 4.715056760733e+01 -4.183637244007e+01 5.887683177543e+01 6.830274672898e+01 4.305597780637e+04
2.012543946165e+03 1.020000000000e+00 4.161507555516e+01 4.700000000000e+00 4.710641163241e+00 3.657596845727e+02 1.028193052733e+01 -1.565159160045e+01 4.995156652438e+01 -4.330407109736e+01 6.066587083388e+01 6.876092311997e+01 3.851356331344e+04
2.012544060205e+03 1.020000000000e+00 4.161507555516e+01 4.700000000000e+00 5.336493457543e+00 3.655376874218e+02 1.179705721399e+01 -1.520677742649e+01 5.228256501405e+01 -4.487506838867e+01 6.288153766067e+01 6.953104325152e+01 3.551311248005e+04
2.012544174245e+03 1.020000000000e+00 4.161507555516e+01 4.700000000000e+00 5.855894124686e+00 3.656425535528e+02 1.250108028646e+01 -1.497733000413e+01 5.532887772469e+01 -4.640095920028e+01 6.541013731732e+01 7.027005196643e+01 3.419196980444e+04
2.012544288285e+03 1.020000000000e+00 4.161507555516e+01 4.700000000000e+00 6.493621819121e+00 3.661884437673e+02 1.265803402165e+01 -1.532829813026e+01 6.301498539347e+01 -4.767658973217e+01 6.812712113117e+01 7.026906555546e+01 3.498466172762e+04
2.012544402326e+03 1.020000000000e+00 4.161507555516e+01 4.700000000000e+00 7.713962647234e+00 3.671320217763e+02 1.224580737188e+01 -1.688211366028e+01 8.129342689293e+01 -4.851829466364e+01 7.048758450154e+01 6.955431275386e+01 3.788995374452e+04
2.012544516366e+03 1.020000000000e+00 4.161507555516e+01 4.700000000000e+00 9.408357611968e+00 3.684756530558e+02 1.030325584503e+01 -1.921398135539e+01 1.097540467480e+02 -4.884470209111e+01 7.261406780982e+01 6.855839375877e+01 4.197553144471e+04
2.012544630406e+03 1.020000000000e+00 4.161507555516e+01 4.700000000000e+00 1.130321091613e+01 3.701851747041e+02 6.707511560190e+00 -2.159005596216e+01 1.452048379763e+02 -4.873990492181e+01 7.521831793136e+01 6.687385858402e+01 4.630516583150e+04
2.012544744446e+03 1.020000000000e+00 4.161507555516e+01 4.700000000000e+00 1.319895731887e+01 3.718279605928e+02 2.350478696913e+00 -2.364242858519e+01 1.843234916881e+02 -4.833967061151e+01 7.847141701960e+01 6.280922854376e+01 5.040588192278e+04
2.012544858487e+03 1.020000000000e+00 4.161507555516e+01 4.700000000000e+00 1.488926988574e+01 3.733677626188e+02 -1.953812930399e+00 -2.501656687603e+01 2.241731750424e+02 -4.778402067316e+01 8.194567199239e+01 5.619283988237e+01 5.441306457487e+04
2.012544972527e+03 1.020000000000e+00 4.161507555516e+01 4.700000000000e+00 1.587272426616e+01 3.749398259451e+02 -5.909312195108e+00 -2.568827476496e+01 2.593828960428e+02 -4.713924748570e+01 8.515062032952e+01 4.857691276284e+01 5.914563013194e+04
2.012545086567e+03 1.020000000000e+00 4.161507555516e+01 4.700000000000e+00 1.605822620911e+01 3.765926104834e+02 -9.461138128298e+00 -2.584507239541e+01 2.854851468553e+02 -4.640789480121e+01 8.772585695525e+01 4.108171280315e+01 6.438462817749e+04
2.012545200607e+03 1.020000000000e+00 4.161507555516e+01 4.700000000000e+00 1.590640510676e+01 3.782374129202e+02 -1.250742003262e+01 -2.569144638378e+01 3.011981030730e+02 -4.563754358459e+01 8.943925367178e+01 3.441163801461e+01 6.858360771230e+04
2.012545314648e+03 1.020000000000e+00 4.161507555516e+01 4.700000000000e+00 1.557933736000e+01 3.799291744336e+02 -1.495977792125e+01 -2.515351706734e+01 3.077787445109e+02 -4.487219082105e+01 9.040615374411e+01 2.883953667553e+01 7.155987399983e+04
2.012545428688e+03 1.020000000000e+00 4.161507555516e+01 4.700000000000e+00 1.494669687634e+01 3.823022527688e+02 -1.663583192394e+01 -2.362507481553e+01 3.062420361787e+02 -4.408753904037e+01 9.023620202321e+01 2.386902996956e+01 7.431626592877e+04
2.012545542728e+03 1.020000000000e+00 4.161507555516e+01 4.700000000000e+00 1.363102232744e+01 3.865397857385e+02 -1.743897136128e+01 -2.129671570767e+01 2.959867014368e+02 -4.318229436186e+01 8.823413149200e+01 1.866009134020e+01 7.874979814133e+04
2.012545656768e+03 1.020000000000e+00 4.161507555516e+01 4.700000000000e+00 1.186636318135e+01 3.934872970511e+02 -1.748216351445e+01 -1.852151290806e+01 2.676927047255e+02 -4.186386488861e+01 8.116650341275e+01 1.335625305652e+01 8.148274110312e+04
2.012545770809e+03 1.020000000000e+00 4.161507555516e+01 4.700000000000e+00 9.994259567182e+00 4.035049670862e+02 -1.635400502138e+01 -1.489279843565e+01 2.123198413993e+02 -4.005198839268e+01 6.817485590763e+01 9.070554913820e+00 7.650945842919e+04
2.012545884849e+03 1.020000000000e+00 4.161507555516e+01 4.700000000000e+00 8.189013696454e+00 4.154617431328e+02 -1.241140265858e+01 -1.051328973221e+01 1.559468636246e+02 -3.818713460184e+01 5.440793280075e+01 6.225317766477e+00 6.854980424884e+04
2.012545998889e+03 1.020000000000e+00 4.161507555516e+01 4.700000000000e+00 6.763980006688e+00 4.262807145817e+02 -7.416889077165e+00 -6.758965976372e+00 1.135483174724e+02 -3.655190655202e+01 4.341737910571e+01 4.078095888658e+00 6.062518793279e+04
2.012546112929e+03 1.020000000000e+00 4.161507555516e+01 4.700000000000e+00 5.946654559051e+00 4.333913485570e+02 -4.172554118688e+00 -4.461415457717e+00 9.136186491692e+01 -3.540346981893e+01 3.696650301932e+01 2.622867039867e+00 5.561197248752e+04
2.012546226970e+03 1.020000000000e+00 4.161507555516e+01 4.700000000000e+00 5.587657109237e+00 4.365962858415e+02 -2.771824057976e+00 -3.469148209027e+00 8.263668232157e+01 -3.470763442353e+01 3.416891109916e+01 1.944561078217e+00 5.355552509961e+04
2.012546341010e+03 1.020000000000e+00 4.161507555516e+01 4.700000000000e+00 5.409471280856e+00 4.380725313638e+02 -2.205436652320e+00 -3.063108800159e+00 7.861464927364e+01 -3.428167703162e+01 3.286947548054e+01 1.657398853222e+00 5.262977606799e+04
2.012546455050e+03 1.020000000000e+00 4.251507555516e+01 4.800000000000e+00 5.289801114570e+00 4.391357445483e+02 -1.984752124392e+00 -2.876790891017e+00 7.619111068280e+01 -3.422025613232e+01 3.216213358225e+01 1.537548699900e+00 5.216153665073e+04
2.012546569090e+03 1.020000000000e+00 4.251507555516e+01 4.800000000000e+00 5.195637936042e+00 4.397815015486e+02 -1.768579067639e+00 -2.744717307244e+00 7.416117528596e+01 -3.434069190364e+01 3.162762416818e+01 1.415703745139e+00 5.169189368950e+04
2.012546683131e+03 1.020000000000e+00 4.251507555516e+01 4.800000000000e+00 5.130745617659e+00 4.403647481256e+02 -1.519792057983e+00 -2.635712845882e+00 7.277179003031e+01 -3.438594156471e+01 3.120764999755e+01 1.298738130453e+00 5.136440847008e+04
2.012546797171e+03 1.020000000000e+00 4.251507555516e+01 4.800000000000e+00 5.104397518812e+00 4.408931956382e+02 -1.153860028718e+00 -2.549334163030e+00 7.221302944266e+01 -3.435756440125e+01 3.082242768920e+01 1.155776943648e+00 5.123276390235e+04
2.012546911211e+03 1.020000000000e+00 4.251507555516e+01 4.800000000000e+00 5.091588382614e+00 4.414166495388e+02 -7.633713920164e-01 -2.511466117866e+00 7.194876240694e+01 -3.432276979507e+01 3.051246633840e+01 9.725262928714e-01 5.117352968702e+04
2.012547025251e+03 1.020000000000e+00 4.251507555516e+01 4.800000000000e+00 5.085190637919e+00 4.419809207416e+02 -4.097208000314e-01 -2.493772704981e+00 7.183436450749e+01 -3.432141553804e+01 3.027373995718e+01 7.843103465718e-01 5.115610490386e+04
2.012547139292e+03 1.020000000000e+00 4.251507555516e+01 4.800000000000e+00 5.089716990496e+00 4.426081139539e+02 -9.779512195254e-02 -2.483741107030e+00 7.195554170014e+01 -3.436198287590e+01 3.015193065581e+01 5.986937848644e-01 5.119647336458e+04
2.012547253332e+03 1.020000000000e+00 4.251507555516e+01 4.800000000000e+00 5.105831722656e+00 4.433251897991e+02 1.734473536293e-01 -2.479445091613e+00 7.232437060679e+01 -3.444226078665e+01 3.017064826627e+01 4.132699886167e-01 5.129608401951e+04
2.012547367372e+03 1.020000000000e+00 4.251507555516e+01 4.800000000000e+00 5.136014438990e+00 4.441081169248e+02 3.722327426782e-01 -2.481498459021e+00 7.300058160260e+01 -3.455861809537e+01 3.021544212786e+01 2.313586343858e-01 5.147058237999e+04
2.012547481412e+03 1.020000000000e+00 4.251507555516e+01 4.800000000000e+00 5.188214064134e+00 4.448849447535e+02 4.677691008628e-01 -2.496174942682e+00 7.415252968236e+01 -3.470408784166e+01 3.032617419501e+01 6.233620069851e-02 5.175579367351e+04
2.012547595453e+03 1.020000000000e+00 4.251507555516e+01 4.800000000000e+00 5.264143769449e+00 4.456450165522e+02 5.050906136954e-01 -2.518218219962e+00 7.582017423903e+01 -3.486159290903e+01 3.052429802596e+01 -8.445959937249e-02 5.215585531608e+04
2.012547709493e+03 1.020000000000e+00 4.251507555516e+01 4.800000000000e+00 5.356606580475e+00 4.464679817899e+02 5.215440060075e-01 -2.541799763056e+00 7.785969521946e+01 -3.500148316148e+01 3.073202313920e+01 -2.041470466066e-01 5.263383970810e+04
2.012547823533e+03 1.020000000000e+00 4.251507555516e+01 4.800000000000e+00 5.462887731933e+00 4.473857517398e+02 5.211754487113e-01 -2.565494331113e+00 8.023054657256e+01 -3.508878650161e+01 3.091289022127e+01 -2.942914932132e-01 5.318085414092e+04
2.012547937573e+03 1.020000000000e+00 4.251507555516e+01 4.800000000000e+00 5.582796031280e+00 4.484043368312e+02 4.598786980978e-01 -2.587828443001e+00 8.293758947640e+01 -3.509366119906e+01 3.105703241061e+01 -3.542086117713e-01 5.379384110387e+04
2.012548051613e+03 1.020000000000e+00 4.251507555516e+01 4.800000000000e+00 5.716079435318e+00 4.495166233798e+02 3.382122658052e-01 -2.603641825086e+00 8.598625507380e+01 -3.500116095346e+01 3.116953981373e+01 -3.898280899940e-01 5.447017462098e+04
2.012548165654e+03 1.020000000000e+00 4.251507555516e+01 4.800000000000e+00 5.861424976726e+00 4.507148146418e+02 1.827556402798e-01 -2.619512534896e+00 8.935799179047e+01 -3.481137917710e+01 3.125699722827e+01 -4.028718599542e-01 5.520186963987e+04
2.012548279694e+03 1.020000000000e+00 4.251507555516e+01 4.800000000000e+00 6.014539053695e+00 4.520018168799e+02 6.744597351587e-03 -2.637033543734e+00 9.302157506944e+01 -3.453840327639e+01 3.132978830044e+01 -4.048921458462e-01 5.600136482561e+04
2.012548393734e+03 1.020000000000e+00 4.251507555516e+01 4.800000000000e+00 6.145180561628e+00 4.533942818742e+02 -1.826547265398e-01 -2.659068085377e+00 9.694552676509e+01 -3.420434459668e+01 3.140488842795e+01 -3.862314094813e-01 5.712200612879e+04
2.012548507774e+03 1.020000000000e+00 4.251507555516e+01 4.800000000000e+00 6.230608981900e+00 4.549054273368e+02 -3.927439797690e-01 -2.695774687525e+00 1.010886195424e+02 -3.382980556183e+01 3.149218447171e+01 -2.850335668883e-01 5.874673804808e+04
2.012548621815e+03 1.020000000000e+00 4.251507555516e+01 4.800000000000e+00 6.301873935542e+00 4.565188203704e+02 -6.503724633486e-01 -2.735581125328e+00 1.053636127784e+02 -3.342574494090e+01 3.157602380902e+01 -8.762606229438e-02 6.053889808622e+04
2.012548735855e+03 1.020000000000e+00 4.251507555516e+01 4.800000000000e+00 6.372081543019e+00 4.581853698692e+02 -9.895347571439e-01 -2.804125485243e+00 1.095969613070e+02 -3.299406004107e+01 3.160530724012e+01 1.561303264043e-01 6.227821916387e+04
2.012548849895e+03 1.020000000000e+00 4.251507555516e+01 4.800000000000e+00 6.436562005498e+00 4.598386931526e+02 -1.420771493055e+00 -2.895709493416e+00 1.135130398331e+02 -3.253875487310e+01 3.151190929929e+01 4.340371084850e-01 6.385880791670e+04
2.012548963935e+03 1.020000000000e+00 4.251507555516e+01 4.800000000000e+00 6.482094398140e+00 4.614066240628e+02 -1.916653629955e+00 -2.990666991289e+00 1.167606106382e+02 -3.206865660992e+01 3.127897600219e+01 7.405998421657e-01 6.522657235325e+04
2.012549077976e+03 1.020000000000e+00 4.251507555516e+01 4.800000000000e+00 6.486987094458e+00 4.628392400886e+02 -2.440633906465e+00 -3.070411861006e+00 1.189163716419e+02 -3.159382003507e+01 3.098565378696e+01 1.058910162790e+00 6.638311378291e+04
2.012549192016e+03 1.020000000000e+00 4.351507555516e+01 4.900000000000e+00 6.441910627915e+00 4.639877110931e+02 -2.770658794863e+00 -3.145110812665e+00 1.196977337545e+02 -3.126980146140e+01 3.055329407731e+01 1.361252908124e+00 6.728926652053e+04
2.012549306056e+03 1.020000000000e+00 4.351507555516e+01 4.900000000000e+00 6.336183524199e+00 4.651475824792e+02 -3.258352336535e+00 -3.158100835118e+00 1.193445111177e+02 -3.080662335692e+01 3.005022535191e+01 1.630031859586e+00 6.821093983868e+04
2.012549420096e+03 1.020000000000e+00 4.351507555516e+01 4.900000000000e+00 6.210947384949e+00 4.661770047537e+02 -3.620274046469e+00 -3.147579325790e+00 1.178471924672e+02 -3.033991527307e+01 2.952286189462e+01 1.830671323418e+00 6.871363370415e+04
2.012549534137e+03 1.020000000000e+00 4.351507555516e+01 4.900000000000e+00 6.069619260581e+00 4.671199014299e+02 -3.838894496994e+00 -3.108237347876e+00 1.154838545249e+02 -2.986109084106e+01 2.900058777409e+01 1.953620812923e+00 6.890420524013e+04
2.012549648177e+03 1.020000000000e+00 4.351507555516e+01 4.900000000000e+00 5.897001093879e+00 4.680170192534e+02 -3.930929185175e+00 -3.008580900685e+00 1.124557518511e+02 -2.936783892230e+01 2.848409209836e+01 2.023633359548e+00 6.906181509546e+04
2.012549762217e+03 1.020000000000e+00 4.351507555516e+01 4.900000000000e+00 5.716659146048e+00 4.688989193924e+02 -3.949673161021e+00 -2.875808919685e+00 1.091514842534e+02 -2.887429951829e+01 2.796797219004e+01 2.039365507212e+00 6.914710601232e+04
2.012549876257e+03 1.020000000000e+00 4.351507555516e+01 4.900000000000e+00 5.543157893165e+00 4.697698855018e+02 -3.939648103418e+00 -2.728976626484e+00 1.058005472854e+02 -2.840985785453e+01 2.745252163089e+01 2.023219480058e+00 6.912188809583e+04
2.012549990298e+03 1.020000000000e+00 4.351507555516e+01 4.900000000000e+00 5.384254621783e+00 4.706254687071e+02 -3.898356913343e+00 -2.584031332113e+00 1.024735703777e+02 -2.800640844693e+01 2.694064005088e+01 1.962213752809e+00 6.892396587775e+04
2.012550104338e+03 1.020000000000e+00 4.351507555516e+01 4.900000000000e+00 5.243061266809e+00 4.714640943424e+02 -3.814571790329e+00 -2.432581234613e+00 9.927709774521e+01 -2.768465631233e+01 2.643135916474e+01 1.825685362266e+00 6.857213626354e+04
2.012550218378e+03 1.020000000000e+00 4.351507555516e+01 4.900000000000e+00 5.119151508196e+00 4.722836089591e+02 -3.731507877759e+00 -2.270694406146e+00 9.623379152452e+01 -2.744923433720e+01 2.592366554860e+01 1.670056970761e+00 6.807900507196e+04
2.012550332418e+03 1.020000000000e+00 4.351507555516e+01 4.900000000000e+00 5.009418525166e+00 4.730773297360e+02 -3.653659659290e+00 -2.105312583269e+00 9.340184913522e+01 -2.729135135855e+01 2.541412400687e+01 1.515493902668e+00 6.752309658449e+04
2.012550446459e+03 1.020000000000e+00 4.351507555516e+01 4.900000000000e+00 4.909638833856e+00 4.738338013483e+02 -3.565076153681e+00 -1.944073692605e+00 9.083112521518e+01 -2.719297469025e+01 2.489582684848e+01 1.365213209135e+00 6.699919290640e+04
2.012550560499e+03 1.020000000000e+00 4.351507555516e+01 4.900000000000e+00 4.825089066675e+00 4.745403274602e+02 -3.446810036025e+00 -1.790709481918e+00 8.859038294840e+01 -2.713334074973e+01 2.435945774741e+01 1.220091003538e+00 6.649155138776e+04
2.012550674539e+03 1.020000000000e+00 4.351507555516e+01 4.900000000000e+00 4.760149033673e+00 4.752010998808e+02 -3.321078949714e+00 -1.647254910055e+00 8.654658605527e+01 -2.709406498955e+01 2.382612599986e+01 1.083997948860e+00 6.584384591350e+04
2.012550788579e+03 1.020000000000e+00 4.351507555516e+01 4.900000000000e+00 4.703760131773e+00 4.758232951267e+02 -3.198398597152e+00 -1.512755204838e+00 8.465275604420e+01 -2.706289532447e+01 2.330664484602e+01 9.601038582862e-01 6.517494221755e+04
2.012550902620e+03 1.020000000000e+00 4.351507555516e+01 4.900000000000e+00 4.648415845057e+00 4.764079773275e+02 -3.069680466113e+00 -1.386223717028e+00 8.293685215811e+01 -2.703304657955e+01 2.279673431707e+01 8.506609085087e-01 6.461394309910e+04
2.012551016660e+03 1.020000000000e+00 4.351507555516e+01 4.900000000000e+00 4.595823379584e+00 4.769535562604e+02 -2.927442691175e+00 -1.268105486397e+00 8.141763256347e+01 -2.700189487100e+01 2.229472794764e+01 7.584933168349e-01 6.415610488296e+04
2.012551130700e+03 1.020000000000e+00 4.351507555516e+01 4.900000000000e+00 4.548386230612e+00 4.774566661926e+02 -2.771622414961e+00 -1.158299271978e+00 8.008807281300e+01 -2.696990428394e+01 2.180526886054e+01 6.864384649018e-01 6.376650855461e+04
2.012551244740e+03 1.020000000000e+00 4.351507555516e+01 4.900000000000e+00 4.506656910097e+00 4.779097452845e+02 -2.609135527694e+00 -1.055384044699e+00 7.892928401571e+01 -2.693892831862e+01 2.133689312120e+01 6.365157352101e-01 6.342567865836e+04
2.012551358781e+03 1.020000000000e+00 4.351507555516e+01 4.900000000000e+00 4.470014699184e+00 4.783018722809e+02 -2.450798878976e+00 -9.565195130197e-01 7.791852629202e+01 -2.691105158229e+01 2.089755501794e+01 6.089333587106e-01 6.312666807624e+04
2.012551472821e+03 1.020000000000e+00 4.351507555516e+01 4.900000000000e+00 4.437237403565e+00 4.786239398560e+02 -2.308135310329e+00 -8.578593253959e-01 7.702262846812e+01 -2.688733019363e+01 2.049159792264e+01 5.994584106800e-01 6.286171161349e+04
2.012551586861e+03 1.020000000000e+00 4.351507555516e+01 4.900000000000e+00 4.408722652621e+00 4.788590217319e+02 -2.200938372917e+00 -7.561291873314e-01 7.624804519589e+01 -2.686826288589e+01 2.013065835987e+01 5.982210993460e-01 6.263165328966e+04
2.012551700901e+03 1.020000000000e+00 4.351507555516e+01 4.900000000000e+00 4.392330211347e+00 4.789723690206e+02 -2.161352274838e+00 -6.525325273642e-01 7.578904965937e+01 -2.685432746453e+01 1.985200258397e+01 6.074464318881e-01 6.248689165038e+04
2.012551814942e+03 1.020000000000e+00 4.351507555516e+01 4.900000000000e+00 4.380094425322e+00 4.790321104214e+02 -2.150812234140e+00 -5.510897620166e-01 7.543287342190e+01 -2.684484021376e+01 1.961158262239e+01 6.324289628954e-01 6.236706744696e+04
2.012551928982e+03 1.020000000000e+00 4.441507555516e+01 5.000000000000e+00 4.377565468727e+00 4.789884986782e+02 -2.076264235324e+00 -4.780247933390e-01 7.531136200854e+01 -2.696759750710e+01 1.945551924294e+01 6.255724967308e-01 6.230236010409e+04
2.012552043022e+03 1.020000000000e+00 4.441507555516e+01 5.000000000000e+00 4.365962190336e+00 4.789497772392e+02 -2.097654605201e+00 -3.893792572424e-01 7.498387026348e+01 -2.695427412266e+01 1.924732728218e+01 6.472898212855e-01 6.219627365423e+04
2.012552157062e+03 1.020000000000e+00 4.441507555516e+01 5.000000000000e+00 4.356412450668e+00 4.788390448838e+02 -2.160459809426e+00 -3.154230728390e-01 7.470418774498e+01 -2.694486786760e+01 1.909489921978e+01 6.526799709337e-01 6.210006807113e+04
2.012552271103e+03 1.020000000000e+00 4.441507555516e+01 5.000000000000e+00 4.349045519821e+00 4.786982725286e+02 -2.237976635992e+00 -2.607560101232e-01 7.447563186882e+01 -2.693610334982e+01 1.900207507747e+01 6.485442245259e-01 6.201494641129e+04
2.012552385143e+03 1.020000000000e+00 4.441507555516e+01 5.000000000000e+00 4.342448501453e+00 4.785281471099e+02 -2.316537235766e+00 -2.286027164675e-01 7.426034726099e+01 -2.692216873351e+01 1.892090585928e+01 6.362364953696e-01 6.192964283412e+04
2.012552499183e+03 1.020000000000e+00 4.441507555516e+01 5.000000000000e+00 4.335544434136e+00 4.783243564909e+02 -2.393168797223e+00 -2.128025313324e-01 7.403265868201e+01 -2.689869975997e+01 1.883963662868e+01 6.092459732541e-01 6.183808599422e+04
2.012552613223e+03 1.020000000000e+00 4.441507555516e+01 5.000000000000e+00 4.327793842374e+00 4.780855213691e+02 -2.471974020398e+00 -2.111721467721e-01 7.378239840776e+01 -2.686178409292e+01 1.875705811259e+01 5.618742843505e-01 6.173942395080e+04
2.012552727264e+03 1.020000000000e+00 4.441507555516e+01 5.000000000000e+00 4.318851309997e+00 4.778114394765e+02 -2.561059675878e+00 -2.221518865459e-01 7.350112161545e+01 -2.680880230392e+01 1.866984668649e+01 4.985030599998e-01 6.163142957620e+04
2.012552841304e+03 1.020000000000e+00 4.441507555516e+01 5.000000000000e+00 4.308285397151e+00 4.775040905225e+02 -2.668031361531e+00 -2.441139941197e-01 7.317671072877e+01 -2.673805935946e+01 1.857379646486e+01 4.262391044147e-01 6.150993524458e+04
2.012552955344e+03 1.020000000000e+00 4.441507555516e+01 5.000000000000e+00 4.295443939092e+00 4.771681847393e+02 -2.799885918162e+00 -2.705392230758e-01 7.279341042630e+01 -2.664816507431e+01 1.846675334238e+01 3.503629076451e-01 6.137074334411e+04
2.012553069384e+03 1.020000000000e+00 4.441507555516e+01 5.000000000000e+00 4.279531573526e+00 4.768098545713e+02 -2.961887061277e+00 -2.950980181244e-01 7.233221943314e+01 -2.653901582813e+01 1.834835670617e+01 2.738496425160e-01 6.120876838984e+04
2.012553183425e+03 1.020000000000e+00 4.441507555516e+01 5.000000000000e+00 4.259876326509e+00 4.764341095826e+02 -3.156523166235e+00 -3.147593206045e-01 7.177685281743e+01 -2.641250355944e+01 1.821969557040e+01 1.979242921822e-01 6.101917334182e+04
2.012553297465e+03 1.020000000000e+00 4.441507555516e+01 5.000000000000e+00 4.235994215350e+00 4.760429390486e+02 -3.383422570400e+00 -3.280137173230e-01 7.111519536655e+01 -2.627198652209e+01 1.808297514652e+01 1.232377115872e-01 6.079764606731e+04
2.012553411505e+03 1.020000000000e+00 4.441507555516e+01 5.000000000000e+00 4.207649965426e+00 4.756368207555e+02 -3.639382963004e+00 -3.330766473539e-01 7.034075103997e+01 -2.612089386351e+01 1.794149673407e+01 5.052918828035e-02 6.054073215958e+04
2.012553525545e+03 1.020000000000e+00 4.441507555516e+01 5.000000000000e+00 4.175257970346e+00 4.752179857731e+02 -3.917418208918e+00 -3.310633119072e-01 6.946178776065e+01 -2.596273149086e+01 1.780039873052e+01 -1.960956379573e-02 6.024810418723e+04
2.012553639586e+03 1.020000000000e+00 4.441507555516e+01 5.000000000000e+00 4.138837815006e+00 4.747784456923e+02 -4.212012745062e+00 -3.243722518427e-01 6.847611012094e+01 -2.580083156981e+01 1.765872380492e+01 -8.646923125158e-02 5.991581877167e+04
2.012553753626e+03 1.020000000000e+00 4.441507555516e+01 5.000000000000e+00 4.099474011660e+00 4.743173298673e+02 -4.513856439412e+00 -3.137378551491e-01 6.740807109699e+01 -2.563777929055e+01 1.751952739714e+01 -1.501091275318e-01 5.954760226449e+04
2.012553867666e+03 1.020000000000e+00 4.441507555516e+01 5.000000000000e+00 4.058026706935e+00 4.738286664865e+02 -4.815808103988e+00 -3.028569165551e-01 6.627645951917e+01 -2.547512337001e+01 1.738213439557e+01 -2.116370298444e-01 5.914586843553e+04
2.012553981706e+03 1.020000000000e+00 4.441507555516e+01 5.000000000000e+00 4.015268765657e+00 4.733051745688e+02 -5.112364071904e+00 -2.935979084461e-01 6.509843686055e+01 -2.531278012068e+01 1.724455119935e+01 -2.717401993111e-01 5.871314154272e+04
2.012554095747e+03 1.020000000000e+00 4.441507555516e+01 5.000000000000e+00 3.971773971879e+00 4.727386593541e+02 -5.400879226381e+00 -2.858792356831e-01 6.388727006725e+01 -2.514917599823e+01 1.710285328902e+01 -3.294219414348e-01 5.825168804208e+04
2.012554209787e+03 1.020000000000e+00 4.441507555516e+01 5.000000000000e+00 3.927988680530e+00 4.721232324310e+02 -5.682692046483e+00 -2.780883441750e-01 6.265448699071e+01 -2.498094229935e+01 1.695013312862e+01 -3.819803155161e-01 5.776436838194e+04
2.012554323827e+03 1.020000000000e+00 4.441507555516e+01 5.000000000000e+00 3.884351108836e+00 4.714610551156e+02 -5.965414155790e+00 -2.672870307223e-01 6.141368267124e+01 -2.480108608955e+01 1.677796370508e+01 -4.256279691573e-01 5.725641227984e+04
2.012554437867e+03 1.020000000000e+00 4.441507555516e+01 5.000000000000e+00 3.841308867938e+00 4.707647973595e+02 -6.264122512593e+00 -2.523286365851e-01 6.018202717569e+01 -2.459879103053e+01 1.658209401697e+01 -4.566652936925e-01 5.673674186205e+04
2.012554551908e+03 1.020000000000e+00 4.441507555516e+01 5.000000000000e+00 3.799707214746e+00 4.700520881087e+02 -6.594016813001e+00 -2.354226912437e-01 5.898915737181e+01 -2.436376720372e+01 1.636926376525e+01 -4.733774234280e-01 5.622092759540e+04
2.012554665948e+03 1.020000000000e+00 4.541507555516e+01 5.100000000000e+00 3.821892354257e+00 4.699972468430e+02 -6.515562827960e+00 -2.453652550586e-01 5.944656744386e+01 -2.443035806410e+01 1.653415014679e+01 -4.741260752302e-01 5.632460932658e+04
2.012554779988e+03 1.020000000000e+00 4.541507555516e+01 5.100000000000e+00 3.790158987993e+00 4.693376248257e+02 -6.820886032572e+00 -2.365041900362e-01 5.848961137414e+01 -2.417439721683e+01 1.637197288310e+01 -4.835185848055e-01 5.588189696278e+04
2.012554894028e+03 1.020000000000e+00 4.541507555516e+01 5.100000000000e+00 3.765971842031e+00 4.687318311309e+02 -7.063993752216e+00 -2.421716576189e-01 5.772663767930e+01 -2.392201796421e+01 1.625841014698e+01 -4.968927709925e-01 5.550747500546e+04
2.012555008069e+03 1.020000000000e+00 4.541507555516e+01 5.100000000000e+00 3.749879330173e+00 4.682405212760e+02 -7.166713221604e+00 -2.849146827334e-01 5.716898592523e+01 -2.370477839240e+01 1.619389072411e+01 -5.106607177591e-01 5.520750552196e+04
2.012555122109e+03 1.020000000000e+00 4.541507555516e+01 5.100000000000e+00 3.751856115411e+00 4.679881197952e+02 -7.130172467641e+00 -3.656257732339e-01 5.703157605102e+01 -2.354791882019e+01 1.625376622512e+01 -5.269742684863e-01 5.504620546336e+04
2.012555236149e+03 1.020000000000e+00 4.541507555516e+01 5.100000000000e+00 3.782606927493e+00 4.680162344155e+02 -6.969102030201e+00 -4.720766569294e-01 5.753966951610e+01 -2.346570634750e+01 1.653027799534e+01 -5.484100543797e-01 5.508514881583e+04
2.012555350189e+03 1.020000000000e+00 4.541507555516e+01 5.100000000000e+00 3.827783800731e+00 4.681402638942e+02 -6.644806268299e+00 -5.875424740014e-01 5.836199782189e+01 -2.346235584235e+01 1.694127824771e+01 -5.676091924921e-01 5.521300684924e+04
2.012555464230e+03 1.020000000000e+00 4.541507555516e+01 5.100000000000e+00 3.878042216809e+00 4.682759904748e+02 -6.246378922771e+00 -6.976397541550e-01 5.929850592392e+01 -2.353267366046e+01 1.740602761551e+01 -5.776485572151e-01 5.537219886403e+04
2.012555578270e+03 1.020000000000e+00 4.541507555516e+01 5.100000000000e+00 3.925617998164e+00 4.683965110262e+02 -5.831356700041e+00 -7.890616423944e-01 6.017005922003e+01 -2.365854699951e+01 1.788300517245e+01 -5.783967227116e-01 5.550549769423e+04
2.012555692310e+03 1.020000000000e+00 4.541507555516e+01 5.100000000000e+00 3.965598052087e+00 4.684753094280e+02 -5.438893059469e+00 -8.501271628666e-01 6.085515145151e+01 -2.381195361685e+01 1.832716785000e+01 -5.730626648896e-01 5.557187879425e+04
2.012555806350e+03 1.020000000000e+00 4.541507555516e+01 5.100000000000e+00 3.996225715256e+00 4.684071989831e+02 -5.091093138617e+00 -8.842606494654e-01 6.131246308937e+01 -2.396327096916e+01 1.870907713380e+01 -5.582415276182e-01 5.556045818177e+04
2.012555920391e+03 1.020000000000e+00 4.541507555516e+01 5.100000000000e+00 4.020144290106e+00 4.681724550174e+02 -4.796504551862e+00 -9.063418466304e-01 6.160570702875e+01 -2.409396494128e+01 1.902708075117e+01 -5.381316900297e-01 5.549394556726e+04
2.012556034431e+03 1.020000000000e+00 4.541507555516e+01 5.100000000000e+00 4.040515522685e+00 4.678401602300e+02 -4.554567238805e+00 -9.167793063261e-01 6.180647482250e+01 -2.419623092240e+01 1.928677988345e+01 -5.132979952173e-01 5.539396738756e+04
2.012556148471e+03 1.020000000000e+00 4.541507555516e+01 5.100000000000e+00 4.058881476417e+00 4.674321597694e+02 -4.359438101954e+00 -9.206203989956e-01 6.195369953538e+01 -2.426941620256e+01 1.948914135904e+01 -4.847654056859e-01 5.527455885208e+04
2.012556262511e+03 1.020000000000e+00 4.541507555516e+01 5.100000000000e+00 4.076125613071e+00 4.669569964500e+02 -4.200998065265e+00 -9.251225700239e-01 6.207435897064e+01 -2.431776039883e+01 1.963596027272e+01 -4.551795003607e-01 5.514786179277e+04
2.012556376552e+03 1.020000000000e+00 4.541507555516e+01 5.100000000000e+00 4.092848310160e+00 4.664212447489e+02 -4.062036290307e+00 -9.345657520113e-01 6.218334737372e+01 -2.434728433898e+01 1.973589637773e+01 -4.247737565928e-01 5.501893139562e+04
2.012556490592e+03 1.020000000000e+00 4.541507555516e+01 5.100000000000e+00 4.109956915467e+00 4.658379802238e+02 -3.926277519077e+00 -9.514745328791e-01 6.230080267740e+01 -2.436313096685e+01 1.980121971169e+01 -3.938053923947e-01 5.489328821997e+04
2.012556604632e+03 1.020000000000e+00 4.541507555516e+01 5.100000000000e+00 4.129137583206e+00 4.652319125770e+02 -3.784537460160e+00 -9.773636225378e-01 6.246579091915e+01 -2.436836454544e+01 1.984545119201e+01 -3.631982345761e-01 5.478273657240e+04
2.012556718672e+03 1.020000000000e+00 4.541507555516e+01 5.100000000000e+00 4.152321065107e+00 4.646335977174e+02 -3.630945762732e+00 -1.014868611491e+00 6.272369270312e+01 -2.436456119283e+01 1.988431434160e+01 -3.357011929759e-01 5.470136778124e+04
2.012556832713e+03 1.020000000000e+00 4.541507555516e+01 5.100000000000e+00 4.180680209974e+00 4.640659351372e+02 -3.463830066573e+00 -1.067176202733e+00 6.310363272666e+01 -2.435298696786e+01 1.992766152298e+01 -3.127396677434e-01 5.465905488555e+04
2.012556946753e+03 1.020000000000e+00 4.541507555516e+01 5.100000000000e+00 4.211896182787e+00 4.635208005947e+02 -3.270906151272e+00 -1.127901641420e+00 6.355485348712e+01 -2.433702012385e+01 1.998673346375e+01 -2.864003921094e-01 5.464178304514e+04
2.012557060793e+03 1.020000000000e+00 4.541507555516e+01 5.100000000000e+00 4.242151182475e+00 4.629649015385e+02 -3.063445761556e+00 -1.187560727030e+00 6.398701780419e+01 -2.432300343751e+01 2.005275955693e+01 -2.501218959715e-01 5.462118982826e+04
2.012557174833e+03 1.020000000000e+00 4.541507555516e+01 5.100000000000e+00 4.268734929254e+00 4.623599167203e+02 -2.890036940089e+00 -1.238108580179e+00 6.432993510876e+01 -2.431664213810e+01 2.008956366420e+01 -2.028912929223e-01 5.457223363040e+04
2.012557288874e+03 1.020000000000e+00 4.541507555516e+01 5.100000000000e+00 4.291134074895e+00 4.616827790724e+02 -2.799564778834e+00 -1.271272890954e+00 6.455990236216e+01 -2.432003227439e+01 2.004482434252e+01 -1.446198980082e-01 5.448163936960e+04
2.012557402914e+03 1.020000000000e+00 4.631507555516e+01 5.200000000000e+00 4.316234438763e+00 4.619356548514e+02 -2.807247537079e+00 -1.257326413462e+00 6.530893291938e+01 -2.451671510622e+01 1.974122318694e+01 -7.244653197765e-02 5.479568616028e+04
2.012557516954e+03 1.020000000000e+00 4.631507555516e+01 5.200000000000e+00 4.324363330113e+00 4.610984672609e+02 -2.822363917409e+00 -1.253741512837e+00 6.514224966753e+01 -2.454941353221e+01 1.947812441068e+01 1.621486620840e-02 5.455362648519e+04
2.012557630994e+03 1.020000000000e+00 4.631507555516e+01 5.200000000000e+00 4.311935846135e+00 4.600422958250e+02 -2.896094534859e+00 -1.232134022967e+00 6.448930670626e+01 -2.460332811017e+01 1.911234256784e+01 1.171368750068e-01 5.416320597590e+04
2.012557745035e+03 1.020000000000e+00 4.631507555516e+01 5.200000000000e+00 4.283598977880e+00 4.588261046874e+02 -2.987004427544e+00 -1.197732012981e+00 6.348794502713e+01 -2.467296137486e+01 1.863084615906e+01 2.149603446886e-01 5.367567540309e+04
2.012557859075e+03 1.020000000000e+00 4.631507555516e+01 5.200000000000e+00 4.242093320013e+00 4.575045120672e+02 -3.041288582017e+00 -1.163727113299e+00 6.223294350429e+01 -2.475008473237e+01 1.810209346249e+01 2.985375726391e-01 5.313021050668e+04
2.012557973115e+03 1.020000000000e+00 4.631507555516e+01 5.200000000000e+00 4.186994533127e+00 4.561050855485e+02 -3.055944708573e+00 -1.137677651527e+00 6.075280810729e+01 -2.483189481800e+01 1.759546666230e+01 3.602593652300e-01 5.254975691921e+04
2.012558087155e+03 1.020000000000e+00 4.631507555516e+01 5.200000000000e+00 4.117691582405e+00 4.546319823981e+02 -3.041497051483e+00 -1.123199716546e+00 5.906019811434e+01 -2.492382141891e+01 1.718900269914e+01 3.953847524033e-01 5.194596874197e+04
2.012558201196e+03 1.020000000000e+00 4.631507555516e+01 5.200000000000e+00 4.038597575101e+00 4.530977181038e+02 -2.958342689739e+00 -1.117842638456e+00 5.725782643066e+01 -2.503308651916e+01 1.689317751397e+01 4.090096612874e-01 5.134727708697e+04
2.012558315236e+03 1.020000000000e+00 4.631507555516e+01 5.200000000000e+00 3.952381028423e+00 4.515051371458e+02 -2.731985621932e+00 -1.128106161296e+00 5.539109941110e+01 -2.516232707683e+01 1.666148465456e+01 4.064317740759e-01 5.075686139193e+04
2.012558429276e+03 1.020000000000e+00 4.631507555516e+01 5.200000000000e+00 3.860907354572e+00 4.498608376646e+02 -2.368245193120e+00 -1.165088364097e+00 5.347362433619e+01 -2.531375016184e+01 1.647826000369e+01 3.915705560865e-01 5.016072626304e+04
2.012558543316e+03 1.020000000000e+00 4.631507555516e+01 5.200000000000e+00 3.766482357457e+00 4.481689897064e+02 -1.893189713122e+00 -1.235467871646e+00 5.152870704909e+01 -2.549336972541e+01 1.643264155237e+01 3.588661114260e-01 4.954806109887e+04
2.012558657356e+03 1.020000000000e+00 4.631507555516e+01 5.200000000000e+00 3.671815247256e+00 4.464212910281e+02 -1.338687265222e+00 -1.332916004873e+00 4.960618492317e+01 -2.570920553951e+01 1.652506190227e+01 2.989343536414e-01 4.892923044370e+04
2.012558771397e+03 1.020000000000e+00 4.631507555516e+01 5.200000000000e+00 3.579595615460e+00 4.446155528662e+02 -7.155916072249e-01 -1.453967006425e+00 4.770963881167e+01 -2.597350324967e+01 1.669776479382e+01 2.226986268626e-01 4.827068081889e+04
2.012558885437e+03 1.020000000000e+00 4.631507555516e+01 5.200000000000e+00 3.492182667892e+00 4.427594088554e+02 -4.596748501770e-03 -1.602402592591e+00 4.587650175813e+01 -2.630255329577e+01 1.694461301209e+01 1.361116561567e-01 4.757755546740e+04
