VARIABLES="time" "Distance" "lon" "lat" "density" "Vx" "Vy" "Vz" "p" "Bx" "By" "Bz" "T"
ZONE
DT=(DOUBLE DOUBLE DOUBLE DOUBLE DOUBLE DOUBLE DOUBLE DOUBLE DOUBLE DOUBLE DOUBLE DOUBLE DOUBLE )
2.012529234973e+03 1.020000000000e+00 3.591507555516e+01 4.200000000000e+00 3.652711505346e+00 4.177684221488e+02 7.070546155698e+00 -2.495022167756e+00 5.448854049228e+01 2.589592908127e+01 -8.701723017045e+00 -1.704747534736e+00 5.393331811807e+04
2.012529349013e+03 1.020000000000e+00 3.591507555516e+01 4.200000000000e+00 3.903202833374e+00 4.158196115199e+02 7.340565587187e+00 -1.329583821007e+00 5.995003876155e+01 2.288904737657e+01 -8.715980294206e+00 -5.343045652393e-01 5.552091706599e+04
2.012529463053e+03 1.020000000000e+00 3.591507555516e+01 4.200000000000e+00 4.208302510863e+00 4.143577701154e+02 7.379797602364e+00 -4.683467205378e-01 6.683595230242e+01 1.979479978681e+01 -8.630231237902e+00 4.775235883051e-01 5.741999675801e+04
2.012529577093e+03 1.020000000000e+00 3.591507555516e+01 4.200000000000e+00 4.521065477482e+00 4.130516063724e+02 7.252663438103e+00 3.731898310541e-02 7.409478726903e+01 1.679155663372e+01 -8.473536063887e+00 1.174904151339e+00 5.927367953126e+04
2.012529691134e+03 1.020000000000e+00 3.591507555516e+01 4.200000000000e+00 4.810908225710e+00 4.117652850988e+02 6.690424865382e+00 2.137844398206e-01 8.097763615994e+01 1.409177881491e+01 -8.299599059344e+00 1.511862639614e+00 6.089916541255e+04
2.012529805174e+03 1.020000000000e+00 3.591507555516e+01 4.200000000000e+00 5.066306087800e+00 4.104882391854e+02 5.506774891593e+00 1.302762661278e-01 8.715613141516e+01 1.184854255748e+01 -8.124906680124e+00 1.636758503909e+00 6.226142857226e+04
2.012529919214e+03 1.020000000000e+00 3.591507555516e+01 4.200000000000e+00 5.278334277020e+00 4.092336498352e+02 3.901115525303e+00 -3.146558901171e-01 9.236497109124e+01 1.010127823092e+01 -7.946145870004e+00 1.617046144366e+00 6.334727199225e+04
2.012530033254e+03 1.020000000000e+00 3.591507555516e+01 4.200000000000e+00 5.438415091503e+00 4.079879198204e+02 2.231460108717e+00 -9.870429345143e-01 9.657256115127e+01 8.782367248054e+00 -7.678240813423e+00 1.440013352031e+00 6.429240254744e+04
2.012530147295e+03 1.020000000000e+00 3.681507555516e+01 4.300000000000e+00 5.551844427043e+00 4.098110267439e+02 1.035310309332e+00 -2.269222294287e+00 9.760426406825e+01 1.103231125370e+01 -9.544930443406e+00 8.568938227319e-01 6.365780544410e+04
2.012530261335e+03 1.020000000000e+00 3.681507555516e+01 4.300000000000e+00 5.480315114719e+00 4.086357437318e+02 -4.146415041162e-01 -2.716695873943e+00 1.008032480619e+02 1.001309761383e+01 -8.556646803558e+00 9.343077759416e-02 6.660542502735e+04
2.012530375375e+03 1.020000000000e+00 3.681507555516e+01 4.300000000000e+00 5.363698712392e+00 4.075158606601e+02 -1.533306927925e+00 -3.111510249663e+00 1.027415884957e+02 9.054747465236e+00 -7.480332831798e+00 -5.450961592020e-01 6.936544779973e+04
2.012530489415e+03 1.020000000000e+00 3.681507555516e+01 4.300000000000e+00 5.231056537670e+00 4.062044276155e+02 -2.185394070449e+00 -3.362626547132e+00 1.028870092392e+02 8.036715483932e+00 -6.245957809711e+00 -9.397132639965e-01 7.122917171752e+04
2.012530603456e+03 1.020000000000e+00 3.681507555516e+01 4.300000000000e+00 5.082420832041e+00 4.043295967203e+02 -2.446773516704e+00 -3.452495136468e+00 1.007675057323e+02 6.846181740267e+00 -4.634230882542e+00 -1.087031378070e+00 7.180342192170e+04
2.012530717496e+03 1.020000000000e+00 3.681507555516e+01 4.300000000000e+00 4.939247001056e+00 4.020623564029e+02 -2.434429155272e+00 -3.409477804910e+00 9.782372340856e+01 5.394752258188e+00 -2.827414391575e+00 -1.103213369805e+00 7.172632430202e+04
2.012530831536e+03 1.020000000000e+00 3.681507555516e+01 4.300000000000e+00 4.814625999147e+00 3.994822715487e+02 -1.883648361950e+00 -3.057081902323e+00 9.485317488147e+01 3.622082590642e+00 -9.447161920832e-01 -9.700881785947e-01 7.134907619018e+04
2.012530945576e+03 1.020000000000e+00 3.681507555516e+01 4.300000000000e+00 4.705092723779e+00 3.965639110606e+02 -6.859141544465e-01 -2.126468138502e+00 9.207156497696e+01 1.498253453362e+00 1.040293108416e+00 -5.410757638171e-01 7.087141142185e+04
2.012531059617e+03 1.020000000000e+00 3.681507555516e+01 4.300000000000e+00 4.609692804908e+00 3.933197519942e+02 1.128613974079e+00 -8.917888371793e-01 8.933273965839e+01 -9.855418457650e-01 3.212943449818e+00 1.448772708219e-01 7.018756051560e+04
2.012531173657e+03 1.020000000000e+00 3.681507555516e+01 4.300000000000e+00 4.527716941893e+00 3.898409779434e+02 3.225825056518e+00 2.992154270556e-01 8.603117437312e+01 -3.815543421701e+00 5.577059283836e+00 8.214044579918e-01 6.882006287432e+04
2.012531287697e+03 1.020000000000e+00 3.681507555516e+01 4.300000000000e+00 4.475656873307e+00 3.862759194279e+02 5.464116923667e+00 1.268396840924e+00 8.228004584564e+01 -6.956091043268e+00 8.104027777443e+00 1.316743723617e+00 6.658260314638e+04
2.012531401737e+03 1.020000000000e+00 3.681507555516e+01 4.300000000000e+00 4.468252580304e+00 3.827392164662e+02 7.747283522377e+00 1.984929991934e+00 7.827516202662e+01 -1.032932902012e+01 1.074346158677e+01 1.624076502170e+00 6.343353455353e+04
2.012531515778e+03 1.020000000000e+00 3.681507555516e+01 4.300000000000e+00 4.476779220841e+00 3.792832619838e+02 9.993784202191e+00 2.481497751807e+00 7.381689342869e+01 -1.382130360354e+01 1.341283889296e+01 1.801306285428e+00 5.969044838787e+04
2.012531629818e+03 1.020000000000e+00 3.681507555516e+01 4.300000000000e+00 4.486806911298e+00 3.759750008771e+02 1.211212274447e+01 2.731744026441e+00 6.852158273163e+01 -1.729781835955e+01 1.605170507250e+01 1.864154580613e+00 5.526988737169e+04
2.012531743858e+03 1.020000000000e+00 3.681507555516e+01 4.300000000000e+00 4.494505364074e+00 3.729269593400e+02 1.400581479476e+01 2.789406957586e+00 6.278061309354e+01 -2.063229765245e+01 1.860940069256e+01 1.814024014872e+00 5.054326289484e+04
2.012531857898e+03 1.020000000000e+00 3.681507555516e+01 4.300000000000e+00 4.504511847087e+00 3.702176134248e+02 1.559529517384e+01 2.705992847926e+00 5.706323472898e+01 -2.372667407667e+01 2.097872817216e+01 1.604097334633e+00 4.583882010356e+04
2.012531971939e+03 1.020000000000e+00 3.681507555516e+01 4.300000000000e+00 4.524392931453e+00 3.678712696154e+02 1.682551400714e+01 2.487581224662e+00 5.179938686390e+01 -2.651097638059e+01 2.308177839019e+01 1.211588991842e+00 4.144193964051e+04
2.012532085979e+03 1.020000000000e+00 3.681507555516e+01 4.300000000000e+00 4.560386501978e+00 3.658760023997e+02 1.767192855622e+01 2.158869932052e+00 4.732954055861e+01 -2.895061529112e+01 2.489774697253e+01 6.538143053952e-01 3.758993980867e+04
2.012532200019e+03 1.020000000000e+00 3.681507555516e+01 4.300000000000e+00 4.618657107697e+00 3.642403883746e+02 1.818295397852e+01 1.864106068571e+00 4.388296019537e+01 -3.105285862506e+01 2.645913951496e+01 9.698587071843e-02 3.443159290685e+04
2.012532314059e+03 1.020000000000e+00 3.681507555516e+01 4.300000000000e+00 4.703898121533e+00 3.629515824175e+02 1.841161744729e+01 1.694979042262e+00 4.140360460448e+01 -3.283575820639e+01 2.777201555915e+01 -3.453015729355e-01 3.190817537349e+04
2.012532428100e+03 1.020000000000e+00 3.681507555516e+01 4.300000000000e+00 4.807200979168e+00 3.620716636504e+02 1.839371671767e+01 1.631291666571e+00 3.975915749456e+01 -3.433531298878e+01 2.886579193544e+01 -6.113616157930e-01 2.998531538844e+04
2.012532542140e+03 1.020000000000e+00 3.681507555516e+01 4.300000000000e+00 4.910669678896e+00 3.616399817782e+02 1.814811524217e+01 1.651665427448e+00 3.862251312531e+01 -3.558923900930e+01 2.983914167232e+01 -7.260361078164e-01 2.850241387126e+04
2.012532656180e+03 1.020000000000e+00 3.681507555516e+01 4.300000000000e+00 5.036598918386e+00 3.617452358317e+02 1.753258374770e+01 1.820799767688e+00 3.818327324389e+01 -3.662211505967e+01 3.066551044165e+01 -7.289649462349e-01 2.746967092681e+04
2.012532770220e+03 1.020000000000e+00 3.681507555516e+01 4.300000000000e+00 5.163021914869e+00 3.624776734152e+02 1.647024441799e+01 2.195823687586e+00 3.845651900772e+01 -3.743129569920e+01 3.140932159125e+01 -5.795363686763e-01 2.699007349068e+04
2.012532884261e+03 1.020000000000e+00 3.781507555516e+01 4.400000000000e+00 5.172339108698e+00 3.591512748832e+02 1.787855962699e+01 2.182765300712e+00 3.945304377993e+01 -3.629644912622e+01 3.061221774143e+01 -6.791301193302e-01 2.764483958342e+04
2.012532998301e+03 1.020000000000e+00 3.781507555516e+01 4.400000000000e+00 5.361986165388e+00 3.600837324908e+02 1.663449065746e+01 2.601428087623e+00 4.011228791585e+01 -3.714003887972e+01 3.136108046682e+01 -4.005871300452e-01 2.709623728315e+04
2.012533112341e+03 1.020000000000e+00 3.781507555516e+01 4.400000000000e+00 5.564517299876e+00 3.616889967581e+02 1.497925400845e+01 3.160077373175e+00 4.155292499472e+01 -3.777368883491e+01 3.201547945848e+01 1.694357378169e-02 2.702622158813e+04
2.012533226381e+03 1.020000000000e+00 3.781507555516e+01 4.400000000000e+00 5.778236970055e+00 3.636266007587e+02 1.303128391051e+01 3.844055293207e+00 4.345715242664e+01 -3.820740608717e+01 3.255919835440e+01 6.060096361019e-01 2.717952174159e+04
2.012533340422e+03 1.020000000000e+00 3.781507555516e+01 4.400000000000e+00 6.062678003146e+00 3.661329439511e+02 1.068660088473e+01 4.567156171068e+00 4.637255187629e+01 -3.846080271230e+01 3.285201699860e+01 1.296754895827e+00 2.762368998764e+04
2.012533454462e+03 1.020000000000e+00 3.781507555516e+01 4.400000000000e+00 6.360494201069e+00 3.689616329839e+02 8.186076367340e+00 5.261567889586e+00 4.978228600170e+01 -3.857173040157e+01 3.293204358030e+01 2.015499660543e+00 2.827259113486e+04
2.012533568502e+03 1.020000000000e+00 3.781507555516e+01 4.400000000000e+00 6.600503633102e+00 3.718115877161e+02 5.713664813799e+00 5.892864478471e+00 5.313307457882e+01 -3.858397139836e+01 3.284516160686e+01 2.688496719916e+00 2.910084956718e+04
2.012533682542e+03 1.020000000000e+00 3.781507555516e+01 4.400000000000e+00 6.741870870183e+00 3.745001506399e+02 3.372513412481e+00 6.425226938621e+00 5.614072796506e+01 -3.854287785917e+01 3.261530453838e+01 3.248322125829e+00 3.014122193058e+04
2.012533796583e+03 1.020000000000e+00 3.781507555516e+01 4.400000000000e+00 6.816924919096e+00 3.768810074961e+02 1.236627058885e+00 6.842923803415e+00 5.862262195529e+01 -3.849648801557e+01 3.222433448990e+01 3.658928025602e+00 3.117622955064e+04
2.012533910623e+03 1.020000000000e+00 3.781507555516e+01 4.400000000000e+00 6.794991331617e+00 3.788607306316e+02 -6.138894790320e-01 7.153751064313e+00 6.039323234199e+01 -3.847696954811e+01 3.169151643932e+01 3.922096417194e+00 3.224582771530e+04
2.012534024663e+03 1.020000000000e+00 3.781507555516e+01 4.400000000000e+00 6.686565187930e+00 3.804116223175e+02 -2.145992541749e+00 7.372678335642e+00 6.130502357093e+01 -3.850308351590e+01 3.110550634545e+01 4.061169245418e+00 3.325713317952e+04
2.012534138703e+03 1.020000000000e+00 3.781507555516e+01 4.400000000000e+00 6.525816614536e+00 3.815242063184e+02 -3.341593272024e+00 7.497374864461e+00 6.141873294396e+01 -3.857792043643e+01 3.050344115774e+01 4.046960343364e+00 3.412623337715e+04
2.012534252744e+03 1.020000000000e+00 3.781507555516e+01 4.400000000000e+00 6.351308755607e+00 3.822133113970e+02 -4.237004358877e+00 7.482308320360e+00 6.087395678871e+01 -3.870751539168e+01 2.988308396821e+01 3.847065844902e+00 3.473867270960e+04
2.012534366784e+03 1.020000000000e+00 3.781507555516e+01 4.400000000000e+00 6.142668001721e+00 3.823644145667e+02 -4.850503098095e+00 7.369147850417e+00 5.944598092828e+01 -3.885600277728e+01 2.931094280328e+01 3.535969334616e+00 3.504500019348e+04
2.012534480824e+03 1.020000000000e+00 3.781507555516e+01 4.400000000000e+00 5.905453196738e+00 3.819726427708e+02 -5.227479879933e+00 7.306597941074e+00 5.731671546436e+01 -3.873168215167e+01 2.886602870635e+01 3.248721679163e+00 3.510978284564e+04
2.012534594864e+03 1.020000000000e+00 3.781507555516e+01 4.400000000000e+00 6.407149617737e+00 3.980012831129e+02 -3.629821212532e+00 9.822755715945e-01 2.039969262949e+02 -3.966371282216e+01 3.349822819561e+01 -4.731463367231e-04 1.008561370187e+05
2.012534708905e+03 1.020000000000e+00 3.781507555516e+01 4.400000000000e+00 1.242719053210e+01 5.132880526775e+02 8.137887659858e+00 -3.426860119467e+01 2.054196129339e+03 -4.628651069242e+01 8.097639432193e+01 -1.650087048034e+01 5.832068701215e+05
2.012534822945e+03 1.020000000000e+00 3.781507555516e+01 4.400000000000e+00 1.780705885479e+01 5.790443755036e+02 1.706015905410e+01 -5.223693854152e+01 3.942782783863e+03 -4.971893640440e+01 1.231418448047e+02 -2.403338116753e+01 8.021465988799e+05
2.012534936985e+03 1.020000000000e+00 3.781507555516e+01 4.400000000000e+00 1.790100620757e+01 5.855097080202e+02 1.949572970748e+01 -5.201626763799e+01 3.957459987833e+03 -4.683132568366e+01 1.244999024298e+02 -1.944262685923e+01 8.005765731990e+05
2.012535051025e+03 1.020000000000e+00 3.781507555516e+01 4.400000000000e+00 1.716304278811e+01 5.799322339168e+02 1.834943496570e+01 -4.740336636295e+01 3.600433111506e+03 -4.016481015879e+01 1.118330071620e+02 -1.025964041325e+01 7.595565121611e+05
2.012535165066e+03 1.020000000000e+00 3.781507555516e+01 4.400000000000e+00 1.673663973160e+01 5.721519180134e+02 1.078823706148e+01 -4.422253177153e+01 3.285740259993e+03 -3.442089680664e+01 7.706364308104e+01 -5.558520603173e+00 7.110311589175e+05
2.012535279106e+03 1.020000000000e+00 3.781507555516e+01 4.400000000000e+00 1.675495057982e+01 5.713206491185e+02 -5.312905477925e+00 -4.399938703895e+01 3.154839774190e+03 -3.071295507926e+01 2.842234469955e+01 -5.060765661486e+00 6.819758552915e+05
2.012535393146e+03 1.020000000000e+00 3.781507555516e+01 4.400000000000e+00 1.640490411730e+01 5.728960192284e+02 -2.193216613919e+01 -4.800151507368e+01 3.009513317965e+03 -2.882137515277e+01 -2.839234204713e+01 -1.407783091201e+01 6.645570155522e+05
2.012535507186e+03 1.020000000000e+00 3.781507555516e+01 4.400000000000e+00 1.484956237498e+01 5.728918192367e+02 -3.378436271837e+01 -5.431852489805e+01 2.608612602084e+03 -2.998271688981e+01 -8.337677638063e+01 -3.930136890772e+01 6.373364693752e+05
2.012535621227e+03 1.020000000000e+00 3.871507555516e+01 4.400000000000e+00 1.199668702197e+01 5.684521363485e+02 -4.073657991961e+01 -5.564464427076e+01 2.028941084259e+03 -3.438977564523e+01 -1.137059295790e+02 -5.982913397266e+01 6.146471826849e+05
2.012535735267e+03 1.020000000000e+00 3.871507555516e+01 4.400000000000e+00 8.245423526762e+00 5.629883501163e+02 -4.112021538355e+01 -5.559160909864e+01 1.470280145245e+03 -5.126312298126e+01 -1.219062667283e+02 -9.145146458362e+01 6.480942220385e+05
2.012535849307e+03 1.020000000000e+00 3.871507555516e+01 4.400000000000e+00 5.704624683595e+00 5.573271112873e+02 -3.622388975765e+01 -5.039785435616e+01 1.056826795512e+03 -7.144305786543e+01 -1.157457305338e+02 -1.125809737871e+02 6.707189163687e+05
2.012535963347e+03 1.020000000000e+00 3.871507555516e+01 4.400000000000e+00 4.457761282810e+00 5.528269913912e+02 -1.660977236828e+01 -4.187497691673e+01 7.875716628746e+02 -9.067899553089e+01 -1.016894177847e+02 -1.274622740183e+02 6.380719023091e+05
2.012536077388e+03 1.020000000000e+00 3.871507555516e+01 4.400000000000e+00 3.806482232529e+00 5.494586133398e+02 8.382204281473e+00 -3.624332933727e+01 5.798396063669e+02 -1.059066293623e+02 -8.854143771010e+01 -1.394102730956e+02 5.505530204714e+05
2.012536191428e+03 1.020000000000e+00 3.871507555516e+01 4.400000000000e+00 3.559746500067e+00 5.473393797218e+02 2.632991128581e+01 -2.997074442806e+01 4.298387341616e+02 -1.169544064435e+02 -8.155408020954e+01 -1.458929535253e+02 4.369224016711e+05
2.012536305468e+03 1.020000000000e+00 3.871507555516e+01 4.400000000000e+00 3.434888525307e+00 5.458501119284e+02 3.589429357647e+01 -2.257353298602e+01 3.163296221091e+02 -1.259031672873e+02 -7.995318228143e+01 -1.478862871529e+02 3.334081841915e+05
2.012536419508e+03 1.020000000000e+00 3.871507555516e+01 4.400000000000e+00 3.319975501338e+00 5.459094095242e+02 3.984190209586e+01 -1.439583418272e+01 2.201054481657e+02 -1.338412475497e+02 -8.744792808860e+01 -1.460181392859e+02 2.397881369071e+05
2.012536533549e+03 1.020000000000e+00 3.871507555516e+01 4.400000000000e+00 3.067146376831e+00 5.470298218292e+02 4.069122454668e+01 -2.095439782674e+00 1.375002510662e+02 -1.396905766011e+02 -1.030923799448e+02 -1.382417716948e+02 1.614527032593e+05
2.012536647589e+03 1.020000000000e+00 3.871507555516e+01 4.400000000000e+00 2.620511057321e+00 5.470795193695e+02 4.186092953235e+01 1.110137897482e+01 7.683053273945e+01 -1.447016777088e+02 -1.194378037284e+02 -1.234199125040e+02 1.052983323303e+05
2.012536761629e+03 1.020000000000e+00 3.871507555516e+01 4.400000000000e+00 2.198113622515e+00 5.468566908404e+02 4.373384960993e+01 2.034348110933e+01 4.032958752067e+01 -1.504483235898e+02 -1.331292213131e+02 -1.065514811424e+02 6.590955005520e+04
2.012536875669e+03 1.020000000000e+00 3.871507555516e+01 4.400000000000e+00 1.888249085429e+00 5.447007822917e+02 4.601947618439e+01 2.434326278130e+01 2.251846362116e+01 -1.564007270465e+02 -1.424016725404e+02 -8.996796942443e+01 4.304152700202e+04
2.012536989709e+03 1.020000000000e+00 3.871507555516e+01 4.400000000000e+00 1.674535501751e+00 5.392893705463e+02 4.843030757669e+01 2.428156527660e+01 1.554748963373e+01 -1.619604875912e+02 -1.473214605391e+02 -7.470464541677e+01 3.359862115648e+04
2.012537103750e+03 1.020000000000e+00 3.871507555516e+01 4.400000000000e+00 1.478835340562e+00 5.316561320212e+02 5.219151867714e+01 2.050300639555e+01 1.200331489849e+01 -1.673020378833e+02 -1.492232515848e+02 -6.061925170466e+01 2.941200904988e+04
2.012537217790e+03 1.020000000000e+00 3.871507555516e+01 4.400000000000e+00 1.299886059322e+00 5.243403152936e+02 5.530013827186e+01 1.550397777508e+01 9.631848726698e+00 -1.723996225080e+02 -1.499794693272e+02 -4.654011155051e+01 2.691557903838e+04
2.012537331830e+03 1.020000000000e+00 3.871507555516e+01 4.400000000000e+00 1.153693026275e+00 5.167805058334e+02 5.662313941371e+01 1.100457037595e+01 7.958983705152e+00 -1.769219807039e+02 -1.496811144056e+02 -3.149303351495e+01 2.509942102750e+04
2.012537445870e+03 1.020000000000e+00 3.871507555516e+01 4.400000000000e+00 1.064761456443e+00 5.091076177959e+02 5.614981607945e+01 7.180747049381e+00 7.167944645185e+00 -1.808780469525e+02 -1.482511443266e+02 -1.569455639349e+01 2.451274708999e+04
2.012537559911e+03 1.020000000000e+00 3.871507555516e+01 4.400000000000e+00 1.001189233234e+00 5.017568202282e+02 5.490729916563e+01 3.807388292534e+00 6.873288294087e+00 -1.841100357911e+02 -1.454205302164e+02 3.282811575826e-01 2.499827719125e+04
2.012537673951e+03 1.020000000000e+00 3.871507555516e+01 4.400000000000e+00 9.593193046379e-01 4.949745822785e+02 5.323907695581e+01 8.601994794618e-01 6.787974345838e+00 -1.863801108328e+02 -1.412606457042e+02 1.618535902855e+01 2.575080760506e+04
2.012537787991e+03 1.020000000000e+00 3.871507555516e+01 4.400000000000e+00 9.255344546444e-01 4.883009148667e+02 5.170983410385e+01 -1.676226734169e+00 6.880602099151e+00 -1.875852312006e+02 -1.357369289749e+02 3.171031206945e+01 2.701593376256e+04
2.012537902031e+03 1.020000000000e+00 3.871507555516e+01 4.400000000000e+00 8.949052988069e-01 4.813222154352e+02 5.063497561176e+01 -3.942257766549e+00 6.884072148616e+00 -1.874925567486e+02 -1.288837223240e+02 4.661271034170e+01 2.790213639238e+04
2.012538016072e+03 1.020000000000e+00 3.871507555516e+01 4.400000000000e+00 8.671149131886e-01 4.750290321779e+02 4.940784234678e+01 -5.861002026344e+00 6.844793077356e+00 -1.863815137338e+02 -1.212266177740e+02 6.074779753504e+01 2.859414003501e+04
2.012538130112e+03 1.020000000000e+00 3.871507555516e+01 4.400000000000e+00 8.427882237723e-01 4.694634393454e+02 4.819898625942e+01 -7.245216194712e+00 6.737229761540e+00 -1.845516942687e+02 -1.130036786980e+02 7.403504704419e+01 2.894201936406e+04
2.012538244152e+03 1.020000000000e+00 3.871507555516e+01 4.400000000000e+00 8.212959191210e-01 4.642250827431e+02 4.736779103157e+01 -8.343966792914e+00 6.480714557145e+00 -1.820868642699e+02 -1.041040736496e+02 8.616277080300e+01 2.859364081838e+04
2.012538358192e+03 1.020000000000e+00 3.971507555516e+01 4.500000000000e+00 8.341993898552e-01 4.518901695385e+02 4.592293060802e+01 -1.312067037896e+01 8.294534547256e+00 -1.787942994514e+02 -9.745524535575e+01 1.082644590247e+02 3.541829607408e+04
2.012538472233e+03 1.020000000000e+00 3.971507555516e+01 4.500000000000e+00 8.107154829446e-01 4.470556208239e+02 4.624407022214e+01 -1.377829447857e+01 7.359801067756e+00 -1.753782553315e+02 -8.688194902341e+01 1.177663488436e+02 3.257839460762e+04
2.012538586273e+03 1.020000000000e+00 3.971507555516e+01 4.500000000000e+00 7.894744017032e-01 4.427700842928e+02 4.729480963411e+01 -1.410634560086e+01 6.483842113375e+00 -1.705869548949e+02 -7.638308085033e+01 1.258166636698e+02 2.963763670072e+04
2.012538700313e+03 1.020000000000e+00 3.971507555516e+01 4.500000000000e+00 7.759346405171e-01 4.390970971391e+02 4.889728951399e+01 -1.414256025893e+01 5.719209224909e+00 -1.642953048964e+02 -6.630115633034e+01 1.325322117650e+02 2.669031134312e+04
2.012538814353e+03 1.020000000000e+00 3.971507555516e+01 4.500000000000e+00 7.663726539310e-01 4.360441057897e+02 5.068439367045e+01 -1.408330018255e+01 5.107448712199e+00 -1.574886007776e+02 -5.677139534883e+01 1.379602757237e+02 2.416194204778e+04
2.012538928394e+03 1.020000000000e+00 3.971507555516e+01 4.500000000000e+00 7.550853101134e-01 4.335928292468e+02 5.247960290898e+01 -1.406866912676e+01 4.667936582651e+00 -1.505876359735e+02 -4.791350441653e+01 1.421664297401e+02 2.240693813520e+04
2.012539042434e+03 1.020000000000e+00 3.971507555516e+01 4.500000000000e+00 7.423703586402e-01 4.317787452216e+02 5.412916640328e+01 -1.427553970745e+01 4.368821369256e+00 -1.437410607943e+02 -3.986264766736e+01 1.451974391551e+02 2.132195082006e+04
2.012539156474e+03 1.020000000000e+00 3.971507555516e+01 4.500000000000e+00 7.268716370389e-01 4.304714945642e+02 5.543327130314e+01 -1.492889168651e+01 4.207567537530e+00 -1.371355446945e+02 -3.265210628915e+01 1.471331799493e+02 2.097464005377e+04
2.012539270514e+03 1.020000000000e+00 3.971507555516e+01 4.500000000000e+00 7.083632679967e-01 4.292831326141e+02 5.654825584030e+01 -1.607025669923e+01 4.128073259126e+00 -1.309390820256e+02 -2.619164509534e+01 1.481225043963e+02 2.112076099209e+04
2.012539384555e+03 1.020000000000e+00 3.971507555516e+01 4.500000000000e+00 6.865653765616e-01 4.281969566479e+02 5.760419842350e+01 -1.764092552461e+01 4.157553892219e+00 -1.251820229087e+02 -2.035102145669e+01 1.483548116740e+02 2.195335564531e+04
2.012539498595e+03 1.020000000000e+00 3.971507555516e+01 4.500000000000e+00 6.577099296400e-01 4.272169841566e+02 5.880969498732e+01 -1.960043559004e+01 4.226178323697e+00 -1.197849402140e+02 -1.511822949592e+01 1.479788700931e+02 2.331424494490e+04
2.012539612635e+03 1.020000000000e+00 3.971507555516e+01 4.500000000000e+00 6.151167805633e-01 4.261222320547e+02 6.039985026176e+01 -2.185118508616e+01 4.211865555609e+00 -1.147640377206e+02 -1.046991778963e+01 1.471678387243e+02 2.486092544959e+04
2.012539726675e+03 1.020000000000e+00 3.971507555516e+01 4.500000000000e+00 5.658474213407e-01 4.248915507663e+02 6.259737572953e+01 -2.417039285612e+01 4.119516278560e+00 -1.101666410167e+02 -6.328089895489e+00 1.460498569727e+02 2.644434962951e+04
2.012539840716e+03 1.020000000000e+00 3.971507555516e+01 4.500000000000e+00 5.169008681219e-01 4.235338364555e+02 6.534418774654e+01 -2.650917668039e+01 3.974948223051e+00 -1.059903465870e+02 -2.564058399183e+00 1.447041070371e+02 2.793712333696e+04
2.012539954756e+03 1.020000000000e+00 3.971507555516e+01 4.500000000000e+00 4.708232607994e-01 4.219603215051e+02 6.829009576251e+01 -2.895340859859e+01 3.755060092344e+00 -1.021534119775e+02 8.762319503940e-01 1.431978654064e+02 2.896478898110e+04
2.012540068796e+03 1.020000000000e+00 3.971507555516e+01 4.500000000000e+00 4.287828174787e-01 4.201990802932e+02 7.080149794771e+01 -3.137150515913e+01 3.509156551098e+00 -9.855997276331e+01 4.127621980226e+00 1.415471451594e+02 2.971328510731e+04
2.012540182836e+03 1.020000000000e+00 3.971507555516e+01 4.500000000000e+00 3.917001750548e-01 4.182404254956e+02 7.251136351588e+01 -3.358366869973e+01 3.294919858074e+00 -9.518218861331e+01 7.331716122627e+00 1.397916875222e+02 3.053395692923e+04
2.012540296877e+03 1.020000000000e+00 3.971507555516e+01 4.500000000000e+00 3.586901186472e-01 4.161113376262e+02 7.340447410988e+01 -3.538133826709e+01 3.146522816049e+00 -9.200613717515e+01 1.062720337543e+01 1.379591784468e+02 3.183905532378e+04
2.012540410917e+03 1.020000000000e+00 3.971507555516e+01 4.500000000000e+00 3.277250781805e-01 4.138226206364e+02 7.307683748331e+01 -3.672193603937e+01 3.069978298781e+00 -8.905419270685e+01 1.415247557099e+01 1.360246075565e+02 3.400204632024e+04
2.012540524957e+03 1.020000000000e+00 3.971507555516e+01 4.500000000000e+00 3.025929667328e-01 4.111239486305e+02 7.120609715415e+01 -3.719115961358e+01 3.180226519867e+00 -8.628137525385e+01 1.828841343754e+01 1.339230300952e+02 3.812546197654e+04
2.012540638997e+03 1.020000000000e+00 3.971507555516e+01 4.500000000000e+00 2.866506135781e-01 4.075672057652e+02 6.538318583464e+01 -3.661658504129e+01 3.646778606822e+00 -8.347311651581e+01 2.320458852677e+01 1.316120941022e+02 4.610256807868e+04
2.012540753038e+03 1.020000000000e+00 3.971507555516e+01 4.500000000000e+00 2.753477730859e-01 4.034386436770e+02 5.657881781415e+01 -3.547227602558e+01 4.278887484865e+00 -8.038766141298e+01 2.899245247682e+01 1.290497454005e+02 5.631126673846e+04
2.012540867078e+03 1.020000000000e+00 3.971507555516e+01 4.500000000000e+00 2.665880168844e-01 3.986024455754e+02 4.603182390932e+01 -3.322950432957e+01 4.812653681873e+00 -7.686360400956e+01 3.545143302916e+01 1.261433946802e+02 6.541763327928e+04
2.012540981118e+03 1.020000000000e+00 3.971507555516e+01 4.500000000000e+00 2.603341568606e-01 3.929890358040e+02 3.500266654449e+01 -2.968875817740e+01 5.211693655752e+00 -7.301114029868e+01 4.229755408099e+01 1.228809755915e+02 7.260482606043e+04
2.012541095158e+03 1.020000000000e+00 4.061507555516e+01 4.600000000000e+00 2.740210670766e-01 3.820411852922e+02 2.179078889697e+01 -2.455424911148e+01 4.997529793237e+00 -6.210557248012e+01 5.240212741485e+01 1.229980095824e+02 6.646523591878e+04
2.012541209199e+03 1.020000000000e+00 4.061507555516e+01 4.600000000000e+00 2.688187208562e-01 3.769982656177e+02 1.577646685103e+01 -1.957082424983e+01 4.846508108214e+00 -5.782188052895e+01 5.863061061464e+01 1.187250099119e+02 6.579265894637e+04
2.012541323239e+03 1.020000000000e+00 4.061507555516e+01 4.600000000000e+00 2.662510862782e-01 3.730208432508e+02 1.274532806899e+01 -1.525851427322e+01 4.589254074933e+00 -5.371180264958e+01 6.384456379188e+01 1.144453538541e+02 6.302295294182e+04
2.012541437279e+03 1.020000000000e+00 4.061507555516e+01 4.600000000000e+00 2.705232479108e-01 3.701122814165e+02 1.202025702820e+01 -1.192178752537e+01 4.305089129027e+00 -4.991409118865e+01 6.800893544404e+01 1.103061852741e+02 5.817541508391e+04
2.012541551319e+03 1.020000000000e+00 4.061507555516e+01 4.600000000000e+00 2.828202836711e-01 3.683232195747e+02 1.309501656800e+01 -9.657559156907e+00 4.074459102252e+00 -4.651489238910e+01 7.123960577673e+01 1.063203872135e+02 5.264255745059e+04
2.012541665360e+03 1.020000000000e+00 4.061507555516e+01 4.600000000000e+00 3.022563177468e-01 3.672472594257e+02 1.634114744039e+01 -7.867188768029e+00 3.909079925819e+00 -4.359429866664e+01 7.372704635934e+01 1.024860892353e+02 4.725871447220e+04
2.012541779400e+03 1.020000000000e+00 4.061507555516e+01 4.600000000000e+00 3.255387230620e-01 3.667582114777e+02 2.045987889271e+01 -5.992510162123e+00 3.801719620378e+00 -4.111820635264e+01 7.560909420524e+01 9.875482686100e+01 4.269703338412e+04
2.012541893440e+03 1.020000000000e+00 4.061507555516e+01 4.600000000000e+00 3.483611735564e-01 3.666067311064e+02 2.515847755152e+01 -4.170196479136e+00 3.723216848354e+00 -3.900872600303e+01 7.713051494169e+01 9.511726571420e+01 3.911259162218e+04
2.012542007480e+03 1.020000000000e+00 4.061507555516e+01 4.600000000000e+00 3.659861122050e-01 3.663601865402e+02 2.984261026290e+01 -2.341062531875e+00 3.645915638710e+00 -3.721404413344e+01 7.833198782003e+01 9.163599201764e+01 3.647904087513e+04
2.012542121521e+03 1.020000000000e+00 4.061507555516e+01 4.600000000000e+00 3.749108171636e-01 3.658484860094e+02 3.372588335333e+01 -4.859544710891e-01 3.578099880567e+00 -3.569092268835e+01 7.925594638598e+01 8.838241440272e+01 3.495800958915e+04
2.012542235561e+03 1.020000000000e+00 4.061507555516e+01 4.600000000000e+00 3.742800330722e-01 3.651276715661e+02 3.671175539061e+01 9.787006726693e-01 3.524094145802e+00 -3.439333002668e+01 7.996720516288e+01 8.530302858543e+01 3.450237694970e+04
2.012542349601e+03 1.020000000000e+00 4.061507555516e+01 4.600000000000e+00 3.683126370661e-01 3.642695988623e+02 3.883332095008e+01 1.786432821336e+00 3.493077719430e+00 -3.326554794895e+01 8.049829859337e+01 8.237285818605e+01 3.475731757671e+04
2.012542463641e+03 1.020000000000e+00 4.061507555516e+01 4.600000000000e+00 3.599864875178e-01 3.636237343895e+02 4.036043816850e+01 1.809027639938e+00 3.717816816829e+00 -3.229279257008e+01 8.080499757651e+01 7.968399653776e+01 3.784920238490e+04
2.012542577682e+03 1.020000000000e+00 4.061507555516e+01 4.600000000000e+00 3.486716170009e-01 3.635440728930e+02 4.078324876394e+01 4.194319595636e-01 5.070800977853e+00 -3.148795525239e+01 8.071915871209e+01 7.723623962315e+01 5.331152364239e+04
2.012542691722e+03 1.020000000000e+00 4.061507555516e+01 4.600000000000e+00 3.304224975613e-01 3.644742350407e+02 3.937798339037e+01 -4.095478924060e+00 8.283210894698e+00 -3.087496360627e+01 8.021569619506e+01 7.494993722463e+01 9.172708656671e+04
2.012542805762e+03 1.020000000000e+00 4.061507555516e+01 4.600000000000e+00 3.103399831855e-01 3.668898611239e+02 3.426421784920e+01 -1.058061775192e+01 1.252341734865e+01 -3.045941782868e+01 7.920859454942e+01 7.298463587997e+01 1.470476561275e+05
2.012542919802e+03 1.020000000000e+00 4.061507555516e+01 4.600000000000e+00 2.943207915189e-01 3.705049137973e+02 2.553965221567e+01 -1.793949660098e+01 1.697122695340e+01 -3.022112757993e+01 7.773226396556e+01 7.154789197985e+01 2.093916603969e+05
2.012543033843e+03 1.020000000000e+00 4.061507555516e+01 4.600000000000e+00 2.845544995768e-01 3.733029542750e+02 1.522140802438e+01 -2.339928198877e+01 2.092660734738e+01 -3.047374955796e+01 7.559173223277e+01 7.064923927437e+01 2.666433578408e+05
2.012543147883e+03 1.020000000000e+00 4.061507555516e+01 4.600000000000e+00 2.794792380967e-01 3.756998424629e+02 5.135874469303e+00 -2.514587597860e+01 2.398672676225e+01 -3.156047287291e+01 7.302015078379e+01 7.037882514047e+01 3.108013310718e+05
2.012543261923e+03 1.020000000000e+00 4.061507555516e+01 4.600000000000e+00 2.806043347057e-01 3.775756892280e+02 -1.434544917825e+00 -2.518390486593e+01 2.608241575957e+01 -3.309290456271e+01 7.035990009598e+01 7.043346783264e+01 3.364969208834e+05
2.012543375963e+03 1.020000000000e+00 4.061507555516e+01 4.600000000000e+00 2.980636408964e-01 3.783991971990e+02 -3.772660556703e+00 -2.448143655215e+01 2.777247322940e+01 -3.458855955501e+01 6.803939692032e+01 7.033991749095e+01 3.389557704125e+05
2.012543490004e+03 1.020000000000e+00 4.061507555516e+01 4.600000000000e+00 3.810140342164e-01 3.784160167459e+02 -3.813298902236e+00 -2.268992202109e+01 2.951032600962e+01 -3.591232575219e+01 6.622877556354e+01 6.993090286272e+01 3.113903835830e+05
2.012543604044e+03 1.020000000000e+00 4.061507555516e+01 4.600000000000e+00 7.099336018721e-01 3.777567794074e+02 -2.428466054760e+00 -2.035155226740e+01 3.162234604268e+01 -3.708038768744e+01 6.494785386034e+01 6.925108161843e+01 1.822947809074e+05
2.012543718084e+03 1.020000000000e+00 4.161507555516e+01 4.700000000000e+00 1.292699549509e+00 3.753308757275e+02 -4.393428063137e-03 -1.882257467726e+01 3.479974218016e+01 -3.788247559729e+01 6.267637759558e+01 6.994211538937e+01 1.033396935346e+05
2.012543832124e+03 1.020000000000e+00 4.161507555516e+01 4.700000000000e+00 2.073433933769e+00 3.739993531976e+02 2.310559999173e+00 -1.640746828961e+01 3.772806175145e+01 -3.898694199950e+01 6.214119028434e+01 6.943197062162e+01 6.769653706464e+04
2.012543946165e+03 1.020000000000e+00 4.161507555516e+01 4.700000000000e+00 2.917847953398e+00 3.729082967143e+02 4.761038022291e+00 -1.412880177624e+01 4.080497601673e+01 -4.010507939093e+01 6.225660578259e+01 6.941045233559e+01 5.133626265596e+04
2.012544060205e+03 1.020000000000e+00 4.161507555516e+01 4.700000000000e+00 3.756724393353e+00 3.722219266679e+02 7.272594964174e+00 -1.249058341922e+01 4.367530652240e+01 -4.124796752949e+01 6.352688662005e+01 6.984635486397e+01 4.239739801025e+04
2.012544174245e+03 1.020000000000e+00 4.161507555516e+01 4.700000000000e+00 4.518513496148e+00 3.714580451925e+02 9.293237470551e+00 -1.165427164469e+01 4.605387246413e+01 -4.241769293542e+01 6.537976312595e+01 7.046227825914e+01 3.702650741915e+04
2.012544288285e+03 1.020000000000e+00 4.161507555516e+01 4.700000000000e+00 5.150070992842e+00 3.706986285924e+02 1.050623032398e+01 -1.119998317495e+01 4.838151971992e+01 -4.361429485063e+01 6.748251334427e+01 7.128531586294e+01 3.404357697680e+04
2.012544402326e+03 1.020000000000e+00 4.161507555516e+01 4.700000000000e+00 5.671301675562e+00 3.700685316265e+02 1.096846084163e+01 -1.098869293551e+01 5.193384516940e+01 -4.474429263171e+01 6.989136486670e+01 7.185852849441e+01 3.312049474787e+04
2.012544516366e+03 1.020000000000e+00 4.161507555516e+01 4.700000000000e+00 6.381029083386e+00 3.698667239121e+02 1.093305898185e+01 -1.142931207503e+01 6.085707214473e+01 -4.562911872383e+01 7.227795843886e+01 7.162150687981e+01 3.434665124613e+04
2.012544630406e+03 1.020000000000e+00 4.161507555516e+01 4.700000000000e+00 7.716207493400e+00 3.701939544266e+02 1.009116054882e+01 -1.335542401569e+01 8.065564009599e+01 -4.610632217673e+01 7.386589160344e+01 7.071458561025e+01 3.757786790466e+04
2.012544744446e+03 1.020000000000e+00 4.161507555516e+01 4.700000000000e+00 9.456312814734e+00 3.706905092376e+02 7.969031118756e+00 -1.632496167782e+01 1.094802274991e+02 -4.619203516735e+01 7.470827116330e+01 6.939459992430e+01 4.167612479233e+04
2.012544858487e+03 1.020000000000e+00 4.161507555516e+01 4.700000000000e+00 1.132216307241e+01 3.712702483782e+02 5.151459570797e+00 -1.963367945002e+01 1.436907484439e+02 -4.607797966507e+01 7.550733356803e+01 6.702999471517e+01 4.576679764897e+04
2.012544972527e+03 1.020000000000e+00 4.161507555516e+01 4.700000000000e+00 1.311301647210e+01 3.719780866991e+02 1.638613320847e+00 -2.231801907475e+01 1.800957041811e+02 -4.588129234794e+01 7.733365967676e+01 6.270629570647e+01 4.959508907563e+04
2.012545086567e+03 1.020000000000e+00 4.161507555516e+01 4.700000000000e+00 1.457244733495e+01 3.729642463800e+02 -2.385320120390e+00 -2.401316518417e+01 2.154971481301e+02 -4.564981388512e+01 8.037356170388e+01 5.663151008811e+01 5.346382799953e+04
2.012545200607e+03 1.020000000000e+00 4.161507555516e+01 4.700000000000e+00 1.522818803663e+01 3.742096908048e+02 -6.426035004563e+00 -2.498605922887e+01 2.470085993438e+02 -4.536964676206e+01 8.383620462197e+01 4.985925333720e+01 5.871566407131e+04
2.012545314648e+03 1.020000000000e+00 4.161507555516e+01 4.700000000000e+00 1.526810967511e+01 3.753912339309e+02 -1.017921283916e+01 -2.542505280936e+01 2.726684969105e+02 -4.502890635361e+01 8.708348506607e+01 4.315838004539e+01 6.467663228977e+04
2.012545428688e+03 1.020000000000e+00 4.161507555516e+01 4.700000000000e+00 1.507187511783e+01 3.764072365290e+02 -1.342633776580e+01 -2.547916788410e+01 2.918977951345e+02 -4.464514814155e+01 8.975438343628e+01 3.703850875882e+01 7.014656440939e+04
2.012545542728e+03 1.020000000000e+00 4.161507555516e+01 4.700000000000e+00 1.478607800997e+01 3.773213905025e+02 -1.606920955908e+01 -2.531874333247e+01 3.052680264834e+02 -4.424952339543e+01 9.167882806248e+01 3.178996631905e+01 7.477903789874e+04
2.012545656768e+03 1.020000000000e+00 4.161507555516e+01 4.700000000000e+00 1.443546014229e+01 3.783517214122e+02 -1.803850144589e+01 -2.489105312766e+01 3.128900474793e+02 -4.383345329842e+01 9.263555913233e+01 2.737161943914e+01 7.852132417964e+04
2.012545770809e+03 1.020000000000e+00 4.161507555516e+01 4.700000000000e+00 1.389169338541e+01 3.797180354468e+02 -1.934591370472e+01 -2.363281975010e+01 3.159009159474e+02 -4.335064548758e+01 9.280030491598e+01 2.347220791812e+01 8.240313199665e+04
2.012545884849e+03 1.020000000000e+00 4.161507555516e+01 4.700000000000e+00 1.308087757125e+01 3.825978439253e+02 -1.996297990321e+01 -2.150091656010e+01 3.114520655600e+02 -4.270692276741e+01 9.137523966072e+01 1.918893049009e+01 8.634496797596e+04
2.012545998889e+03 1.020000000000e+00 4.161507555516e+01 4.700000000000e+00 1.184119252238e+01 3.890140632614e+02 -1.985296705189e+01 -1.887997214186e+01 2.953168742250e+02 -4.179587072005e+01 8.616366484165e+01 1.431438946730e+01 9.021778777060e+04
2.012546112929e+03 1.020000000000e+00 4.161507555516e+01 4.700000000000e+00 1.009549282425e+01 4.002128236209e+02 -1.849132223945e+01 -1.544493614686e+01 2.459524121362e+02 -4.016538460576e+01 7.303764431265e+01 9.513144673354e+00 8.757375092231e+04
2.012546226970e+03 1.020000000000e+00 4.161507555516e+01 4.700000000000e+00 8.151073950213e+00 4.143288595344e+02 -1.380133437262e+01 -1.095751601028e+01 1.730555317074e+02 -3.799865061266e+01 5.646375863818e+01 6.039024451947e+00 7.613295279223e+04
2.012546341010e+03 1.020000000000e+00 4.161507555516e+01 4.700000000000e+00 6.598947851900e+00 4.274847965069e+02 -7.450718558324e+00 -6.710325029588e+00 1.158730384122e+02 -3.614069184308e+01 4.280435006699e+01 3.633316417313e+00 6.328386055255e+04
2.012546455050e+03 1.020000000000e+00 4.251507555516e+01 4.800000000000e+00 5.755037634868e+00 4.352878764803e+02 -3.734850130680e+00 -4.284254277055e+00 8.908925279622e+01 -3.503727128396e+01 3.570289326430e+01 2.318361067058e+00 5.600118667320e+04
2.012546569090e+03 1.020000000000e+00 4.251507555516e+01 4.800000000000e+00 5.360605408392e+00 4.387319870864e+02 -2.109167360230e+00 -3.080630471385e+00 7.825275204900e+01 -3.435802026739e+01 3.253184128168e+01 1.563339873535e+00 5.286032906994e+04
2.012546683131e+03 1.020000000000e+00 4.251507555516e+01 4.800000000000e+00 5.193543208275e+00 4.401261093321e+02 -1.459694739121e+00 -2.679261170034e+00 7.424556895124e+01 -3.401046520633e+01 3.138109378549e+01 1.260338972403e+00 5.177131246572e+04
2.012546797171e+03 1.020000000000e+00 4.251507555516e+01 4.800000000000e+00 5.099441320645e+00 4.409127479896e+02 -1.128729318813e+00 -2.546411985046e+00 7.217100887647e+01 -3.410053114935e+01 3.087147321733e+01 1.102933174668e+00 5.125348307810e+04
2.012546911211e+03 1.020000000000e+00 4.251507555516e+01 4.800000000000e+00 5.047953282075e+00 4.414966617367e+02 -8.884070918131e-01 -2.504412718293e+00 7.104223047139e+01 -3.428634767058e+01 3.056149154325e+01 9.694279565550e-01 5.096489555426e+04
2.012547025251e+03 1.020000000000e+00 4.251507555516e+01 4.800000000000e+00 5.058143437267e+00 4.420376596432e+02 -5.349338465301e-01 -2.491160392055e+00 7.124492378967e+01 -3.436790790073e+01 3.031505578916e+01 7.986837664178e-01 5.100651360337e+04
2.012547139292e+03 1.020000000000e+00 4.251507555516e+01 4.800000000000e+00 5.086603437516e+00 4.426275675508e+02 -1.336035793931e-01 -2.485846999811e+00 7.187533369646e+01 -3.439490483384e+01 3.017302202887e+01 6.091460737393e-01 5.117033746765e+04
2.012547253332e+03 1.020000000000e+00 4.251507555516e+01 4.800000000000e+00 5.110500563590e+00 4.433222313872e+02 1.863607532368e-01 -2.485596489340e+00 7.242043815754e+01 -3.444726212725e+01 3.016929142677e+01 4.175502889470e-01 5.131734338478e+04
2.012547367372e+03 1.020000000000e+00 4.251507555516e+01 4.800000000000e+00 5.139166239459e+00 4.440976861536e+02 3.848911707758e-01 -2.490565889509e+00 7.307258100185e+01 -3.455328538829e+01 3.020904483540e+01 2.329620983224e-01 5.148988340324e+04
2.012547481412e+03 1.020000000000e+00 4.251507555516e+01 4.800000000000e+00 5.188668291939e+00 4.448774391433e+02 4.717955706857e-01 -2.501001633373e+00 7.417251425975e+01 -3.470062725705e+01 3.032444989676e+01 6.344956979974e-02 5.176530685955e+04
2.012547595453e+03 1.020000000000e+00 4.251507555516e+01 4.800000000000e+00 5.263359408128e+00 4.456460189795e+02 5.072918511994e-01 -2.518141752208e+00 7.580991233827e+01 -3.486141039213e+01 3.052285182769e+01 -8.397712644387e-02 5.215658525464e+04
2.012547709493e+03 1.020000000000e+00 4.251507555516e+01 4.800000000000e+00 5.355812653475e+00 4.464728706457e+02 5.233923532270e-01 -2.540252348689e+00 7.784515726113e+01 -3.500224541938e+01 3.072941060517e+01 -2.044727296400e-01 5.263179243457e+04
2.012547823533e+03 1.020000000000e+00 4.251507555516e+01 4.800000000000e+00 5.462482061612e+00 4.473893110424e+02 5.224210149663e-01 -2.564398523148e+00 8.022267542904e+01 -3.508905710134e+01 3.091056030505e+01 -2.949218773795e-01 5.317956611923e+04
2.012547937573e+03 1.020000000000e+00 4.251507555516e+01 4.800000000000e+00 5.582716886263e+00 4.484053614393e+02 4.599411021430e-01 -2.587407860830e+00 8.293596818429e+01 -3.509347270694e+01 3.105600024629e+01 -3.547133431153e-01 5.379354330484e+04
2.012548051613e+03 1.020000000000e+00 4.251507555516e+01 4.800000000000e+00 5.716142217644e+00 4.495162916565e+02 3.378640173043e-01 -2.603403090843e+00 8.598726803405e+01 -3.500094824937e+01 3.116957004122e+01 -3.902309842572e-01 5.447021683503e+04
2.012548165654e+03 1.020000000000e+00 4.251507555516e+01 4.800000000000e+00 5.861502713440e+00 4.507143463929e+02 1.824290844313e-01 -2.619475336733e+00 8.935910530341e+01 -3.481131033671e+01 3.125733122384e+01 -4.031199523319e-01 5.520182658271e+04
2.012548279694e+03 1.020000000000e+00 4.251507555516e+01 4.800000000000e+00 6.014576926119e+00 4.520016733394e+02 6.596684047907e-03 -2.636998500567e+00 9.302192076561e+01 -3.453842091048e+01 3.132994027787e+01 -4.051066459425e-01 5.600122054646e+04
2.012548393734e+03 1.020000000000e+00 4.251507555516e+01 4.800000000000e+00 6.145123078094e+00 4.533944017628e+02 -1.826496028147e-01 -2.659019764385e+00 9.694520182748e+01 -3.420436153035e+01 3.140478810836e+01 -3.863944431405e-01 5.712235150640e+04
2.012548507774e+03 1.020000000000e+00 4.251507555516e+01 4.800000000000e+00 6.230523705129e+00 4.549056267669e+02 -3.926666079232e-01 -2.695706065438e+00 1.010879879963e+02 -3.382978943974e+01 3.149195837747e+01 -2.850867696492e-01 5.874717682048e+04
2.012548621815e+03 1.020000000000e+00 4.251507555516e+01 4.800000000000e+00 6.301813798093e+00 4.565189859325e+02 -6.502864918053e-01 -2.735535576509e+00 1.053629724399e+02 -3.342570528564e+01 3.157579822672e+01 -8.766828563960e-02 6.053910765728e+04
2.012548735855e+03 1.020000000000e+00 4.251507555516e+01 4.800000000000e+00 6.372054038317e+00 4.581854788398e+02 -9.894663217774e-01 -2.804122775504e+00 1.095964655630e+02 -3.299401391970e+01 3.160514269890e+01 1.560717835233e-01 6.227820565117e+04
2.012548849895e+03 1.020000000000e+00 4.251507555516e+01 4.800000000000e+00 6.436551766050e+00 4.598387715681e+02 -1.420719468779e+00 -2.895724692582e+00 1.135126957870e+02 -3.253871276456e+01 3.151180549161e+01 4.339808515833e-01 6.385871549465e+04
2.012548963935e+03 1.020000000000e+00 4.251507555516e+01 4.800000000000e+00 6.482089073888e+00 4.614066810199e+02 -1.916618739552e+00 -2.990679884780e+00 1.167604128212e+02 -3.206861989270e+01 3.127890060288e+01 7.405530023633e-01 6.522651522518e+04
2.012549077976e+03 1.020000000000e+00 4.251507555516e+01 4.800000000000e+00 6.486982526579e+00 4.628392867707e+02 -2.440607412190e+00 -3.070415726611e+00 1.189162728556e+02 -3.159378682772e+01 3.098558926192e+01 1.058871107333e+00 6.638310533208e+04
2.012549192016e+03 1.020000000000e+00 4.351507555516e+01 4.900000000000e+00 6.441907284410e+00 4.639877573457e+02 -2.770636758253e+00 -3.145103124992e+00 1.196976941485e+02 -3.126977816541e+01 3.055327201815e+01 1.361226630574e+00 6.728927920435e+04
2.012549306056e+03 1.020000000000e+00 4.351507555516e+01 4.900000000000e+00 6.336182012719e+00 4.651476134432e+02 -3.258338608885e+00 -3.158089767692e+00 1.193445014586e+02 -3.080660617754e+01 3.005021895588e+01 1.630019381703e+00 6.821095064445e+04
2.012549420096e+03 1.020000000000e+00 4.351507555516e+01 4.900000000000e+00 6.210946722439e+00 4.661770225908e+02 -3.620266551141e+00 -3.147567153994e+00 1.178471941847e+02 -3.033990304541e+01 2.952286081677e+01 1.830673971014e+00 6.871364198665e+04
2.012549534137e+03 1.020000000000e+00 4.351507555516e+01 4.900000000000e+00 6.069621154146e+00 4.671199120833e+02 -3.838886673644e+00 -3.108224869177e+00 1.154838604228e+02 -2.986108190442e+01 2.900058621351e+01 1.953635884071e+00 6.890418718925e+04
2.012549648177e+03 1.020000000000e+00 4.351507555516e+01 4.900000000000e+00 5.897004045735e+00 4.680170285612e+02 -3.930915135850e+00 -3.008570037539e+00 1.124557557825e+02 -2.936783227163e+01 2.848408606277e+01 2.023653474404e+00 6.906178291242e+04
2.012549762217e+03 1.020000000000e+00 4.351507555516e+01 4.900000000000e+00 5.716661668934e+00 4.688989302546e+02 -3.949655279657e+00 -2.875804682585e+00 1.091514901779e+02 -2.887429487172e+01 2.796795937857e+01 2.039388942296e+00 6.914707925953e+04
2.012549876257e+03 1.020000000000e+00 4.351507555516e+01 4.900000000000e+00 5.543159340176e+00 4.697698968314e+02 -3.939627613953e+00 -2.728976635276e+00 1.058005546962e+02 -2.840985561109e+01 2.745250336750e+01 2.023243033196e+00 6.912187494665e+04
2.012549990298e+03 1.020000000000e+00 4.351507555516e+01 4.900000000000e+00 5.384254937239e+00 4.706254772593e+02 -3.898327359147e+00 -2.584034300230e+00 1.024735793521e+02 -2.800640875105e+01 2.694061806890e+01 1.962236936042e+00 6.892396793348e+04
2.012550104338e+03 1.020000000000e+00 4.351507555516e+01 4.900000000000e+00 5.243060731393e+00 4.714640978171e+02 -3.814539084413e+00 -2.432585741709e+00 9.927710517061e+01 -2.768465822995e+01 2.643133451069e+01 1.825703749982e+00 6.857214843044e+04
2.012550218378e+03 1.020000000000e+00 4.351507555516e+01 4.900000000000e+00 5.119150734563e+00 4.722836067585e+02 -3.731475602856e+00 -2.270700305660e+00 9.623379889518e+01 -2.744923636250e+01 2.592363823582e+01 1.670070922017e+00 6.807902059310e+04
2.012550332418e+03 1.020000000000e+00 4.351507555516e+01 4.900000000000e+00 5.009417825871e+00 4.730773230146e+02 -3.653626261360e+00 -2.105321596069e+00 9.340185547136e+01 -2.729135233108e+01 2.541409380354e+01 1.515506067784e+00 6.752311059880e+04
2.012550446459e+03 1.020000000000e+00 4.351507555516e+01 4.900000000000e+00 4.909638177546e+00 4.738337928080e+02 -3.565039814735e+00 -1.944087482523e+00 9.083113467585e+01 -2.719297443967e+01 2.489579410802e+01 1.365226954691e+00 6.699920883906e+04
2.012550560499e+03 1.020000000000e+00 4.351507555516e+01 4.900000000000e+00 4.825088479248e+00 4.745403211870e+02 -3.446774855567e+00 -1.790729649368e+00 8.859038484811e+01 -2.713333939374e+01 2.435942700285e+01 1.220109489826e+00 6.649156090289e+04
2.012550674539e+03 1.020000000000e+00 4.351507555516e+01 4.900000000000e+00 4.760148196370e+00 4.752010995964e+02 -3.321052677690e+00 -1.647282336228e+00 8.654656544905e+01 -2.709406290241e+01 2.382610404982e+01 1.084023447575e+00 6.584384179918e+04
2.012550788579e+03 1.020000000000e+00 4.351507555516e+01 4.900000000000e+00 4.703758704921e+00 4.758233008042e+02 -3.198384816293e+00 -1.512789174171e+00 8.465271336606e+01 -2.706289295924e+01 2.330663483479e+01 9.601369477283e-01 6.517492910412e+04
2.012550902620e+03 1.020000000000e+00 4.351507555516e+01 4.900000000000e+00 4.648413751218e+00 4.764079866744e+02 -3.069680779563e+00 -1.386262022591e+00 8.293679302935e+01 -2.703304390815e+01 2.279673747863e+01 8.507003431754e-01 6.461392611073e+04
2.012551016660e+03 1.020000000000e+00 4.351507555516e+01 4.900000000000e+00 4.595820862790e+00 4.769535663578e+02 -2.927456478891e+00 -1.268145270004e+00 8.141756557601e+01 -2.700189177300e+01 2.229474351581e+01 7.585364401830e-01 6.415608720045e+04
2.012551130700e+03 1.020000000000e+00 4.351507555516e+01 4.900000000000e+00 4.548383653530e+00 4.774566746972e+02 -2.771646578245e+00 -1.158337840632e+00 8.008800670589e+01 -2.696990051381e+01 2.180529369548e+01 6.864811641422e-01 6.376649201550e+04
2.012551244740e+03 1.020000000000e+00 4.351507555516e+01 4.900000000000e+00 4.506654563258e+00 4.779097512013e+02 -2.609164966931e+00 -1.055418911013e+00 7.892922521421e+01 -2.693892389204e+01 2.133692211277e+01 6.365541688377e-01 6.342566440368e+04
2.012551358781e+03 1.020000000000e+00 4.351507555516e+01 4.900000000000e+00 4.470012719534e+00 4.783018759317e+02 -2.450828203111e+00 -9.565494615907e-01 7.791847674227e+01 -2.691104669743e+01 2.089758260672e+01 6.089658456775e-01 6.312665586259e+04
2.012551472821e+03 1.020000000000e+00 4.351507555516e+01 4.900000000000e+00 4.437235875183e+00 4.786239411999e+02 -2.308159739650e+00 -8.578847575008e-01 7.702258900128e+01 -2.688732495555e+01 2.049162043257e+01 5.994869596702e-01 6.286170103924e+04
2.012551586861e+03 1.020000000000e+00 4.351507555516e+01 4.900000000000e+00 4.408721424875e+00 4.788590225883e+02 -2.200952940929e+00 -7.561516078540e-01 7.624801201598e+01 -2.686825729430e+01 2.013067269484e+01 5.982471139074e-01 6.263164346903e+04
2.012551700901e+03 1.020000000000e+00 4.351507555516e+01 4.900000000000e+00 4.392329114424e+00 4.789723705656e+02 -2.161360552978e+00 -6.525529361249e-01 7.578901921709e+01 -2.685432175810e+01 1.985201147577e+01 6.074652303427e-01 6.248688214665e+04
2.012551814942e+03 1.020000000000e+00 4.351507555516e+01 4.900000000000e+00 4.380093577214e+00 4.790321120922e+02 -2.150818195765e+00 -5.511077560757e-01 7.543284923870e+01 -2.684483482925e+01 1.961158890638e+01 6.324423700598e-01 6.236705951784e+04
2.012551928982e+03 1.020000000000e+00 4.441507555516e+01 5.000000000000e+00 4.377564778113e+00 4.789884992684e+02 -2.076268800088e+00 -4.780409813516e-01 7.531134296479e+01 -2.696759137798e+01 1.945552366717e+01 6.255825772112e-01 6.230235416798e+04
2.012552043022e+03 1.020000000000e+00 4.441507555516e+01 5.000000000000e+00 4.365961645627e+00 4.789497804062e+02 -2.097654637584e+00 -3.893931839598e-01 7.498385526892e+01 -2.695426901956e+01 1.924732982044e+01 6.472995299022e-01 6.219626896416e+04
2.012552157062e+03 1.020000000000e+00 4.441507555516e+01 5.000000000000e+00 4.356411992885e+00 4.788390487360e+02 -2.160456753831e+00 -3.154344848703e-01 7.470417544308e+01 -2.694486397967e+01 1.909489558476e+01 6.526895929766e-01 6.210006435398e+04
2.012552271103e+03 1.020000000000e+00 4.441507555516e+01 5.000000000000e+00 4.349045146396e+00 4.786982764081e+02 -2.237974468907e+00 -2.607647519709e-01 7.447562243570e+01 -2.693610068555e+01 1.900207186940e+01 6.485536564743e-01 6.201494386486e+04
2.012552385143e+03 1.020000000000e+00 4.441507555516e+01 5.000000000000e+00 4.342448237346e+00 4.785281504580e+02 -2.316537104807e+00 -2.286083834258e-01 7.426034120954e+01 -2.692216717655e+01 1.892090460246e+01 6.362451900750e-01 6.192964153958e+04
2.012552499183e+03 1.020000000000e+00 4.441507555516e+01 5.000000000000e+00 4.335544310010e+00 4.783243591561e+02 -2.393170516806e+00 -2.128046687264e-01 7.403265639158e+01 -2.689869917685e+01 1.883963624377e+01 6.092533439513e-01 6.183808583881e+04
2.012552613223e+03 1.020000000000e+00 4.441507555516e+01 5.000000000000e+00 4.327793886068e+00 4.780855235542e+02 -2.471976979030e+00 -2.111717810931e-01 7.378240015441e+01 -2.686178439832e+01 1.875705759166e+01 5.618810430574e-01 6.173942477839e+04
2.012552727264e+03 1.020000000000e+00 4.441507555516e+01 5.000000000000e+00 4.318851532454e+00 4.778114413400e+02 -2.561063360642e+00 -2.221483248186e-01 7.350112755654e+01 -2.680880347981e+01 1.866984568220e+01 4.985089908700e-01 6.163143137388e+04
2.012552841304e+03 1.020000000000e+00 4.441507555516e+01 5.000000000000e+00 4.308285782126e+00 4.775040918677e+02 -2.668035543052e+00 -2.441067902134e-01 7.317672062647e+01 -2.673806134493e+01 1.857379517966e+01 4.262439224582e-01 6.150993806022e+04
2.012552955344e+03 1.020000000000e+00 4.441507555516e+01 5.000000000000e+00 4.295444438673e+00 4.771681850728e+02 -2.799890313827e+00 -2.705303374892e-01 7.279342317361e+01 -2.664816765640e+01 1.846675223525e+01 3.503662948520e-01 6.137074694830e+04
2.012553069384e+03 1.020000000000e+00 4.441507555516e+01 5.000000000000e+00 4.279532122422e+00 4.768098533631e+02 -2.961891130168e+00 -2.950889654210e-01 7.233223336203e+01 -2.653901866576e+01 1.834835632939e+01 2.738514581595e-01 6.120877232408e+04
2.012553183425e+03 1.020000000000e+00 4.441507555516e+01 5.000000000000e+00 4.259876861488e+00 4.764341065579e+02 -3.156526268935e+00 -3.147513179914e-01 7.177686624023e+01 -2.641250628162e+01 1.821969637885e+01 1.979245691002e-01 6.101917709078e+04
2.012553297465e+03 1.020000000000e+00 4.441507555516e+01 5.000000000000e+00 4.235994697430e+00 4.760429343466e+02 -3.383424318950e+00 -3.280074647116e-01 7.111520718757e+01 -2.627198881844e+01 1.808297727538e+01 1.232366338129e-01 6.079764925735e+04
2.012553411505e+03 1.020000000000e+00 4.441507555516e+01 5.000000000000e+00 4.207650385330e+00 4.756368149525e+02 -3.639383398505e+00 -3.330728886892e-01 7.034076097999e+01 -2.612089554412e+01 1.794149986725e+01 5.052715428164e-02 6.054073467730e+04
2.012553525545e+03 1.020000000000e+00 4.441507555516e+01 5.000000000000e+00 4.175258321137e+00 4.752179796870e+02 -3.917417667588e+00 -3.310609423696e-01 6.946179570045e+01 -2.596273246525e+01 1.780040211528e+01 -1.961181453461e-02 6.024810601675e+04
2.012553639586e+03 1.020000000000e+00 4.441507555516e+01 5.000000000000e+00 4.138838067915e+00 4.747784402672e+02 -4.212011478629e+00 -3.243712566136e-01 6.847611548008e+01 -2.580083172633e+01 1.765872657003e+01 -8.647109478944e-02 5.991581980442e+04
2.012553753626e+03 1.020000000000e+00 4.441507555516e+01 5.000000000000e+00 4.099474113865e+00 4.743173259646e+02 -4.513854344451e+00 -3.137383380530e-01 6.740807272156e+01 -2.563777854985e+01 1.751952895680e+01 -1.501101725794e-01 5.954760221955e+04
2.012553867666e+03 1.020000000000e+00 4.441507555516e+01 5.000000000000e+00 4.058026596717e+00 4.738286647163e+02 -4.815804734489e+00 -3.028586334771e-01 6.627645607398e+01 -2.547512176680e+01 1.738213468221e+01 -2.116371825646e-01 5.914586697099e+04
2.012553981706e+03 1.020000000000e+00 4.441507555516e+01 5.000000000000e+00 4.015268404471e+00 4.733051751783e+02 -5.112358969128e+00 -2.936008406701e-01 6.509842754391e+01 -2.531277781821e+01 1.724455057944e+01 -2.717397772055e-01 5.871313842325e+04
2.012554095747e+03 1.020000000000e+00 4.441507555516e+01 5.000000000000e+00 3.971773379359e+00 4.727386622119e+02 -5.400872354092e+00 -2.858834974348e-01 6.388725541568e+01 -2.514917326746e+01 1.710285229965e+01 -3.294214093696e-01 5.825168337307e+04
2.012554209787e+03 1.020000000000e+00 4.441507555516e+01 5.000000000000e+00 3.927987946132e+00 4.721232370866e+02 -5.682684078784e+00 -2.780929827537e-01 6.265446912874e+01 -2.498093951975e+01 1.695013216256e+01 -3.819800709290e-01 5.776436271211e+04
2.012554323827e+03 1.020000000000e+00 4.441507555516e+01 5.000000000000e+00 3.884350375070e+00 4.714610608984e+02 -5.965406482277e+00 -2.672912036526e-01 6.141366492888e+01 -2.480108371933e+01 1.677796276999e+01 -4.256282453046e-01 5.725640655076e+04
2.012554437867e+03 1.020000000000e+00 4.441507555516e+01 5.000000000000e+00 3.841308295021e+00 4.707648034725e+02 -6.264116863896e+00 -2.523314594199e-01 6.018201323893e+01 -2.459878957448e+01 1.658209284175e+01 -4.566660221651e-01 5.673673718074e+04
2.012554551908e+03 1.020000000000e+00 4.441507555516e+01 5.000000000000e+00 3.799706921947e+00 4.700520936956e+02 -6.594014639388e+00 -2.354240368619e-01 5.898914993054e+01 -2.436376704094e+01 1.636926214494e+01 -4.733781832299e-01 5.622092483143e+04
2.012554665948e+03 1.020000000000e+00 4.541507555516e+01 5.100000000000e+00 3.821892249732e+00 4.699972517594e+02 -6.515564598970e+00 -2.453646616049e-01 5.944656533685e+01 -2.443035905634e+01 1.653414620218e+01 -4.741251494955e-01 5.632460887142e+04
2.012554779988e+03 1.020000000000e+00 4.541507555516e+01 5.100000000000e+00 3.790159066006e+00 4.693376274834e+02 -6.820890154221e+00 -2.365021379109e-01 5.848961368310e+01 -2.417439906580e+01 1.637196886734e+01 -4.835169460286e-01 5.588189803125e+04
2.012554894028e+03 1.020000000000e+00 4.541507555516e+01 5.100000000000e+00 3.765972010031e+00 4.687318310084e+02 -7.063998001486e+00 -2.421668209980e-01 5.772664238644e+01 -2.392202013184e+01 1.625840726058e+01 -4.968920997883e-01 5.550747707897e+04
2.012555008069e+03 1.020000000000e+00 4.541507555516e+01 5.100000000000e+00 3.749879483112e+00 4.682405182739e+02 -7.166715952040e+00 -2.849085656577e-01 5.716899056856e+01 -2.370478029570e+01 1.619388960701e+01 -5.106621136222e-01 5.520750778030e+04
2.012555122109e+03 1.020000000000e+00 4.541507555516e+01 5.100000000000e+00 3.751856180331e+00 4.679881148411e+02 -7.130173826421e+00 -3.656208441685e-01 5.703157874514e+01 -2.354791998589e+01 1.625376721623e+01 -5.269764152739e-01 5.504620713079e+04
2.012555236149e+03 1.020000000000e+00 4.541507555516e+01 5.100000000000e+00 3.782606934109e+00 4.680162287828e+02 -6.969101755048e+00 -4.720730864450e-01 5.753967077792e+01 -2.346570652301e+01 1.653028126876e+01 -5.484126031942e-01 5.508514993895e+04
2.012555350189e+03 1.020000000000e+00 4.541507555516e+01 5.100000000000e+00 3.827783798543e+00 4.681402580735e+02 -6.644803831203e+00 -5.875399939789e-01 5.836199862863e+01 -2.346235507225e+01 1.694128339895e+01 -5.676118834784e-01 5.521300764797e+04
2.012555464230e+03 1.020000000000e+00 4.541507555516e+01 5.100000000000e+00 3.878042220432e+00 4.682759845774e+02 -6.246375385902e+00 -6.976381174745e-01 5.929850658157e+01 -2.353267230127e+01 1.740603397548e+01 -5.776510643472e-01 5.537219942470e+04
2.012555578270e+03 1.020000000000e+00 4.541507555516e+01 5.100000000000e+00 3.925618075188e+00 4.683965052850e+02 -5.831353598979e+00 -7.890603699571e-01 6.017006121316e+01 -2.365854546592e+01 1.788301148227e+01 -5.783989864817e-01 5.550549843863e+04
2.012555692310e+03 1.020000000000e+00 4.541507555516e+01 5.100000000000e+00 3.965598237220e+00 4.684753044842e+02 -5.438891317747e+00 -8.501256726694e-01 6.085515591839e+01 -2.381195236595e+01 1.832717314027e+01 -5.730645195332e-01 5.557188027471e+04
2.012555806350e+03 1.020000000000e+00 4.541507555516e+01 5.100000000000e+00 3.996225971468e+00 4.684071962406e+02 -5.091092992257e+00 -8.842592010958e-01 6.131246933706e+01 -2.396327023410e+01 1.870908073907e+01 -5.582424583294e-01 5.556046027847e+04
2.012555920391e+03 1.020000000000e+00 4.541507555516e+01 5.100000000000e+00 4.020144538729e+00 4.681724538430e+02 -4.796505615630e+00 -9.063406474414e-01 6.160571331620e+01 -2.409396472651e+01 1.902708238752e+01 -5.381319505651e-01 5.549394779520e+04
2.012556034431e+03 1.020000000000e+00 4.541507555516e+01 5.100000000000e+00 4.040515715822e+00 4.678401601576e+02 -4.554568880668e+00 -9.167781498045e-01 6.180648004256e+01 -2.419623108914e+01 1.928677976533e+01 -5.132975329234e-01 5.539396941252e+04
2.012556148471e+03 1.020000000000e+00 4.541507555516e+01 5.100000000000e+00 4.058881592519e+00 4.674321606283e+02 -4.359439769202e+00 -9.206195174216e-01 6.195370322074e+01 -2.426941660536e+01 1.948913992413e+01 -4.847646431602e-01 5.527456055286e+04
2.012556262511e+03 1.020000000000e+00 4.541507555516e+01 5.100000000000e+00 4.076125650004e+00 4.669569981628e+02 -4.200999377812e+00 -9.251220080878e-01 6.207436095930e+01 -2.431776092735e+01 1.963595793302e+01 -4.551786815041e-01 5.514786305398e+04
2.012556376552e+03 1.020000000000e+00 4.541507555516e+01 5.100000000000e+00 4.092848282952e+00 4.664212472661e+02 -4.062037216908e+00 -9.345654442300e-01 6.218334778621e+01 -2.434728491487e+01 1.973589335179e+01 -4.247730155280e-01 5.501893212144e+04
2.012556490592e+03 1.020000000000e+00 4.541507555516e+01 5.100000000000e+00 4.109956839168e+00 4.658379834263e+02 -3.926278183952e+00 -9.514743729380e-01 6.230080176986e+01 -2.436313157329e+01 1.980121619423e+01 -3.938047889578e-01 5.489328843534e+04
2.012556604632e+03 1.020000000000e+00 4.541507555516e+01 5.100000000000e+00 4.129137474918e+00 4.652319162368e+02 -3.784537956792e+00 -9.773635515156e-01 6.246578913015e+01 -2.436836523351e+01 1.984544746601e+01 -3.631978092216e-01 5.478273643732e+04
2.012556718672e+03 1.020000000000e+00 4.541507555516e+01 5.100000000000e+00 4.152320937749e+00 4.646336015271e+02 -3.630946196363e+00 -1.014868630574e+00 6.272369039390e+01 -2.436456199172e+01 1.988431073478e+01 -3.357009879946e-01 5.470136744303e+04
2.012556832713e+03 1.020000000000e+00 4.541507555516e+01 5.100000000000e+00 4.180680071642e+00 4.640659386741e+02 -3.463830426830e+00 -1.067176140921e+00 6.310363014023e+01 -2.435298792969e+01 1.992765847590e+01 -3.127395365362e-01 5.465905445215e+04
2.012556946753e+03 1.020000000000e+00 4.541507555516e+01 5.100000000000e+00 4.211896071697e+00 4.635208035864e+02 -3.270906764123e+00 -1.127901395532e+00 6.355485151232e+01 -2.433702127628e+01 1.998673109446e+01 -2.864002484020e-01 5.464178278681e+04
2.012557060793e+03 1.020000000000e+00 4.541507555516e+01 5.100000000000e+00 4.242151125308e+00 4.629649037151e+02 -3.063446817180e+00 -1.187560296172e+00 6.398701703069e+01 -2.432300478545e+01 2.005275801448e+01 -2.501217471415e-01 5.462118990170e+04
2.012557174833e+03 1.020000000000e+00 4.541507555516e+01 5.100000000000e+00 4.268734942072e+00 4.623599179087e+02 -2.890038532288e+00 -1.238107985103e+00 6.432993590758e+01 -2.431664363925e+01 2.008956307569e+01 -2.028911727499e-01 5.457223414205e+04
2.012557288874e+03 1.020000000000e+00 4.541507555516e+01 5.100000000000e+00 4.291134161643e+00 4.616827791900e+02 -2.799566793946e+00 -1.271272155397e+00 6.455990482638e+01 -2.432003386741e+01 2.004482483600e+01 -1.446198156694e-01 5.448164034586e+04
2.012557402914e+03 1.020000000000e+00 4.631507555516e+01 5.200000000000e+00 4.316234550927e+00 4.619356540558e+02 -2.807249260635e+00 -1.257325503757e+00 6.530893586053e+01 -2.451671663767e+01 1.974122449536e+01 -7.244644242956e-02 5.479568720319e+04
2.012557516954e+03 1.020000000000e+00 4.631507555516e+01 5.200000000000e+00 4.324363468154e+00 4.610984650800e+02 -2.822365678079e+00 -1.253740587348e+00 6.514225303245e+01 -2.454941493156e+01 1.947812599658e+01 1.621493009374e-02 5.455362756420e+04
2.012557630994e+03 1.020000000000e+00 4.631507555516e+01 5.200000000000e+00 4.311936047891e+00 4.600422930619e+02 -2.896096373660e+00 -1.232133110612e+00 6.448931134287e+01 -2.460332933110e+01 1.911234511751e+01 1.171369123476e-01 5.416320733795e+04
2.012557745035e+03 1.020000000000e+00 4.631507555516e+01 5.200000000000e+00 4.283599231209e+00 4.588261017171e+02 -2.987006368805e+00 -1.197731130698e+00 6.348795068484e+01 -2.467296239381e+01 1.863084918404e+01 2.149603787730e-01 5.367567701334e+04
2.012557859075e+03 1.020000000000e+00 4.631507555516e+01 5.200000000000e+00 4.242093590243e+00 4.575045090703e+02 -3.041290586901e+00 -1.163726309898e+00 6.223294944074e+01 -2.475008556106e+01 1.810209646384e+01 2.985376209776e-01 5.313021219123e+04
2.012557973115e+03 1.020000000000e+00 4.631507555516e+01 5.200000000000e+00 4.186994801748e+00 4.561050827363e+02 -3.055946731417e+00 -1.137676947395e+00 6.075281393924e+01 -2.483189548977e+01 1.759546940472e+01 3.602594335984e-01 5.254975859260e+04
2.012558087155e+03 1.020000000000e+00 4.631507555516e+01 5.200000000000e+00 4.117691829769e+00 4.546319798575e+02 -3.041498983771e+00 -1.123199149310e+00 5.906020342750e+01 -2.492382195866e+01 1.718900520494e+01 3.953848329669e-01 5.194597029415e+04
2.012558201196e+03 1.020000000000e+00 4.631507555516e+01 5.200000000000e+00 4.038597791539e+00 4.530977158384e+02 -2.958344410039e+00 -1.117842169463e+00 5.725783099784e+01 -2.503308694414e+01 1.689317986727e+01 4.090097700022e-01 5.134727843017e+04
2.012558315236e+03 1.020000000000e+00 4.631507555516e+01 5.200000000000e+00 3.952381209394e+00 4.515051351141e+02 -2.731987063269e+00 -1.128105805798e+00 5.539110318176e+01 -2.516232739945e+01 1.666148687519e+01 4.064318891272e-01 5.075686252204e+04
2.012558429276e+03 1.020000000000e+00 4.631507555516e+01 5.200000000000e+00 3.860907495447e+00 4.498608358426e+02 -2.368246468624e+00 -1.165088153634e+00 5.347362728055e+01 -2.531375038853e+01 1.647826194335e+01 3.915706694263e-01 5.016072719382e+04
2.012558543316e+03 1.020000000000e+00 4.631507555516e+01 5.200000000000e+00 3.766482479748e+00 4.481689881493e+02 -1.893190820380e+00 -1.235467762339e+00 5.152870956599e+01 -2.549336987503e+01 1.643264270521e+01 3.588662514642e-01 4.954806190920e+04
2.012558657356e+03 1.020000000000e+00 4.631507555516e+01 5.200000000000e+00 3.671815347136e+00 4.464212897774e+02 -1.338688113419e+00 -1.332915922964e+00 4.960618699429e+01 -2.570920562485e+01 1.652506268889e+01 2.989344892836e-01 4.892923115425e+04
