VARIABLES="time" "Distance" "lon" "lat" "density" "Vx" "Vy" "Vz" "p" "Bx" "By" "Bz" "T"
ZONE
DT=(DOUBLE DOUBLE DOUBLE DOUBLE DOUBLE DOUBLE DOUBLE DOUBLE DOUBLE DOUBLE DOUBLE DOUBLE DOUBLE )
2.012529234973e+03 1.020000000000e+00 3.591507555516e+01 4.200000000000e+00 3.652711505346e+00 4.177684221488e+02 7.070546155698e+00 -2.495022167756e+00 5.448854049228e+01 2.589592908127e+01 -8.701723017045e+00 -1.704747534736e+00 5.393331811807e+04
2.012529349013e+03 1.020000000000e+00 3.591507555516e+01 4.200000000000e+00 3.903202833374e+00 4.158196115199e+02 7.340565587187e+00 -1.329583821007e+00 5.995003876155e+01 2.288904737657e+01 -8.715980294206e+00 -5.343045652393e-01 5.552091706599e+04
2.012529463053e+03 1.020000000000e+00 3.591507555516e+01 4.200000000000e+00 4.208302510863e+00 4.143577701154e+02 7.379797602364e+00 -4.683467205378e-01 6.683595230242e+01 1.979479978681e+01 -8.630231237902e+00 4.775235883051e-01 5.741999675801e+04
2.012529577093e+03 1.020000000000e+00 3.591507555516e+01 4.200000000000e+00 4.521065477482e+00 4.130516063724e+02 7.252663438103e+00 3.731898310541e-02 7.409478726903e+01 1.679155663372e+01 -8.473536063887e+00 1.174904151339e+00 5.927367953126e+04
2.012529691134e+03 1.020000000000e+00 3.591507555516e+01 4.200000000000e+00 4.810908225710e+00 4.117652850988e+02 6.690424865382e+00 2.137844398206e-01 8.097763615994e+01 1.409177881491e+01 -8.299599059344e+00 1.511862639614e+00 6.089916541255e+04
2.012529805174e+03 1.020000000000e+00 3.591507555516e+01 4.200000000000e+00 5.066306087800e+00 4.104882391854e+02 5.506774891593e+00 1.302762661278e-01 8.715613141516e+01 1.184854255748e+01 -8.124906680124e+00 1.636758503909e+00 6.226142857226e+04
2.012529919214e+03 1.020000000000e+00 3.591507555516e+01 4.200000000000e+00 5.278334277020e+00 4.092336498352e+02 3.901115525303e+00 -3.146558901171e-01 9.236497109124e+01 1.010127823092e+01 -7.946145870004e+00 1.617046144366e+00 6.334727199225e+04
2.012530033254e+03 1.020000000000e+00 3.591507555516e+01 4.200000000000e+00 5.438415091503e+00 4.079879198204e+02 2.231460108717e+00 -9.870429345143e-01 9.657256115127e+01 8.782367248054e+00 -7.678240813423e+00 1.440013352031e+00 6.429240254744e+04
2.012530147295e+03 1.020000000000e+00 3.681507555516e+01 4.300000000000e+00 5.551844427043e+00 4.098110267439e+02 1.035310309332e+00 -2.269222294287e+00 9.760426406825e+01 1.103231125370e+01 -9.544930443406e+00 8.568938227319e-01 6.365780544410e+04
2.012530261335e+03 1.020000000000e+00 3.681507555516e+01 4.300000000000e+00 5.480315114719e+00 4.086357437318e+02 -4.146415041162e-01 -2.716695873943e+00 1.008032480619e+02 1.001309761383e+01 -8.556646803558e+00 9.343077759416e-02 6.660542502735e+04
2.012530375375e+03 1.020000000000e+00 3.681507555516e+01 4.300000000000e+00 5.363698712392e+00 4.075158606601e+02 -1.533306927925e+00 -3.111510249663e+00 1.027415884957e+02 9.054747465236e+00 -7.480332831798e+00 -5.450961592020e-01 6.936544779973e+04
2.012530489415e+03 1.020000000000e+00 3.681507555516e+01 4.300000000000e+00 5.231056537670e+00 4.062044276155e+02 -2.185394070449e+00 -3.362626547132e+00 1.028870092392e+02 8.036715483932e+00 -6.245957809711e+00 -9.397132639965e-01 7.122917171752e+04
2.012530603456e+03 1.020000000000e+00 3.681507555516e+01 4.300000000000e+00 5.082420832041e+00 4.043295967203e+02 -2.446773516704e+00 -3.452495136468e+00 1.007675057323e+02 6.846181740267e+00 -4.634230882542e+00 -1.087031378070e+00 7.180342192170e+04
2.012530717496e+03 1.020000000000e+00 3.681507555516e+01 4.300000000000e+00 4.939247001056e+00 4.020623564029e+02 -2.434429155272e+00 -3.409477804910e+00 9.782372340856e+01 5.394752258188e+00 -2.827414391575e+00 -1.103213369805e+00 7.172632430202e+04
2.012530831536e+03 1.020000000000e+00 3.681507555516e+01 4.300000000000e+00 4.814625999147e+00 3.994822715487e+02 -1.883648361949e+00 -3.057081902323e+00 9.485317488147e+01 3.622082590642e+00 -9.447161920832e-01 -9.700881785947e-01 7.134907619018e+04
2.012530945576e+03 1.020000000000e+00 3.681507555516e+01 4.300000000000e+00 4.705092723779e+00 3.965639110606e+02 -6.859141544467e-01 -2.126468138502e+00 9.207156497695e+01 1.498253453362e+00 1.040293108416e+00 -5.410757638171e-01 7.087141142185e+04
2.012531059617e+03 1.020000000000e+00 3.681507555516e+01 4.300000000000e+00 4.609692804909e+00 3.933197519942e+02 1.128613974079e+00 -8.917888371794e-01 8.933273965838e+01 -9.855418457651e-01 3.212943449818e+00 1.448772708219e-01 7.018756051559e+04
2.012531173657e+03 1.020000000000e+00 3.681507555516e+01 4.300000000000e+00 4.527716941893e+00 3.898409779434e+02 3.225825056519e+00 2.992154270555e-01 8.603117437313e+01 -3.815543421701e+00 5.577059283836e+00 8.214044579918e-01 6.882006287432e+04
2.012531287697e+03 1.020000000000e+00 3.681507555516e+01 4.300000000000e+00 4.475656873307e+00 3.862759194279e+02 5.464116923668e+00 1.268396840924e+00 8.228004584564e+01 -6.956091043268e+00 8.104027777442e+00 1.316743723617e+00 6.658260314638e+04
2.012531401737e+03 1.020000000000e+00 3.681507555516e+01 4.300000000000e+00 4.468252580304e+00 3.827392164662e+02 7.747283522378e+00 1.984929991934e+00 7.827516202662e+01 -1.032932902012e+01 1.074346158677e+01 1.624076502170e+00 6.343353455353e+04
2.012531515778e+03 1.020000000000e+00 3.681507555516e+01 4.300000000000e+00 4.476779220841e+00 3.792832619838e+02 9.993784202191e+00 2.481497751807e+00 7.381689342869e+01 -1.382130360354e+01 1.341283889296e+01 1.801306285428e+00 5.969044838787e+04
2.012531629818e+03 1.020000000000e+00 3.681507555516e+01 4.300000000000e+00 4.486806911298e+00 3.759750008771e+02 1.211212274447e+01 2.731744026441e+00 6.852158273163e+01 -1.729781835955e+01 1.605170507250e+01 1.864154580613e+00 5.526988737169e+04
2.012531743858e+03 1.020000000000e+00 3.681507555516e+01 4.300000000000e+00 4.494505364074e+00 3.729269593400e+02 1.400581479476e+01 2.789406957586e+00 6.278061309354e+01 -2.063229765245e+01 1.860940069256e+01 1.814024014872e+00 5.054326289485e+04
2.012531857898e+03 1.020000000000e+00 3.681507555516e+01 4.300000000000e+00 4.504511847086e+00 3.702176134248e+02 1.559529517384e+01 2.705992847926e+00 5.706323472899e+01 -2.372667407667e+01 2.097872817216e+01 1.604097334633e+00 4.583882010356e+04
2.012531971939e+03 1.020000000000e+00 3.681507555516e+01 4.300000000000e+00 4.524392931453e+00 3.678712696154e+02 1.682551400714e+01 2.487581224662e+00 5.179938686391e+01 -2.651097638059e+01 2.308177839019e+01 1.211588991842e+00 4.144193964051e+04
2.012532085979e+03 1.020000000000e+00 3.681507555516e+01 4.300000000000e+00 4.560386501978e+00 3.658760023997e+02 1.767192855622e+01 2.158869932053e+00 4.732954055862e+01 -2.895061529112e+01 2.489774697253e+01 6.538143053952e-01 3.758993980867e+04
2.012532200019e+03 1.020000000000e+00 3.681507555516e+01 4.300000000000e+00 4.618657107697e+00 3.642403883746e+02 1.818295397852e+01 1.864106068571e+00 4.388296019538e+01 -3.105285862506e+01 2.645913951496e+01 9.698587071842e-02 3.443159290686e+04
2.012532314059e+03 1.020000000000e+00 3.681507555516e+01 4.300000000000e+00 4.703898121533e+00 3.629515824175e+02 1.841161744729e+01 1.694979042263e+00 4.140360460448e+01 -3.283575820639e+01 2.777201555915e+01 -3.453015729355e-01 3.190817537348e+04
2.012532428100e+03 1.020000000000e+00 3.681507555516e+01 4.300000000000e+00 4.807200979168e+00 3.620716636504e+02 1.839371671767e+01 1.631291666572e+00 3.975915749455e+01 -3.433531298878e+01 2.886579193544e+01 -6.113616157931e-01 2.998531538843e+04
2.012532542140e+03 1.020000000000e+00 3.681507555516e+01 4.300000000000e+00 4.910669678895e+00 3.616399817782e+02 1.814811524217e+01 1.651665427448e+00 3.862251312530e+01 -3.558923900930e+01 2.983914167232e+01 -7.260361078165e-01 2.850241387125e+04
2.012532656180e+03 1.020000000000e+00 3.681507555516e+01 4.300000000000e+00 5.036598918385e+00 3.617452358317e+02 1.753258374770e+01 1.820799767689e+00 3.818327324388e+01 -3.662211505967e+01 3.066551044165e+01 -7.289649462350e-01 2.746967092681e+04
2.012532770220e+03 1.020000000000e+00 3.681507555516e+01 4.300000000000e+00 5.163021914869e+00 3.624776734152e+02 1.647024441799e+01 2.195823687586e+00 3.845651900774e+01 -3.743129569920e+01 3.140932159125e+01 -5.795363686764e-01 2.699007349069e+04
2.012532884261e+03 1.020000000000e+00 3.781507555516e+01 4.400000000000e+00 5.172339108698e+00 3.591512748832e+02 1.787855962699e+01 2.182765300712e+00 3.945304377993e+01 -3.629644912622e+01 3.061221774143e+01 -6.791301193300e-01 2.764483958343e+04
2.012532998301e+03 1.020000000000e+00 3.781507555516e+01 4.400000000000e+00 5.361986165387e+00 3.600837324907e+02 1.663449065746e+01 2.601428087621e+00 4.011228791586e+01 -3.714003887972e+01 3.136108046682e+01 -4.005871300472e-01 2.709623728316e+04
2.012533112341e+03 1.020000000000e+00 3.781507555516e+01 4.400000000000e+00 5.564517299882e+00 3.616889967582e+02 1.497925400852e+01 3.160077373182e+00 4.155292499485e+01 -3.777368883493e+01 3.201547945860e+01 1.694357379487e-02 2.702622158819e+04
2.012533226381e+03 1.020000000000e+00 3.781507555516e+01 4.400000000000e+00 5.778236969882e+00 3.636266007577e+02 1.303128391015e+01 3.844055293433e+00 4.345715242525e+01 -3.820740608705e+01 3.255919835305e+01 6.060096363241e-01 2.717952174155e+04
2.012533340422e+03 1.020000000000e+00 3.781507555516e+01 4.400000000000e+00 6.062678005519e+00 3.661329439569e+02 1.068660088292e+01 4.567156168851e+00 4.637255189179e+01 -3.846080271233e+01 3.285201700094e+01 1.296754893753e+00 2.762368998588e+04
2.012533454462e+03 1.020000000000e+00 3.781507555516e+01 4.400000000000e+00 6.360494191013e+00 3.689616329646e+02 8.186076369536e+00 5.261567911628e+00 4.978228592543e+01 -3.857173041330e+01 3.293204356440e+01 2.015499694308e+00 2.827259113955e+04
2.012533568502e+03 1.020000000000e+00 3.781507555516e+01 4.400000000000e+00 6.600503591597e+00 3.718115874381e+02 5.713664883778e+00 5.892864562962e+00 5.313307409850e+01 -3.858397123757e+01 3.284516156555e+01 2.688496768541e+00 2.910084948006e+04
2.012533682542e+03 1.020000000000e+00 3.781507555516e+01 4.400000000000e+00 6.741871676009e+00 3.745001541466e+02 3.372512520268e+00 6.425224485307e+00 5.614073685873e+01 -3.854287823410e+01 3.261530592257e+01 3.248320557116e+00 3.014122323244e+04
2.012533796583e+03 1.020000000000e+00 3.781507555516e+01 4.400000000000e+00 6.816922662594e+00 3.768809941550e+02 1.236628712707e+00 6.842924796953e+00 5.862257221198e+01 -3.849649321803e+01 3.222433142935e+01 3.658933108929e+00 3.117621315396e+04
2.012533910623e+03 1.020000000000e+00 3.781507555516e+01 4.400000000000e+00 6.794983656139e+00 3.788606442555e+02 -6.138394146905e-01 7.153773125950e+00 6.039295177654e+01 -3.847691731284e+01 3.169151104282e+01 3.922125424269e+00 3.224571435178e+04
2.012534024663e+03 1.020000000000e+00 3.781507555516e+01 4.400000000000e+00 6.686657781851e+00 3.804121271842e+02 -2.146239026458e+00 7.372436565997e+00 6.130635006901e+01 -3.850323372621e+01 3.110587924397e+01 4.061048639142e+00 3.325736318605e+04
2.012534138703e+03 1.020000000000e+00 3.781507555516e+01 4.400000000000e+00 6.525467747509e+00 3.815220952980e+02 -3.341880548506e+00 7.497433987570e+00 6.141263830009e+01 -3.857913667347e+01 3.050259604234e+01 4.047376772142e+00 3.412468075394e+04
2.012534252744e+03 1.020000000000e+00 3.781507555516e+01 4.400000000000e+00 6.349593417212e+00 3.821969712692e+02 -4.232194260507e+00 7.493890653841e+00 6.084197042774e+01 -3.869652935375e+01 2.987955773502e+01 3.857933105415e+00 3.473003506418e+04
2.012534366784e+03 1.020000000000e+00 3.781507555516e+01 4.400000000000e+00 6.153669547880e+00 3.824651788307e+02 -4.852973258463e+00 7.342514497028e+00 5.964624815570e+01 -3.886223772208e+01 2.933590880958e+01 3.512507113140e+00 3.510125144542e+04
2.012534480824e+03 1.020000000000e+00 3.781507555516e+01 4.400000000000e+00 5.920488105917e+00 3.820386547249e+02 -5.222298063739e+00 7.186436051483e+00 5.736085470909e+01 -3.898130638183e+01 2.886963094547e+01 3.113076566203e+00 3.504453490475e+04
2.012534594864e+03 1.020000000000e+00 3.781507555516e+01 4.400000000000e+00 5.704192251274e+00 3.815273220172e+02 -5.388824734146e+00 6.930385558978e+00 5.552658992672e+01 -3.882266918855e+01 2.856333780291e+01 2.671293988907e+00 3.519141406060e+04
2.012534708905e+03 1.020000000000e+00 3.781507555516e+01 4.400000000000e+00 6.979239825452e+00 4.149650527121e+02 -1.493508678029e+00 -5.181027403398e+00 3.786658878584e+02 -4.086707261245e+01 3.950412417376e+01 -3.468122453285e+00 1.695669674621e+05
2.012534822945e+03 1.020000000000e+00 3.781507555516e+01 4.400000000000e+00 1.382914887741e+01 5.329255533098e+02 1.249470093122e+01 -4.072822429355e+01 2.478735796853e+03 -4.798365874792e+01 9.550882291679e+01 -2.032122343106e+01 6.420678681838e+05
2.012534936985e+03 1.020000000000e+00 3.781507555516e+01 4.400000000000e+00 1.773610256174e+01 5.768573292092e+02 1.994910907648e+01 -5.184048919719e+01 3.756742776979e+03 -4.944998504078e+01 1.240654343137e+02 -2.329707274749e+01 7.673496014743e+05
2.012535051025e+03 1.020000000000e+00 3.781507555516e+01 4.400000000000e+00 1.770968481789e+01 5.791582470843e+02 2.137234878356e+01 -5.039059046215e+01 3.670326428586e+03 -4.561124198835e+01 1.225081703487e+02 -1.691312667511e+01 7.504614649266e+05
2.012535165066e+03 1.020000000000e+00 3.781507555516e+01 4.400000000000e+00 1.709859383806e+01 5.721974047438e+02 1.886949302238e+01 -4.559005467989e+01 3.330677451919e+03 -3.886031149523e+01 1.041532732684e+02 -8.368642362561e+00 7.053904425930e+05
2.012535279106e+03 1.020000000000e+00 3.781507555516e+01 4.400000000000e+00 1.682313560884e+01 5.656432900751e+02 7.998078575948e+00 -4.309736405226e+01 3.086769017661e+03 -3.353903809430e+01 6.594599676744e+01 -5.112267924063e+00 6.645405533659e+05
2.012535393146e+03 1.020000000000e+00 3.781507555516e+01 4.400000000000e+00 1.674838303989e+01 5.651208071898e+02 -9.296282474386e+00 -4.334811340938e+01 2.962883917556e+03 -3.034412323645e+01 1.749096879205e+01 -5.657291365155e+00 6.407473235619e+05
2.012535507186e+03 1.020000000000e+00 3.781507555516e+01 4.400000000000e+00 1.617150861705e+01 5.658768918465e+02 -2.554999730911e+01 -4.796822269323e+01 2.779820989449e+03 -2.896453069239e+01 -3.627315790750e+01 -1.738811078973e+01 6.227036366072e+05
2.012535621227e+03 1.020000000000e+00 3.871507555516e+01 4.400000000000e+00 1.459751555829e+01 5.630595178456e+02 -3.629051465229e+01 -5.099544246768e+01 2.351635088239e+03 -2.916586847484e+01 -7.942727349929e+01 -3.567686372572e+01 5.838539323223e+05
2.012535735267e+03 1.020000000000e+00 3.871507555516e+01 4.400000000000e+00 1.115682986747e+01 5.606994402886e+02 -4.213480636233e+01 -5.548871430855e+01 1.808268204321e+03 -3.723371186686e+01 -1.120470671946e+02 -6.629766497697e+01 5.892855010797e+05
2.012535849307e+03 1.020000000000e+00 3.871507555516e+01 4.400000000000e+00 7.497492763274e+00 5.546156615007e+02 -4.211512767972e+01 -5.507229607180e+01 1.284486291305e+03 -5.391015184683e+01 -1.170753276824e+02 -9.616388501393e+01 6.226412285083e+05
2.012535963347e+03 1.020000000000e+00 3.871507555516e+01 4.400000000000e+00 5.218719484373e+00 5.495708703883e+02 -3.691760108074e+01 -4.997780443293e+01 9.262226426152e+02 -7.242756934400e+01 -1.111807447081e+02 -1.149590643627e+02 6.423372196655e+05
2.012536077388e+03 1.020000000000e+00 3.871507555516e+01 4.400000000000e+00 4.139122094460e+00 5.455842576322e+02 -1.791006568230e+01 -4.116379990802e+01 6.949008201055e+02 -8.963038328360e+01 -9.883821915380e+01 -1.273562267765e+02 6.063289617122e+05
2.012536191428e+03 1.020000000000e+00 3.871507555516e+01 4.400000000000e+00 3.596160385505e+00 5.427107556874e+02 5.190265201757e+00 -3.429769707447e+01 5.177791064767e+02 -1.031507962410e+02 -8.774095911729e+01 -1.370429871305e+02 5.204912138471e+05
2.012536305468e+03 1.020000000000e+00 3.871507555516e+01 4.400000000000e+00 3.394849814936e+00 5.414897366839e+02 2.186538180887e+01 -2.689564749038e+01 3.892080087569e+02 -1.132410362453e+02 -8.217113169996e+01 -1.425136044931e+02 4.148790640972e+05
2.012536419508e+03 1.020000000000e+00 3.871507555516e+01 4.400000000000e+00 3.289965278882e+00 5.411686617517e+02 3.158851170025e+01 -1.901736931512e+01 2.884542239620e+02 -1.216707198763e+02 -8.180649180091e+01 -1.443264421262e+02 3.174046488108e+05
2.012536533549e+03 1.020000000000e+00 3.871507555516e+01 4.400000000000e+00 3.177127561702e+00 5.430391516571e+02 3.698596939934e+01 -1.048468033849e+01 1.988422243273e+02 -1.289631988737e+02 -9.040089932940e+01 -1.425271110642e+02 2.262111610228e+05
2.012536647589e+03 1.020000000000e+00 3.871507555516e+01 4.400000000000e+00 2.891215890609e+00 5.449038176009e+02 3.900811330414e+01 1.351190908108e+00 1.206486006522e+02 -1.341446176360e+02 -1.058495864642e+02 -1.347556665948e+02 1.501217641572e+05
2.012536761629e+03 1.020000000000e+00 3.871507555516e+01 4.400000000000e+00 2.430466026288e+00 5.452781319928e+02 4.106391426359e+01 1.280322658196e+01 6.473546426323e+01 -1.388152695022e+02 -1.216197130147e+02 -1.206209748767e+02 9.561224702399e+04
2.012536875669e+03 1.020000000000e+00 3.871507555516e+01 4.400000000000e+00 2.047139784653e+00 5.442131223703e+02 4.338548981898e+01 2.039559584410e+01 3.286916686457e+01 -1.445535846555e+02 -1.344180840548e+02 -1.044197225553e+02 5.779385059308e+04
2.012536989709e+03 1.020000000000e+00 3.871507555516e+01 4.400000000000e+00 1.802194527607e+00 5.409162741327e+02 4.500489507714e+01 2.354220437721e+01 1.889906031440e+01 -1.504337302656e+02 -1.430499221208e+02 -8.836482616453e+01 3.789097036104e+04
2.012537103750e+03 1.020000000000e+00 3.871507555516e+01 4.400000000000e+00 1.592788528905e+00 5.342025469332e+02 4.660338961536e+01 2.343668775521e+01 1.329599044523e+01 -1.560576812171e+02 -1.477328130721e+02 -7.331709965071e+01 3.021673147613e+04
2.012537217790e+03 1.020000000000e+00 3.871507555516e+01 4.400000000000e+00 1.383068338885e+00 5.266682099492e+02 4.938974889915e+01 2.011069312515e+01 1.019364643540e+01 -1.615411990533e+02 -1.501125041892e+02 -5.953376852514e+01 2.670404847720e+04
2.012537331830e+03 1.020000000000e+00 3.871507555516e+01 4.400000000000e+00 1.211148548664e+00 5.189190399888e+02 5.218119130077e+01 1.581007563231e+01 8.277786536602e+00 -1.667716727010e+02 -1.510747229566e+02 -4.588840423327e+01 2.479771471263e+04
2.012537445870e+03 1.020000000000e+00 3.871507555516e+01 4.400000000000e+00 1.109356069458e+00 5.104305734069e+02 5.333605306944e+01 1.149107954420e+01 7.298964653565e+00 -1.715129092103e+02 -1.509191082848e+02 -3.177380357840e+01 2.388179622306e+04
2.012537559911e+03 1.020000000000e+00 3.871507555516e+01 4.400000000000e+00 1.034210146193e+00 5.020564476468e+02 5.332294533317e+01 7.488395395092e+00 6.700034676480e+00 -1.757941868857e+02 -1.496248388078e+02 -1.697550413562e+01 2.352868825657e+04
2.012537673951e+03 1.020000000000e+00 3.871507555516e+01 4.400000000000e+00 9.844901016100e-01 4.938661391132e+02 5.290839453695e+01 4.122691539825e+00 6.403443288388e+00 -1.794964362044e+02 -1.470095314651e+02 -1.577014508334e+00 2.365603656985e+04
2.012537787991e+03 1.020000000000e+00 3.871507555516e+01 4.400000000000e+00 9.503898161182e-01 4.863408385849e+02 5.205192097281e+01 1.361593293850e+00 6.275739996598e+00 -1.821558003064e+02 -1.431725706045e+02 1.384992427730e+01 2.403338208256e+04
2.012537902031e+03 1.020000000000e+00 3.871507555516e+01 4.400000000000e+00 9.209886956095e-01 4.796401507577e+02 5.068379073809e+01 -9.369208778538e-01 6.280142105232e+00 -1.837315365150e+02 -1.382261926920e+02 2.891715825035e+01 2.478577414341e+04
2.012538016072e+03 1.020000000000e+00 3.871507555516e+01 4.400000000000e+00 8.964049468260e-01 4.724776906317e+02 5.013601084412e+01 -2.699404086129e+00 6.261145214369e+00 -1.842355970680e+02 -1.316572034858e+02 4.350772959789e+01 2.533162430624e+04
2.012538130112e+03 1.020000000000e+00 3.871507555516e+01 4.400000000000e+00 8.754531817815e-01 4.658997124875e+02 4.966081588966e+01 -4.207290789652e+00 6.174534537085e+00 -1.836238272209e+02 -1.240850706745e+02 5.739001362268e+01 2.554969664313e+04
2.012538244152e+03 1.020000000000e+00 3.871507555516e+01 4.400000000000e+00 8.564781737018e-01 4.601960279625e+02 4.910001378550e+01 -5.242507903398e+00 6.044566988281e+00 -1.821585042859e+02 -1.158884285330e+02 7.046548567857e+01 2.555501279309e+04
2.012538358192e+03 1.020000000000e+00 3.971507555516e+01 4.500000000000e+00 8.709413817875e-01 4.489607714126e+02 4.704264561759e+01 -9.661175733519e+00 8.696945133562e+00 -1.795954586895e+02 -1.112261699574e+02 9.290914974897e+01 3.515566113751e+04
2.012538472233e+03 1.020000000000e+00 3.971507555516e+01 4.500000000000e+00 8.489907426836e-01 4.436666456446e+02 4.701717306469e+01 -1.037177777325e+01 8.066014868629e+00 -1.767736599090e+02 -1.012305953803e+02 1.041888834812e+02 3.368186359062e+04
2.012538586273e+03 1.020000000000e+00 3.971507555516e+01 4.500000000000e+00 8.312509382022e-01 4.391851139666e+02 4.742832642777e+01 -1.078001755845e+01 7.106101214985e+00 -1.736002237883e+02 -9.080247768600e+01 1.139706647648e+02 3.052877600809e+04
2.012538700313e+03 1.020000000000e+00 3.971507555516e+01 4.500000000000e+00 8.184520414234e-01 4.354101851461e+02 4.838429302514e+01 -1.095081837941e+01 6.166048466171e+00 -1.696234719075e+02 -8.028993040089e+01 1.222121148839e+02 2.709408119225e+04
2.012538814353e+03 1.020000000000e+00 3.971507555516e+01 4.500000000000e+00 8.088709685845e-01 4.321101184028e+02 4.984275462917e+01 -1.111590980861e+01 5.345430813381e+00 -1.639828675818e+02 -7.011862318314e+01 1.290720816028e+02 2.388962416566e+04
2.012538928394e+03 1.020000000000e+00 3.971507555516e+01 4.500000000000e+00 8.010327257059e-01 4.294435323982e+02 5.135549750660e+01 -1.123945726032e+01 4.638989110982e+00 -1.574562409296e+02 -6.047332985967e+01 1.346711080450e+02 2.098386717444e+04
2.012539042434e+03 1.020000000000e+00 3.971507555516e+01 4.500000000000e+00 7.931436677248e-01 4.273336465807e+02 5.289279413597e+01 -1.135322825695e+01 4.100039914757e+00 -1.506669469818e+02 -5.144695354497e+01 1.390684348735e+02 1.873959689054e+04
2.012539156474e+03 1.020000000000e+00 3.971507555516e+01 4.500000000000e+00 7.838083555529e-01 4.257833273604e+02 5.436742285416e+01 -1.158924031817e+01 3.726602848171e+00 -1.439018349284e+02 -4.318858645246e+01 1.423527706578e+02 1.722614724573e+04
2.012539270514e+03 1.020000000000e+00 3.971507555516e+01 4.500000000000e+00 7.713012353429e-01 4.248005875213e+02 5.567806861952e+01 -1.214815316041e+01 3.495246982611e+00 -1.373328876558e+02 -3.577405673130e+01 1.446430308909e+02 1.641504329184e+04
2.012539384555e+03 1.020000000000e+00 3.971507555516e+01 4.500000000000e+00 7.525987032801e-01 4.241575609585e+02 5.680449165002e+01 -1.314147019773e+01 3.378041057152e+00 -1.311667567813e+02 -2.914403251432e+01 1.460900333736e+02 1.626128687177e+04
2.012539498595e+03 1.020000000000e+00 3.971507555516e+01 4.500000000000e+00 7.319518654940e-01 4.236575772531e+02 5.789419887222e+01 -1.459369287889e+01 3.387104591319e+00 -1.254844259684e+02 -2.317846836041e+01 1.467869217680e+02 1.677104021016e+04
2.012539612635e+03 1.020000000000e+00 3.971507555516e+01 4.500000000000e+00 7.050932489012e-01 4.232145653507e+02 5.921616874623e+01 -1.661661888432e+01 3.467064911181e+00 -1.202000801142e+02 -1.780822041245e+01 1.467881153160e+02 1.783948727558e+04
2.012539726675e+03 1.020000000000e+00 3.971507555516e+01 4.500000000000e+00 6.648288601796e-01 4.225346806965e+02 6.087124990907e+01 -1.906040473491e+01 3.507116543856e+00 -1.152434555712e+02 -1.304090605631e+01 1.462433222843e+02 1.916043032801e+04
2.012539840716e+03 1.020000000000e+00 3.971507555516e+01 4.500000000000e+00 6.126615663835e-01 4.215883161201e+02 6.302264827509e+01 -2.163698591874e+01 3.468563466940e+00 -1.106613109937e+02 -8.843766450593e+00 1.453177079802e+02 2.057041509221e+04
2.012539954756e+03 1.020000000000e+00 3.971507555516e+01 4.500000000000e+00 5.588812837634e-01 4.203591321266e+02 6.561457087254e+01 -2.429229607048e+01 3.373909740313e+00 -1.064781867181e+02 -5.060848502247e+00 1.441283634518e+02 2.193855621938e+04
2.012540068796e+03 1.020000000000e+00 3.971507555516e+01 4.500000000000e+00 5.076372155410e-01 4.188207824178e+02 6.848998755544e+01 -2.702131261088e+01 3.214318375250e+00 -1.026578087149e+02 -1.561827382286e+00 1.427486138290e+02 2.300272907923e+04
2.012540182836e+03 1.020000000000e+00 3.971507555516e+01 4.500000000000e+00 4.614118051813e-01 4.170420247239e+02 7.103989431583e+01 -2.975696273461e+01 3.006746625891e+00 -9.911324253007e+01 1.793454840102e+00 1.412021210635e+02 2.366391350737e+04
2.012540296877e+03 1.020000000000e+00 3.971507555516e+01 4.500000000000e+00 4.203576595330e-01 4.151315364574e+02 7.287903021982e+01 -3.221752372041e+01 2.823017343726e+00 -9.577758340265e+01 5.162538052043e+00 1.395591231105e+02 2.438142003772e+04
2.012540410917e+03 1.020000000000e+00 3.971507555516e+01 4.500000000000e+00 3.838979488536e-01 4.130891165345e+02 7.392718525834e+01 -3.421787845655e+01 2.699261522525e+00 -9.261215378481e+01 8.651775421194e+00 1.378346095815e+02 2.552391203193e+04
2.012540524957e+03 1.020000000000e+00 3.971507555516e+01 4.500000000000e+00 3.503941237906e-01 4.108509808587e+02 7.362022059443e+01 -3.569805600257e+01 2.650020841468e+00 -8.967179202859e+01 1.237180406638e+01 1.359948131023e+02 2.745804524229e+04
2.012540638997e+03 1.020000000000e+00 3.971507555516e+01 4.500000000000e+00 3.237893366974e-01 4.081700396924e+02 7.173368519647e+01 -3.643461363511e+01 2.800568891496e+00 -8.697305499280e+01 1.669010782625e+01 1.340028822881e+02 3.137874688222e+04
2.012540753038e+03 1.020000000000e+00 3.971507555516e+01 4.500000000000e+00 3.069908792968e-01 4.046892315595e+02 6.563822614195e+01 -3.610354503211e+01 3.316975959704e+00 -8.432492348967e+01 2.176065905743e+01 1.318206979182e+02 3.915286832705e+04
2.012540867078e+03 1.020000000000e+00 3.971507555516e+01 4.500000000000e+00 2.951708740476e-01 4.006300573411e+02 5.665420838728e+01 -3.508295038269e+01 3.974964468653e+00 -8.147164943941e+01 2.770108970709e+01 1.293807514937e+02 4.879085401272e+04
2.012540981118e+03 1.020000000000e+00 3.971507555516e+01 4.500000000000e+00 2.859818427664e-01 3.961495416451e+02 4.611246935603e+01 -3.276198614608e+01 4.531778444848e+00 -7.819714847296e+01 3.429037319677e+01 1.266536682768e+02 5.740554944733e+04
2.012541095158e+03 1.020000000000e+00 4.061507555516e+01 4.600000000000e+00 2.995898215444e-01 3.850905960711e+02 3.102323282881e+01 -2.917667437770e+01 4.817664188449e+00 -6.821593728320e+01 4.417559273733e+01 1.278297355089e+02 5.858070439837e+04
2.012541209199e+03 1.020000000000e+00 4.061507555516e+01 4.600000000000e+00 2.938202340727e-01 3.800286973665e+02 2.240989901069e+01 -2.431321461328e+01 4.838165266962e+00 -6.399420426052e+01 5.133431227015e+01 1.238950008426e+02 6.001796262652e+04
2.012541323239e+03 1.020000000000e+00 4.061507555516e+01 4.600000000000e+00 2.868497144137e-01 3.750956489301e+02 1.643538692951e+01 -1.931735524611e+01 4.703910435880e+00 -5.976332646700e+01 5.780814551747e+01 1.196739299853e+02 5.980183492099e+04
2.012541437279e+03 1.020000000000e+00 4.061507555516e+01 4.600000000000e+00 2.832364816025e-01 3.710601050740e+02 1.335046811668e+01 -1.495446102066e+01 4.450273261899e+00 -5.567754810275e+01 6.326571311435e+01 1.153784187234e+02 5.743903686457e+04
2.012541551319e+03 1.020000000000e+00 4.061507555516e+01 4.600000000000e+00 2.865564256700e-01 3.682533295356e+02 1.245191977409e+01 -1.143362517980e+01 4.170336126263e+00 -5.187360536088e+01 6.767421945766e+01 1.112353438730e+02 5.320332163218e+04
2.012541665360e+03 1.020000000000e+00 4.061507555516e+01 4.600000000000e+00 2.979678402225e-01 3.665682053075e+02 1.323687503145e+01 -8.952978946799e+00 3.950182138071e+00 -4.846248835050e+01 7.117917057612e+01 1.072601804751e+02 4.842319934636e+04
2.012541779400e+03 1.020000000000e+00 4.061507555516e+01 4.600000000000e+00 3.164012651516e-01 3.655568305722e+02 1.640926519488e+01 -7.092988876641e+00 3.794042882273e+00 -4.550073002866e+01 7.395406812241e+01 1.033857014247e+02 4.378106896277e+04
2.012541893440e+03 1.020000000000e+00 4.061507555516e+01 4.600000000000e+00 3.384448681259e-01 3.651952742217e+02 2.058057604987e+01 -5.211652678006e+00 3.689144161753e+00 -4.296297605225e+01 7.609564701288e+01 9.959404546954e+01 3.980584429009e+04
2.012542007480e+03 1.020000000000e+00 4.061507555516e+01 4.600000000000e+00 3.593293506470e-01 3.652025852522e+02 2.528271891014e+01 -3.423894679234e+00 3.610029755634e+00 -4.078978486270e+01 7.787270483580e+01 9.587176661205e+01 3.671980701034e+04
2.012542121521e+03 1.020000000000e+00 4.061507555516e+01 4.600000000000e+00 3.746971262696e-01 3.651890238350e+02 3.010995548743e+01 -1.834095518515e+00 3.531685678653e+00 -3.890682707193e+01 7.930601633572e+01 9.230124942223e+01 3.447709983947e+04
2.012542235561e+03 1.020000000000e+00 4.061507555516e+01 4.600000000000e+00 3.811991601954e-01 3.649329709635e+02 3.422419128449e+01 -3.772134280598e-01 3.465187119838e+00 -3.725379857814e+01 8.038576495492e+01 8.893286863627e+01 3.326182147631e+04
2.012542349601e+03 1.020000000000e+00 4.061507555516e+01 4.600000000000e+00 3.782538239402e-01 3.645198533603e+02 3.730978448003e+01 8.070797632447e-01 3.412346584627e+00 -3.581638143725e+01 8.123242350876e+01 8.577491863159e+01 3.301858437219e+04
2.012542463641e+03 1.020000000000e+00 4.061507555516e+01 4.600000000000e+00 3.710561247543e-01 3.640086116360e+02 3.937627397833e+01 1.430570881901e+00 3.381329598765e+00 -3.456121637136e+01 8.187976101573e+01 8.279163536822e+01 3.335487841411e+04
2.012542577682e+03 1.020000000000e+00 4.061507555516e+01 4.600000000000e+00 3.617247045638e-01 3.634911288894e+02 4.067463699082e+01 1.243544585331e+00 3.597737196658e+00 -3.347815991639e+01 8.224482370532e+01 8.002032398789e+01 3.643430689657e+04
2.012542691722e+03 1.020000000000e+00 4.061507555516e+01 4.600000000000e+00 3.495107146105e-01 3.637739093919e+02 4.080252224556e+01 -7.225062973166e-01 4.961637133756e+00 -3.259534092218e+01 8.217830587046e+01 7.752893786089e+01 5.206528091472e+04
2.012542805762e+03 1.020000000000e+00 4.061507555516e+01 4.600000000000e+00 3.302623553913e-01 3.650438023577e+02 3.899404687196e+01 -5.618301472929e+00 8.208967157390e+00 -3.193842003795e+01 8.163338696921e+01 7.525464404284e+01 9.091667342293e+04
2.012542919802e+03 1.020000000000e+00 4.061507555516e+01 4.600000000000e+00 3.104503069286e-01 3.679594860826e+02 3.317802585066e+01 -1.197283282932e+01 1.241475438172e+01 -3.147578679797e+01 8.055584111294e+01 7.341387970549e+01 1.456363776132e+05
2.012543033843e+03 1.020000000000e+00 4.061507555516e+01 4.600000000000e+00 2.951574448716e-01 3.717947704328e+02 2.427821803489e+01 -1.889032297433e+01 1.678048063181e+01 -3.120332209595e+01 7.899362868754e+01 7.210735846199e+01 2.063948724728e+05
2.012543147883e+03 1.020000000000e+00 4.061507555516e+01 4.600000000000e+00 2.860367732409e-01 3.744320655963e+02 1.379946708985e+01 -2.319999060303e+01 2.069383919882e+01 -3.143136844942e+01 7.666942681908e+01 7.134800218989e+01 2.622604981336e+05
2.012543261923e+03 1.020000000000e+00 4.061507555516e+01 4.600000000000e+00 2.818624422843e-01 3.769209633907e+02 4.150312897538e+00 -2.420169734434e+01 2.385767349851e+01 -3.251160350117e+01 7.391781627127e+01 7.128572238614e+01 3.064314997031e+05
2.012543375963e+03 1.020000000000e+00 4.061507555516e+01 4.600000000000e+00 2.868551468492e-01 3.785942131988e+02 -1.650024861020e+00 -2.394239193807e+01 2.630357819162e+01 -3.392935476864e+01 7.116584596671e+01 7.136571672998e+01 3.319253306599e+05
2.012543490004e+03 1.020000000000e+00 4.061507555516e+01 4.600000000000e+00 3.192990037310e-01 3.792290129605e+02 -3.424139770589e+00 -2.294731357490e+01 2.846320638567e+01 -3.529530891278e+01 6.888643335529e+01 7.118170420727e+01 3.280017609418e+05
2.012543604044e+03 1.020000000000e+00 4.061507555516e+01 4.600000000000e+00 4.491176082003e-01 3.790240088233e+02 -3.145816570486e+00 -2.094774629056e+01 3.068274356291e+01 -3.650214588824e+01 6.716463905012e+01 7.063362761558e+01 2.825253947349e+05
2.012543718084e+03 1.020000000000e+00 4.161507555516e+01 4.700000000000e+00 8.404516524336e-01 3.769168313805e+02 -9.831362502386e-01 -1.963195339112e+01 3.384101292372e+01 -3.722272368494e+01 6.468084108608e+01 7.137572958076e+01 1.620436301152e+05
2.012543832124e+03 1.020000000000e+00 4.161507555516e+01 4.700000000000e+00 1.547162951110e+00 3.757037073023e+02 1.038862135290e+00 -1.723109563664e+01 3.656224619750e+01 -3.832747778062e+01 6.389522083052e+01 7.071341911585e+01 8.973426361374e+04
2.012543946165e+03 1.020000000000e+00 4.161507555516e+01 4.700000000000e+00 2.383848485724e+00 3.742715557599e+02 3.334097242051e+00 -1.484704079386e+01 3.938583255340e+01 -3.940704361951e+01 6.353099626142e+01 7.032254565307e+01 6.119294215460e+04
2.012544060205e+03 1.020000000000e+00 4.161507555516e+01 4.700000000000e+00 3.255850267781e+00 3.733418125403e+02 5.748776677946e+00 -1.272000918052e+01 4.210886089496e+01 -4.050639636508e+01 6.421167068073e+01 7.048845252409e+01 4.736888463621e+04
2.012544174245e+03 1.020000000000e+00 4.161507555516e+01 4.700000000000e+00 4.086485259734e+00 3.726480075323e+02 8.026152086406e+00 -1.140993870142e+01 4.449369677927e+01 -4.158811328606e+01 6.583514595131e+01 7.101584920167e+01 3.964514431962e+04
2.012544288285e+03 1.020000000000e+00 4.161507555516e+01 4.700000000000e+00 4.804373321401e+00 3.718508841259e+02 9.607332995728e+00 -1.077649252264e+01 4.661052949298e+01 -4.265771695319e+01 6.775465560557e+01 7.169835532084e+01 3.520153155139e+04
2.012544402326e+03 1.020000000000e+00 4.161507555516e+01 4.700000000000e+00 5.374658945132e+00 3.710792918839e+02 1.035581643117e+01 -1.043461170081e+01 4.917787130314e+01 -4.370033052041e+01 6.987923475952e+01 7.231729179353e+01 3.312955148470e+04
2.012544516366e+03 1.020000000000e+00 4.161507555516e+01 4.700000000000e+00 5.928633453880e+00 3.705005892687e+02 1.050877341624e+01 -1.045999336253e+01 5.469673023253e+01 -4.460089858110e+01 7.217171279049e+01 7.231928060066e+01 3.329618485019e+04
2.012544630406e+03 1.020000000000e+00 4.161507555516e+01 4.700000000000e+00 6.959739909395e+00 3.704841693609e+02 1.014616722574e+01 -1.165875267562e+01 6.900607937409e+01 -4.519932605708e+01 7.388127323784e+01 7.158406023046e+01 3.565275293950e+04
2.012544744446e+03 1.020000000000e+00 4.161507555516e+01 4.700000000000e+00 8.552576796666e+00 3.708090607451e+02 8.604615290754e+00 -1.423887791681e+01 9.385568813837e+01 -4.542079855325e+01 7.469118475401e+01 7.041430078247e+01 3.947624390349e+04
2.012544858487e+03 1.020000000000e+00 4.161507555516e+01 4.700000000000e+00 1.036798208546e+01 3.712270620550e+02 6.156366646511e+00 -1.746782192278e+01 1.253411069819e+02 -4.539972164678e+01 7.514301159211e+01 6.853068198961e+01 4.356517707465e+04
2.012544972527e+03 1.020000000000e+00 4.161507555516e+01 4.700000000000e+00 1.220045857893e+01 3.717954986302e+02 3.171765356438e+00 -2.066325853837e+01 1.601781977970e+02 -4.528646505341e+01 7.600563296571e+01 6.523787365058e+01 4.738831005604e+04
2.012545086567e+03 1.020000000000e+00 4.161507555516e+01 4.700000000000e+00 1.382481510478e+01 3.725552936796e+02 -5.215276092514e-01 -2.292107978867e+01 1.952537045708e+02 -4.514118891095e+01 7.824916099202e+01 6.001399990508e+01 5.103164244644e+04
2.012545200607e+03 1.020000000000e+00 4.161507555516e+01 4.700000000000e+00 1.483668137793e+01 3.736552048610e+02 -4.528231284629e+00 -2.430220284422e+01 2.278106977131e+02 -4.498154761786e+01 8.146882650428e+01 5.360412219987e+01 5.555641423425e+04
2.012545314648e+03 1.020000000000e+00 4.161507555516e+01 4.700000000000e+00 1.506181299637e+01 3.748414871495e+02 -8.449964531931e+00 -2.507326807869e+01 2.557256939872e+02 -4.477816078273e+01 8.489127108108e+01 4.691247473741e+01 6.147951154576e+04
2.012545428688e+03 1.020000000000e+00 4.161507555516e+01 4.700000000000e+00 1.493562433302e+01 3.758447892844e+02 -1.199190276258e+01 -2.537098720993e+01 2.781959271522e+02 -4.453024674442e+01 8.801752415743e+01 4.057643341070e+01 6.746181030266e+04
2.012545542728e+03 1.020000000000e+00 4.161507555516e+01 4.700000000000e+00 1.468726737219e+01 3.766406195087e+02 -1.497350011794e+01 -2.535492824251e+01 2.954208886529e+02 -4.425522985124e+01 9.054357395504e+01 3.496309369715e+01 7.285209005828e+04
2.012545656768e+03 1.020000000000e+00 4.161507555516e+01 4.700000000000e+00 1.439217326781e+01 3.773571199447e+02 -1.731551216113e+01 -2.515045115468e+01 3.081268319693e+02 -4.395506224600e+01 9.229829214694e+01 3.021806819261e+01 7.754520296048e+04
2.012545770809e+03 1.020000000000e+00 4.161507555516e+01 4.700000000000e+00 1.404769319678e+01 3.782654695812e+02 -1.896472965999e+01 -2.463399467311e+01 3.159978844084e+02 -4.359514756243e+01 9.303142493489e+01 2.620404733786e+01 8.148652357815e+04
2.012545884849e+03 1.020000000000e+00 4.161507555516e+01 4.700000000000e+00 1.353914028347e+01 3.796393090756e+02 -2.000503232584e+01 -2.319349545119e+01 3.191272454750e+02 -4.312732865869e+01 9.295376454577e+01 2.249368746464e+01 8.540622513170e+04
2.012545998889e+03 1.020000000000e+00 4.161507555516e+01 4.700000000000e+00 1.277338585070e+01 3.828089714519e+02 -2.043617305742e+01 -2.099103729381e+01 3.136146455496e+02 -4.244929952921e+01 9.123226940424e+01 1.826221192328e+01 8.903505816214e+04
2.012546112929e+03 1.020000000000e+00 4.161507555516e+01 4.700000000000e+00 1.151418089495e+01 3.900550861746e+02 -2.013295326622e+01 -1.828120676720e+01 2.950669429803e+02 -4.147621296536e+01 8.483306609465e+01 1.339908332291e+01 9.263101322797e+04
2.012546226970e+03 1.020000000000e+00 4.161507555516e+01 4.700000000000e+00 9.698280618501e+00 4.022998544964e+02 -1.818366565319e+01 -1.463913648058e+01 2.389712264480e+02 -3.970911859159e+01 7.041521354208e+01 8.783487898499e+00 8.845889687685e+04
2.012546341010e+03 1.020000000000e+00 4.161507555516e+01 4.700000000000e+00 7.780005686946e+00 4.169967329926e+02 -1.271546345306e+01 -1.005623399214e+01 1.637904963645e+02 -3.754446518748e+01 5.356950432046e+01 5.472915269415e+00 7.546919490179e+04
2.012546455050e+03 1.020000000000e+00 4.251507555516e+01 4.800000000000e+00 6.446967271427e+00 4.289211727408e+02 -6.862070922551e+00 -6.476095267435e+00 1.130919895900e+02 -3.587918488339e+01 4.169303976862e+01 3.463468770759e+00 6.319585934010e+04
2.012546569090e+03 1.020000000000e+00 4.251507555516e+01 4.800000000000e+00 5.602284045600e+00 4.366356634802e+02 -3.104125774107e+00 -3.858327988484e+00 8.536501855625e+01 -3.481055967383e+01 3.452773408905e+01 1.997142440612e+00 5.514131251361e+04
2.012546683131e+03 1.020000000000e+00 4.251507555516e+01 4.800000000000e+00 5.279376984989e+00 4.394629369111e+02 -1.753786001302e+00 -2.914457298924e+00 7.645410527064e+01 -3.420827268407e+01 3.196698594253e+01 1.369212885749e+00 5.244187329292e+04
2.012546797171e+03 1.020000000000e+00 4.251507555516e+01 4.800000000000e+00 5.139798518373e+00 4.406840593491e+02 -1.177301743834e+00 -2.614560758488e+00 7.311254241038e+01 -3.397152487980e+01 3.104978676091e+01 1.106068992684e+00 5.151448123153e+04
2.012546911211e+03 1.020000000000e+00 4.251507555516e+01 4.800000000000e+00 5.060710018148e+00 4.414357935526e+02 -8.651792775426e-01 -2.520969775219e+00 7.136743974378e+01 -3.414457434582e+01 3.063102828891e+01 9.532957442692e-01 5.107023742142e+04
2.012547025251e+03 1.020000000000e+00 4.251507555516e+01 4.800000000000e+00 5.037894794759e+00 4.420412513538e+02 -5.977266786204e-01 -2.491788849574e+00 7.082096599590e+01 -3.432924220021e+01 3.036295730208e+01 7.994913838126e-01 5.090649032154e+04
2.012547139292e+03 1.020000000000e+00 4.251507555516e+01 4.800000000000e+00 5.072230448992e+00 4.426467626630e+02 -2.008447920376e-01 -2.482480371754e+00 7.155276558280e+01 -3.441211160707e+01 3.018300014304e+01 6.144071080096e-01 5.108439678437e+04
2.012547253332e+03 1.020000000000e+00 4.251507555516e+01 4.800000000000e+00 5.107812127765e+00 4.433430375158e+02 1.690752469807e-01 -2.481642218590e+00 7.235009620119e+01 -3.446623705337e+01 3.015004741625e+01 4.202418288532e-01 5.129423778579e+04
2.012547367372e+03 1.020000000000e+00 4.251507555516e+01 4.800000000000e+00 5.140998583669e+00 4.441061097210e+02 3.877011362073e-01 -2.490338634995e+00 7.311162538192e+01 -3.455836716108e+01 3.019716586574e+01 2.331857901659e-01 5.149899044230e+04
2.012547481412e+03 1.020000000000e+00 4.251507555516e+01 4.800000000000e+00 5.191406857450e+00 4.448611824726e+02 4.735063076183e-01 -2.503895687030e+00 7.423819592471e+01 -3.469832311371e+01 3.033683369264e+01 6.332098031159e-02 5.178393790020e+04
2.012547595453e+03 1.020000000000e+00 4.251507555516e+01 4.800000000000e+00 5.264180770220e+00 4.456344095349e+02 5.071790024885e-01 -2.520820304678e+00 7.583492855674e+01 -3.485908311145e+01 3.053155766261e+01 -8.371467457817e-02 5.216573436076e+04
2.012547709493e+03 1.020000000000e+00 4.251507555516e+01 4.800000000000e+00 5.355563707168e+00 4.464701786207e+02 5.227711081984e-01 -2.541167228196e+00 7.784439355923e+01 -3.500176367764e+01 3.073128181441e+01 -2.041660153391e-01 5.263373678199e+04
2.012547823533e+03 1.020000000000e+00 4.251507555516e+01 4.800000000000e+00 5.462093325440e+00 4.473908715979e+02 5.221213873664e-01 -2.564173067117e+00 8.021689033983e+01 -3.508944634964e+01 3.090954368154e+01 -2.948508817249e-01 5.317950699175e+04
2.012547937573e+03 1.020000000000e+00 4.251507555516e+01 4.800000000000e+00 5.582501766427e+00 4.484071147153e+02 4.606326823566e-01 -2.587100460320e+00 8.293275360952e+01 -3.509378335876e+01 3.105488445602e+01 -3.547326018782e-01 5.379352355002e+04
2.012548051613e+03 1.020000000000e+00 4.251507555516e+01 4.800000000000e+00 5.716070016843e+00 4.495169516505e+02 3.383213844573e-01 -2.603222997572e+00 8.598655547991e+01 -3.500097407724e+01 3.116905535279e+01 -3.903406093898e-01 5.447045091242e+04
2.012548165654e+03 1.020000000000e+00 4.251507555516e+01 4.800000000000e+00 5.861485749758e+00 4.507142861954e+02 1.825467148256e-01 -2.619403374560e+00 8.935939175508e+01 -3.481122281041e+01 3.125728016086e+01 -4.032267657223e-01 5.520216324830e+04
2.012548279694e+03 1.020000000000e+00 4.251507555516e+01 4.800000000000e+00 6.014574008427e+00 4.520014840175e+02 6.577543062835e-03 -2.636988018049e+00 9.302230647834e+01 -3.453836398949e+01 3.133004145850e+01 -4.052092236560e-01 5.600148116482e+04
2.012548393734e+03 1.020000000000e+00 4.251507555516e+01 4.800000000000e+00 6.145151880683e+00 4.533943323279e+02 -1.826635805421e-01 -2.659023121635e+00 9.694540822942e+01 -3.420435457180e+01 3.140485080298e+01 -3.864771415328e-01 5.712220575340e+04
2.012548507774e+03 1.020000000000e+00 4.251507555516e+01 4.800000000000e+00 6.230544224864e+00 4.549056662783e+02 -3.926431185830e-01 -2.695679291094e+00 1.010880230433e+02 -3.382980071294e+01 3.149194724583e+01 -2.851177756826e-01 5.874700429615e+04
2.012548621815e+03 1.020000000000e+00 4.251507555516e+01 4.800000000000e+00 6.301812304635e+00 4.565190568111e+02 -6.502475096718e-01 -2.735488239440e+00 1.053629151414e+02 -3.342571411553e+01 3.157575052504e+01 -8.768610738155e-02 6.053908919069e+04
2.012548735855e+03 1.020000000000e+00 4.251507555516e+01 4.800000000000e+00 6.372045747813e+00 4.581855309778e+02 -9.894359084398e-01 -2.804080524103e+00 1.095963734466e+02 -3.299401863460e+01 3.160509705424e+01 1.560503055345e-01 6.227823431650e+04
2.012548849895e+03 1.020000000000e+00 4.251507555516e+01 4.800000000000e+00 6.436544916112e+00 4.598387975248e+02 -1.420706115433e+00 -2.895693852415e+00 1.135125818833e+02 -3.253871781058e+01 3.151177525735e+01 4.339625067069e-01 6.385871937747e+04
2.012548963935e+03 1.020000000000e+00 4.251507555516e+01 4.800000000000e+00 6.482084916514e+00 4.614066870510e+02 -1.916620777353e+00 -2.990660824615e+00 1.167602950413e+02 -3.206862725125e+01 3.127887952760e+01 7.405435090314e-01 6.522649127552e+04
2.012549077976e+03 1.020000000000e+00 4.251507555516e+01 4.800000000000e+00 6.486979434633e+00 4.628392872178e+02 -2.440614497986e+00 -3.070407081873e+00 1.189161572649e+02 -3.159379493935e+01 3.098557114659e+01 1.058868936554e+00 6.638307241094e+04
2.012549192016e+03 1.020000000000e+00 4.351507555516e+01 4.900000000000e+00 6.441905967498e+00 4.639877562953e+02 -2.770635205539e+00 -3.145102554128e+00 1.196976077048e+02 -3.126978287033e+01 3.055326097681e+01 1.361224155703e+00 6.728924432115e+04
2.012549306056e+03 1.020000000000e+00 4.351507555516e+01 4.900000000000e+00 6.336180977069e+00 4.651476171677e+02 -3.258333678757e+00 -3.158093607762e+00 1.193444500375e+02 -3.080660697319e+01 3.005020892669e+01 1.630014968931e+00 6.821093237787e+04
2.012549420096e+03 1.020000000000e+00 4.351507555516e+01 4.900000000000e+00 6.210945678593e+00 4.661770319225e+02 -3.620261592574e+00 -3.147572249399e+00 1.178471805356e+02 -3.033990076801e+01 2.952285097815e+01 1.830666945546e+00 6.871364557840e+04
2.012549534137e+03 1.020000000000e+00 4.351507555516e+01 4.900000000000e+00 6.069619940001e+00 4.671199248645e+02 -3.838886991602e+00 -3.108233982543e+00 1.154838696260e+02 -2.986107845896e+01 2.900057875768e+01 1.953627875859e+00 6.890420647439e+04
2.012549648177e+03 1.020000000000e+00 4.351507555516e+01 4.900000000000e+00 5.897002701299e+00 4.680170416923e+02 -3.930924731829e+00 -3.008579258552e+00 1.124557676764e+02 -2.936782963154e+01 2.848408414009e+01 2.023646735485e+00 6.906180597058e+04
2.012549762217e+03 1.020000000000e+00 4.351507555516e+01 4.900000000000e+00 5.716660080102e+00 4.688989421901e+02 -3.949669790189e+00 -2.875810280387e+00 1.091514929124e+02 -2.887429389321e+01 2.796796520955e+01 2.039383851659e+00 6.914710019153e+04
2.012549876257e+03 1.020000000000e+00 4.351507555516e+01 4.900000000000e+00 5.543157555543e+00 4.697699076011e+02 -3.939645969115e+00 -2.728979293665e+00 1.058005410821e+02 -2.840985585925e+01 2.745251678782e+01 2.023240055102e+00 6.912188824515e+04
2.012549990298e+03 1.020000000000e+00 4.351507555516e+01 4.900000000000e+00 5.384253083574e+00 4.706254877100e+02 -3.898359060166e+00 -2.584035820444e+00 1.024735479726e+02 -2.800640930901e+01 2.694063825321e+01 1.962240285960e+00 6.892397048825e+04
2.012550104338e+03 1.020000000000e+00 4.351507555516e+01 4.900000000000e+00 5.243059131872e+00 4.714641070638e+02 -3.814578175883e+00 -2.432587975999e+00 9.927706632964e+01 -2.768465889493e+01 2.643135985537e+01 1.825711169972e+00 6.857214246987e+04
2.012550218378e+03 1.020000000000e+00 4.351507555516e+01 4.900000000000e+00 5.119149418727e+00 4.722836136652e+02 -3.731516475977e+00 -2.270702061387e+00 9.623375699615e+01 -2.744923736249e+01 2.592366798221e+01 1.670077577698e+00 6.807900841647e+04
2.012550332418e+03 1.020000000000e+00 4.351507555516e+01 4.900000000000e+00 5.009416687007e+00 4.730773268612e+02 -3.653668880712e+00 -2.105320503181e+00 9.340181430280e+01 -2.729135354569e+01 2.541412690896e+01 1.515508257421e+00 6.752309616161e+04
2.012550446459e+03 1.020000000000e+00 4.351507555516e+01 4.900000000000e+00 4.909637363916e+00 4.738337921312e+02 -3.565080765793e+00 -1.944082805813e+00 9.083110787303e+01 -2.719297522624e+01 2.489582553503e+01 1.365222650385e+00 6.699920015127e+04
2.012550560499e+03 1.020000000000e+00 4.351507555516e+01 4.900000000000e+00 4.825088972212e+00 4.745403131867e+02 -3.446802161222e+00 -1.790721257078e+00 8.859039470342e+01 -2.713333933859e+01 2.435944523490e+01 1.220098385123e+00 6.649156151004e+04
2.012550674539e+03 1.020000000000e+00 4.351507555516e+01 4.900000000000e+00 4.760149813520e+00 4.752010863600e+02 -3.321061985713e+00 -1.647271355787e+00 8.654660907418e+01 -2.709406162949e+01 2.382610470859e+01 1.084007496470e+00 6.584385263393e+04
2.012550788579e+03 1.020000000000e+00 4.351507555516e+01 4.900000000000e+00 4.703760748675e+00 4.758232874512e+02 -3.198377399389e+00 -1.512777966369e+00 8.465277429829e+01 -2.706289046537e+01 2.330661845078e+01 9.601193923170e-01 6.517494771774e+04
2.012550902620e+03 1.020000000000e+00 4.351507555516e+01 4.900000000000e+00 4.648415767526e+00 4.764079781545e+02 -3.069659495256e+00 -1.386253597701e+00 8.293685366302e+01 -2.703304070265e+01 2.279670629641e+01 8.506844142717e-01 6.461394534710e+04
2.012551016660e+03 1.020000000000e+00 4.351507555516e+01 4.900000000000e+00 4.595822460521e+00 4.769535655521e+02 -2.927424723336e+00 -1.268142036350e+00 8.141761206804e+01 -2.700188853795e+01 2.229470095016e+01 7.585241080196e-01 6.415610156271e+04
2.012551130700e+03 1.020000000000e+00 4.351507555516e+01 4.900000000000e+00 4.548384542267e+00 4.774566817744e+02 -2.771608370539e+00 -1.158340616933e+00 8.008803136936e+01 -2.696989777530e+01 2.180524444525e+01 6.864731635787e-01 6.376649922163e+04
2.012551244740e+03 1.020000000000e+00 4.351507555516e+01 4.900000000000e+00 4.506654663564e+00 4.779097639464e+02 -2.609124879570e+00 -1.055426749457e+00 7.892922689092e+01 -2.693892161641e+01 2.133687190505e+01 6.365497719851e-01 6.342566435547e+04
2.012551358781e+03 1.020000000000e+00 4.351507555516e+01 4.900000000000e+00 4.470012152301e+00 4.783018912401e+02 -2.450790207335e+00 -9.565607281960e-01 7.791846009689e+01 -2.691104453364e+01 2.089753669554e+01 6.089633900263e-01 6.312665039498e+04
2.012551472821e+03 1.020000000000e+00 4.351507555516e+01 4.900000000000e+00 4.437234788372e+00 4.786239576958e+02 -2.308127017425e+00 -8.578972605414e-01 7.702255968254e+01 -2.688732283027e+01 2.049158148869e+01 5.994850249273e-01 6.286169249332e+04
2.012551586861e+03 1.020000000000e+00 4.351507555516e+01 4.900000000000e+00 4.408720321039e+00 4.788590365581e+02 -2.200929304868e+00 -7.561628421259e-01 7.624798370803e+01 -2.686825540328e+01 2.013064374094e+01 5.982452331399e-01 6.263163587658e+04
2.012551700901e+03 1.020000000000e+00 4.351507555516e+01 4.900000000000e+00 4.392328281135e+00 4.789723823382e+02 -2.161342671585e+00 -6.525608958884e-01 7.578899891936e+01 -2.685432031355e+01 1.985198902470e+01 6.074622438141e-01 6.248687725332e+04
2.012551814942e+03 1.020000000000e+00 4.351507555516e+01 4.900000000000e+00 4.380092809039e+00 4.790321231494e+02 -2.150802422068e+00 -5.511116612684e-01 7.543283101628e+01 -2.684483399594e+01 1.961156963117e+01 6.324371736130e-01 6.236705537826e+04
2.012551928982e+03 1.020000000000e+00 4.441507555516e+01 5.000000000000e+00 4.377564070105e+00 4.789885098377e+02 -2.076255449622e+00 -4.780433524710e-01 7.531132602321e+01 -2.696759119869e+01 1.945550789277e+01 6.255783995620e-01 6.230235021769e+04
2.012552043022e+03 1.020000000000e+00 4.441507555516e+01 5.000000000000e+00 4.365961012440e+00 4.789497879109e+02 -2.097644607508e+00 -3.893923243500e-01 7.498384042214e+01 -2.695426938032e+01 1.924731653888e+01 6.472940056480e-01 6.219626565872e+04
2.012552157062e+03 1.020000000000e+00 4.441507555516e+01 5.000000000000e+00 4.356411484760e+00 4.788390549204e+02 -2.160450478848e+00 -3.154316114689e-01 7.470416343595e+01 -2.694486466361e+01 1.909489021032e+01 6.526836265105e-01 6.210006160742e+04
2.012552271103e+03 1.020000000000e+00 4.441507555516e+01 5.000000000000e+00 4.349044773191e+00 4.786982815292e+02 -2.237970083867e+00 -2.607609658066e-01 7.447561338658e+01 -2.693610163153e+01 1.900206803498e+01 6.485477642525e-01 6.201494164455e+04
2.012552385143e+03 1.020000000000e+00 4.441507555516e+01 5.000000000000e+00 4.342447991281e+00 4.785281546094e+02 -2.316533690272e+00 -2.286044753345e-01 7.426033505558e+01 -2.692216833195e+01 1.892090083019e+01 6.362397192992e-01 6.192963991079e+04
2.012552499183e+03 1.020000000000e+00 4.441507555516e+01 5.000000000000e+00 4.335544180641e+00 4.783243622336e+02 -2.393167944903e+00 -2.128008801733e-01 7.403265301234e+01 -2.689870043168e+01 1.883963341164e+01 6.092487689108e-01 6.183808485553e+04
2.012552613223e+03 1.020000000000e+00 4.441507555516e+01 5.000000000000e+00 4.327793871748e+00 4.780855252768e+02 -2.471975414590e+00 -2.111681657776e-01 7.378239954390e+01 -2.686178564579e+01 1.875705632822e+01 5.618774178835e-01 6.173942446617e+04
2.012552727264e+03 1.020000000000e+00 4.441507555516e+01 5.000000000000e+00 4.318851627644e+00 4.778114415136e+02 -2.561062784217e+00 -2.221450842210e-01 7.350112955584e+01 -2.680880460372e+01 1.866984596237e+01 4.985059397316e-01 6.163143168722e+04
2.012552841304e+03 1.020000000000e+00 4.441507555516e+01 5.000000000000e+00 4.308285969970e+00 4.775040905646e+02 -2.668035733991e+00 -2.441039821838e-01 7.317672483647e+01 -2.673806221763e+01 1.857379668794e+01 4.262412399007e-01 6.150993891402e+04
2.012552955344e+03 1.020000000000e+00 4.441507555516e+01 5.000000000000e+00 4.295444695927e+00 4.771681826338e+02 -2.799891045328e+00 -2.705278778243e-01 7.279342906607e+01 -2.664816818073e+01 1.846675454153e+01 3.503639613946e-01 6.137074823923e+04
2.012553069384e+03 1.020000000000e+00 4.441507555516e+01 5.000000000000e+00 4.279532425885e+00 4.768098503077e+02 -2.961892277838e+00 -2.950868449440e-01 7.233224042271e+01 -2.653901881665e+01 1.834835890888e+01 2.738496326232e-01 6.120877395882e+04
2.012553183425e+03 1.020000000000e+00 4.441507555516e+01 5.000000000000e+00 4.259877185739e+00 4.764341034604e+02 -3.156527765452e+00 -3.147495680979e-01 7.177687390563e+01 -2.641250611343e+01 1.821969868166e+01 1.979234649014e-01 6.101917896422e+04
2.012553297465e+03 1.020000000000e+00 4.441507555516e+01 5.000000000000e+00 4.235995005633e+00 4.760429317150e+02 -3.383426025354e+00 -3.280061905955e-01 7.111521462551e+01 -2.627198842531e+01 1.808297883529e+01 1.232363383456e-01 6.079765119530e+04
2.012553411505e+03 1.020000000000e+00 4.441507555516e+01 5.000000000000e+00 4.207650628728e+00 4.756368131553e+02 -3.639385001359e+00 -3.330725219202e-01 7.034076702735e+01 -2.612089499429e+01 1.794150041372e+01 5.052758755638e-02 6.054073638341e+04
2.012553525545e+03 1.020000000000e+00 4.441507555516e+01 5.000000000000e+00 4.175258450828e+00 4.752179789453e+02 -3.917418723722e+00 -3.310611699988e-01 6.946179912643e+01 -2.596273177243e+01 1.780040165528e+01 -1.961082955712e-02 6.024810712053e+04
2.012553639586e+03 1.020000000000e+00 4.441507555516e+01 5.000000000000e+00 4.138838045037e+00 4.747784406122e+02 -4.212011595342e+00 -3.243723458802e-01 6.847611526870e+01 -2.580083086068e+01 1.765872529112e+01 -8.646988921509e-02 5.991581995390e+04
2.012553753626e+03 1.020000000000e+00 4.441507555516e+01 5.000000000000e+00 4.099473934827e+00 4.743173273337e+02 -4.513853344334e+00 -3.137403804709e-01 6.740806873237e+01 -2.563777750219e+01 1.751952713357e+01 -1.501090191166e-01 5.954760129868e+04
2.012553867666e+03 1.020000000000e+00 4.441507555516e+01 5.000000000000e+00 4.058026295059e+00 4.738286669335e+02 -4.815802808114e+00 -3.028613683824e-01 6.627644908714e+01 -2.547512058755e+01 1.738213250054e+01 -2.116362222557e-01 5.914586513416e+04
2.012553981706e+03 1.020000000000e+00 4.441507555516e+01 5.000000000000e+00 4.015268038444e+00 4.733051779864e+02 -5.112356625905e+00 -2.936039749730e-01 6.509841896967e+01 -2.531277660775e+01 1.724454807662e+01 -2.717389909883e-01 5.871313604327e+04
2.012554095747e+03 1.020000000000e+00 4.441507555516e+01 5.000000000000e+00 3.971773012221e+00 4.727386653177e+02 -5.400870212568e+00 -2.858867284299e-01 6.388724679397e+01 -2.514917214249e+01 1.710284942420e+01 -3.294206499692e-01 5.825168089721e+04
2.012554209787e+03 1.020000000000e+00 4.441507555516e+01 5.000000000000e+00 3.927987625714e+00 4.721232402117e+02 -5.682682620409e+00 -2.780958534735e-01 6.265446162655e+01 -2.498093856320e+01 1.695012889049e+01 -3.819792176736e-01 5.776436050833e+04
2.012554323827e+03 1.020000000000e+00 4.441507555516e+01 5.000000000000e+00 3.884350121222e+00 4.714610638121e+02 -5.965405842514e+00 -2.672937310311e-01 6.141365903469e+01 -2.480108294842e+01 1.677795921064e+01 -4.256272812184e-01 5.725640479866e+04
2.012554437867e+03 1.020000000000e+00 4.441507555516e+01 5.000000000000e+00 3.841308096623e+00 4.707648059965e+02 -6.264116784453e+00 -2.523334034880e-01 6.018200868755e+01 -2.459878893391e+01 1.658208923989e+01 -4.566649950860e-01 5.673673582242e+04
2.012554551908e+03 1.020000000000e+00 4.441507555516e+01 5.000000000000e+00 3.799706741956e+00 4.700520957027e+02 -6.594014557540e+00 -2.354256519292e-01 5.898914583367e+01 -2.436376640249e+01 1.636925874770e+01 -4.733772031867e-01 5.622092359307e+04
2.012554665948e+03 1.020000000000e+00 4.541507555516e+01 5.100000000000e+00 3.821891963554e+00 4.699972534724e+02 -6.515562954794e+00 -2.453668373540e-01 5.944655870919e+01 -2.443035770694e+01 1.653414371276e+01 -4.741243486974e-01 5.632460682189e+04
2.012554779988e+03 1.020000000000e+00 4.541507555516e+01 5.100000000000e+00 3.790158743205e+00 4.693376287303e+02 -6.820887336096e+00 -2.365044503982e-01 5.848960603821e+01 -2.417439744669e+01 1.637196763783e+01 -4.835164701660e-01 5.588189549776e+04
2.012554894028e+03 1.020000000000e+00 4.541507555516e+01 5.100000000000e+00 3.765971650000e+00 4.687318320144e+02 -7.063994286574e+00 -2.421692578139e-01 5.772663368535e+01 -2.392201827289e+01 1.625840693085e+01 -4.968920948462e-01 5.550747402705e+04
2.012555008069e+03 1.020000000000e+00 4.541507555516e+01 5.100000000000e+00 3.749879108917e+00 4.682405193846e+02 -7.166712028611e+00 -2.849109898085e-01 5.716898139942e+01 -2.370477834858e+01 1.619388995419e+01 -5.106624553286e-01 5.520750443869e+04
2.012555122109e+03 1.020000000000e+00 4.541507555516e+01 5.100000000000e+00 3.751855859872e+00 4.679881163145e+02 -7.130170064545e+00 -3.656231967913e-01 5.703157074205e+01 -2.354791818243e+01 1.625376796967e+01 -5.269768555950e-01 5.504620410306e+04
2.012555236149e+03 1.020000000000e+00 4.541507555516e+01 5.100000000000e+00 3.782606714397e+00 4.680162304224e+02 -6.969098544563e+00 -4.720751848319e-01 5.753966509432e+01 -2.346570508167e+01 1.653028173447e+01 -5.484129741770e-01 5.508514768986e+04
2.012555350189e+03 1.020000000000e+00 4.541507555516e+01 5.100000000000e+00 3.827783654389e+00 4.681402597530e+02 -6.644801819756e+00 -5.875416851232e-01 5.836199484122e+01 -2.346235411761e+01 1.694128338193e+01 -5.676120972081e-01 5.521300613696e+04
2.012555464230e+03 1.020000000000e+00 4.541507555516e+01 5.100000000000e+00 3.878042145159e+00 4.682759862469e+02 -6.246374737667e+00 -6.976393015270e-01 5.929850464396e+01 -2.353267181458e+01 1.740603331323e+01 -5.776510976843e-01 5.537219868504e+04
2.012555578270e+03 1.020000000000e+00 4.541507555516e+01 5.100000000000e+00 3.925618039353e+00 4.683965068933e+02 -5.831353881264e+00 -7.890610139034e-01 6.017006044947e+01 -2.365854532946e+01 1.788301041075e+01 -5.783989271004e-01 5.550549823876e+04
2.012555692310e+03 1.020000000000e+00 4.541507555516e+01 5.100000000000e+00 3.965598215252e+00 4.684753057795e+02 -5.438891973590e+00 -8.501258556138e-01 6.085515555276e+01 -2.381195240958e+01 1.832717199089e+01 -5.730643674602e-01 5.557188024846e+04
2.012555806350e+03 1.020000000000e+00 4.541507555516e+01 5.100000000000e+00 3.996225963375e+00 4.684071965594e+02 -5.091093664279e+00 -8.842592029225e-01 6.131246923841e+01 -2.396327033637e+01 1.870907978948e+01 -5.582422297852e-01 5.556046030203e+04
2.012555920391e+03 1.020000000000e+00 4.541507555516e+01 5.100000000000e+00 4.020144562769e+00 4.681724537279e+02 -4.796506199519e+00 -9.063405060201e-01 6.160571384322e+01 -2.409396484014e+01 1.902708178821e+01 -5.381317289502e-01 5.549394793922e+04
2.012556034431e+03 1.020000000000e+00 4.541507555516e+01 5.100000000000e+00 4.040515771885e+00 4.678401598741e+02 -4.554569407175e+00 -9.167777936588e-01 6.180648119110e+01 -2.419623121568e+01 1.928677945201e+01 -5.132972299701e-01 5.539396967506e+04
2.012556148471e+03 1.020000000000e+00 4.541507555516e+01 5.100000000000e+00 4.058881667938e+00 4.674321602546e+02 -4.359440239598e+00 -9.206190476387e-01 6.195370467130e+01 -2.426941675584e+01 1.948913976691e+01 -4.847643018317e-01 5.527456082219e+04
2.012556262511e+03 1.020000000000e+00 4.541507555516e+01 5.100000000000e+00 4.076125725437e+00 4.669569977574e+02 -4.200999725635e+00 -9.251214930398e-01 6.207436227107e+01 -2.431776108849e+01 1.963595784288e+01 -4.551783214938e-01 5.514786320137e+04
2.012556376552e+03 1.020000000000e+00 4.541507555516e+01 5.100000000000e+00 4.092848343219e+00 4.664212469385e+02 -4.062037392591e+00 -9.345649497661e-01 6.218334868277e+01 -2.434728504658e+01 1.973589323566e+01 -4.247726503870e-01 5.501893210731e+04
2.012556490592e+03 1.020000000000e+00 4.541507555516e+01 5.100000000000e+00 4.109956873828e+00 4.658379832938e+02 -3.926278142463e+00 -9.514739606935e-01 6.230080206100e+01 -2.436313160345e+01 1.980121598031e+01 -3.938044368840e-01 5.489328823213e+04
2.012556604632e+03 1.020000000000e+00 4.541507555516e+01 5.100000000000e+00 4.129137459433e+00 4.652319163082e+02 -3.784537529441e+00 -9.773632769687e-01 6.246578831110e+01 -2.436836507546e+01 1.984544724772e+01 -3.631975030085e-01 5.478273593096e+04
2.012556718672e+03 1.020000000000e+00 4.541507555516e+01 5.100000000000e+00 4.152320858385e+00 4.646336017398e+02 -3.630945274001e+00 -1.014868594886e+00 6.272368822081e+01 -2.436456162194e+01 1.988431065294e+01 -3.357008281466e-01 5.470136660125e+04
2.012556832713e+03 1.020000000000e+00 4.541507555516e+01 5.100000000000e+00 4.180679913580e+00 4.640659388549e+02 -3.463828816815e+00 -1.067176328854e+00 6.310362631676e+01 -2.435298736158e+01 1.992765878113e+01 -3.127395331253e-01 5.465905321183e+04
2.012556946753e+03 1.020000000000e+00 4.541507555516e+01 5.100000000000e+00 4.211895898307e+00 4.635208038334e+02 -3.270905182876e+00 -1.127901704374e+00 6.355484746229e+01 -2.433702059858e+01 1.998673140752e+01 -2.864003357459e-01 5.464178155652e+04
2.012557060793e+03 1.020000000000e+00 4.541507555516e+01 5.100000000000e+00 4.242150967688e+00 4.629649039255e+02 -3.063445585328e+00 -1.187560645661e+00 6.398701337241e+01 -2.432300410278e+01 2.005275828737e+01 -2.501218909022e-01 5.462118880996e+04
2.012557174833e+03 1.020000000000e+00 4.541507555516e+01 5.100000000000e+00 4.268734811981e+00 4.623599179336e+02 -2.890037704445e+00 -1.238108284273e+00 6.432993286046e+01 -2.431664302785e+01 2.008956342058e+01 -2.028913484797e-01 5.457223321779e+04
2.012557288874e+03 1.020000000000e+00 4.541507555516e+01 5.100000000000e+00 4.291134106165e+00 4.616827791725e+02 -2.799566611356e+00 -1.271272356694e+00 6.455990346425e+01 -2.432003336764e+01 2.004482501938e+01 -1.446200174798e-01 5.448163989700e+04
2.012557402914e+03 1.020000000000e+00 4.631507555516e+01 5.200000000000e+00 4.316234571031e+00 4.619356541910e+02 -2.807249418949e+00 -1.257325796793e+00 6.530893632753e+01 -2.451671627281e+01 1.974122437272e+01 -7.244670225581e-02 5.479568733693e+04
2.012557516954e+03 1.020000000000e+00 4.631507555516e+01 5.200000000000e+00 4.324363541163e+00 4.610984649822e+02 -2.822366159274e+00 -1.253740783963e+00 6.514225472602e+01 -2.454941479223e+01 1.947812585968e+01 1.621469701087e-02 5.455362805885e+04
2.012557630994e+03 1.020000000000e+00 4.631507555516e+01 5.200000000000e+00 4.311936144937e+00 4.600422926989e+02 -2.896097181753e+00 -1.232133189792e+00 6.448931354985e+01 -2.460332936062e+01 1.911234502622e+01 1.171367102906e-01 5.416320797069e+04
2.012557745035e+03 1.020000000000e+00 4.631507555516e+01 5.200000000000e+00 4.283599332014e+00 4.588261012215e+02 -2.987007191447e+00 -1.197731106070e+00 6.348795295053e+01 -2.467296251193e+01 1.863084911607e+01 2.149601982919e-01 5.367567766450e+04
2.012557859075e+03 1.020000000000e+00 4.631507555516e+01 5.200000000000e+00 4.242093679370e+00 4.575045086095e+02 -3.041291344877e+00 -1.163726245336e+00 6.223295140085e+01 -2.475008570678e+01 1.810209631523e+01 2.985374575317e-01 5.313021274738e+04
2.012557973115e+03 1.020000000000e+00 4.631507555516e+01 5.200000000000e+00 4.186994864874e+00 4.561050824418e+02 -3.055947440855e+00 -1.137676855740e+00 6.075281528600e+01 -2.483189563300e+01 1.759546918179e+01 3.602592943127e-01 5.254975896452e+04
2.012558087155e+03 1.020000000000e+00 4.631507555516e+01 5.200000000000e+00 4.117691860537e+00 4.546319798202e+02 -3.041499572860e+00 -1.123199009842e+00 5.906020407761e+01 -2.492382208205e+01 1.718900495845e+01 3.953847090285e-01 5.194597047710e+04
2.012558201196e+03 1.020000000000e+00 4.631507555516e+01 5.200000000000e+00 4.038597786143e+00 4.530977160656e+02 -2.958344532774e+00 -1.117842031707e+00 5.725783091925e+01 -2.503308701834e+01 1.689317963542e+01 4.090096463084e-01 5.134727842718e+04
2.012558315236e+03 1.020000000000e+00 4.631507555516e+01 5.200000000000e+00 3.952381169819e+00 4.515051355659e+02 -2.731986599322e+00 -1.128105720060e+00 5.539110239897e+01 -2.516232740396e+01 1.666148658744e+01 4.064317617365e-01 5.075686231187e+04
2.012558429276e+03 1.020000000000e+00 4.631507555516e+01 5.200000000000e+00 3.860907431792e+00 4.498608364864e+02 -2.368245799025e+00 -1.165088145269e+00 5.347362601441e+01 -2.531375033663e+01 1.647826143052e+01 3.915705429197e-01 5.016072683263e+04
2.012558543316e+03 1.020000000000e+00 4.631507555516e+01 5.200000000000e+00 3.766482411345e+00 4.481689889690e+02 -1.893190064566e+00 -1.235467829504e+00 5.152870821405e+01 -2.549336980337e+01 1.643264158337e+01 3.588661397515e-01 4.954806150872e+04
2.012558657356e+03 1.020000000000e+00 4.631507555516e+01 5.200000000000e+00 3.671815271226e+00 4.464212907303e+02 -1.338687289100e+00 -1.332916035775e+00 4.960618547997e+01 -2.570920556486e+01 1.652506154217e+01 2.989344191107e-01 4.892923067219e+04
