VARIABLES="time" "Distance" "lon" "lat" "density" "Vx" "Vy" "Vz" "p" "Bx" "By" "Bz" "T"
ZONE
DT=(DOUBLE DOUBLE DOUBLE DOUBLE DOUBLE DOUBLE DOUBLE DOUBLE DOUBLE DOUBLE DOUBLE DOUBLE DOUBLE )
2.012529234973e+03 1.020000000000e+00 3.591507555516e+01 4.200000000000e+00 3.652711505346e+00 4.177684221488e+02 7.070546155698e+00 -2.495022167756e+00 5.448854049228e+01 2.589592908127e+01 -8.701723017045e+00 -1.704747534736e+00 5.393331811807e+04
2.012529349013e+03 1.020000000000e+00 3.591507555516e+01 4.200000000000e+00 3.903202833374e+00 4.158196115199e+02 7.340565587187e+00 -1.329583821007e+00 5.995003876155e+01 2.288904737657e+01 -8.715980294206e+00 -5.343045652393e-01 5.552091706599e+04
2.012529463053e+03 1.020000000000e+00 3.591507555516e+01 4.200000000000e+00 4.208302510863e+00 4.143577701154e+02 7.379797602364e+00 -4.683467205378e-01 6.683595230242e+01 1.979479978681e+01 -8.630231237902e+00 4.775235883051e-01 5.741999675801e+04
2.012529577093e+03 1.020000000000e+00 3.591507555516e+01 4.200000000000e+00 4.521065477482e+00 4.130516063724e+02 7.252663438103e+00 3.731898310540e-02 7.409478726903e+01 1.679155663372e+01 -8.473536063887e+00 1.174904151339e+00 5.927367953126e+04
2.012529691134e+03 1.020000000000e+00 3.591507555516e+01 4.200000000000e+00 4.810908225710e+00 4.117652850988e+02 6.690424865382e+00 2.137844398204e-01 8.097763615995e+01 1.409177881491e+01 -8.299599059344e+00 1.511862639614e+00 6.089916541256e+04
2.012529805174e+03 1.020000000000e+00 3.591507555516e+01 4.200000000000e+00 5.066306087800e+00 4.104882391854e+02 5.506774891593e+00 1.302762661275e-01 8.715613141517e+01 1.184854255748e+01 -8.124906680124e+00 1.636758503909e+00 6.226142857227e+04
2.012529919214e+03 1.020000000000e+00 3.591507555516e+01 4.200000000000e+00 5.278334277020e+00 4.092336498352e+02 3.901115525302e+00 -3.146558901176e-01 9.236497109126e+01 1.010127823092e+01 -7.946145870004e+00 1.617046144366e+00 6.334727199226e+04
2.012530033254e+03 1.020000000000e+00 3.591507555516e+01 4.200000000000e+00 5.438415091503e+00 4.079879198204e+02 2.231460108716e+00 -9.870429345145e-01 9.657256115128e+01 8.782367248054e+00 -7.678240813423e+00 1.440013352031e+00 6.429240254745e+04
2.012530147295e+03 1.020000000000e+00 3.681507555516e+01 4.300000000000e+00 5.551844427043e+00 4.098110267439e+02 1.035310309332e+00 -2.269222294287e+00 9.760426406824e+01 1.103231125370e+01 -9.544930443406e+00 8.568938227319e-01 6.365780544409e+04
2.012530261335e+03 1.020000000000e+00 3.681507555516e+01 4.300000000000e+00 5.480315114719e+00 4.086357437318e+02 -4.146415041157e-01 -2.716695873943e+00 1.008032480619e+02 1.001309761383e+01 -8.556646803557e+00 9.343077759416e-02 6.660542502734e+04
2.012530375375e+03 1.020000000000e+00 3.681507555516e+01 4.300000000000e+00 5.363698712392e+00 4.075158606601e+02 -1.533306927923e+00 -3.111510249663e+00 1.027415884957e+02 9.054747465236e+00 -7.480332831797e+00 -5.450961592019e-01 6.936544779972e+04
2.012530489415e+03 1.020000000000e+00 3.681507555516e+01 4.300000000000e+00 5.231056537670e+00 4.062044276155e+02 -2.185394070448e+00 -3.362626547132e+00 1.028870092392e+02 8.036715483932e+00 -6.245957809710e+00 -9.397132639965e-01 7.122917171751e+04
2.012530603456e+03 1.020000000000e+00 3.681507555516e+01 4.300000000000e+00 5.082420832041e+00 4.043295967203e+02 -2.446773516704e+00 -3.452495136468e+00 1.007675057323e+02 6.846181740267e+00 -4.634230882542e+00 -1.087031378070e+00 7.180342192170e+04
2.012530717496e+03 1.020000000000e+00 3.681507555516e+01 4.300000000000e+00 4.939247001056e+00 4.020623564029e+02 -2.434429155272e+00 -3.409477804910e+00 9.782372340856e+01 5.394752258188e+00 -2.827414391575e+00 -1.103213369805e+00 7.172632430202e+04
2.012530831536e+03 1.020000000000e+00 3.681507555516e+01 4.300000000000e+00 4.814625999147e+00 3.994822715487e+02 -1.883648361950e+00 -3.057081902323e+00 9.485317488146e+01 3.622082590642e+00 -9.447161920832e-01 -9.700881785947e-01 7.134907619018e+04
2.012530945576e+03 1.020000000000e+00 3.681507555516e+01 4.300000000000e+00 4.705092723779e+00 3.965639110606e+02 -6.859141544469e-01 -2.126468138501e+00 9.207156497696e+01 1.498253453362e+00 1.040293108416e+00 -5.410757638171e-01 7.087141142185e+04
2.012531059617e+03 1.020000000000e+00 3.681507555516e+01 4.300000000000e+00 4.609692804908e+00 3.933197519942e+02 1.128613974079e+00 -8.917888371789e-01 8.933273965839e+01 -9.855418457650e-01 3.212943449818e+00 1.448772708219e-01 7.018756051560e+04
2.012531173657e+03 1.020000000000e+00 3.681507555516e+01 4.300000000000e+00 4.527716941892e+00 3.898409779434e+02 3.225825056518e+00 2.992154270562e-01 8.603117437313e+01 -3.815543421701e+00 5.577059283836e+00 8.214044579918e-01 6.882006287433e+04
2.012531287697e+03 1.020000000000e+00 3.681507555516e+01 4.300000000000e+00 4.475656873307e+00 3.862759194279e+02 5.464116923667e+00 1.268396840925e+00 8.228004584565e+01 -6.956091043268e+00 8.104027777443e+00 1.316743723617e+00 6.658260314638e+04
2.012531401737e+03 1.020000000000e+00 3.681507555516e+01 4.300000000000e+00 4.468252580304e+00 3.827392164662e+02 7.747283522377e+00 1.984929991935e+00 7.827516202662e+01 -1.032932902012e+01 1.074346158677e+01 1.624076502170e+00 6.343353455353e+04
2.012531515778e+03 1.020000000000e+00 3.681507555516e+01 4.300000000000e+00 4.476779220841e+00 3.792832619838e+02 9.993784202191e+00 2.481497751808e+00 7.381689342870e+01 -1.382130360354e+01 1.341283889296e+01 1.801306285428e+00 5.969044838787e+04
2.012531629818e+03 1.020000000000e+00 3.681507555516e+01 4.300000000000e+00 4.486806911298e+00 3.759750008771e+02 1.211212274447e+01 2.731744026442e+00 6.852158273163e+01 -1.729781835955e+01 1.605170507250e+01 1.864154580613e+00 5.526988737169e+04
2.012531743858e+03 1.020000000000e+00 3.681507555516e+01 4.300000000000e+00 4.494505364074e+00 3.729269593400e+02 1.400581479476e+01 2.789406957588e+00 6.278061309355e+01 -2.063229765245e+01 1.860940069256e+01 1.814024014872e+00 5.054326289486e+04
2.012531857898e+03 1.020000000000e+00 3.681507555516e+01 4.300000000000e+00 4.504511847086e+00 3.702176134248e+02 1.559529517384e+01 2.705992847927e+00 5.706323472899e+01 -2.372667407667e+01 2.097872817216e+01 1.604097334632e+00 4.583882010357e+04
2.012531971939e+03 1.020000000000e+00 3.681507555516e+01 4.300000000000e+00 4.524392931453e+00 3.678712696154e+02 1.682551400713e+01 2.487581224663e+00 5.179938686391e+01 -2.651097638059e+01 2.308177839019e+01 1.211588991842e+00 4.144193964051e+04
2.012532085979e+03 1.020000000000e+00 3.681507555516e+01 4.300000000000e+00 4.560386501978e+00 3.658760023997e+02 1.767192855622e+01 2.158869932053e+00 4.732954055861e+01 -2.895061529112e+01 2.489774697253e+01 6.538143053951e-01 3.758993980867e+04
2.012532200019e+03 1.020000000000e+00 3.681507555516e+01 4.300000000000e+00 4.618657107697e+00 3.642403883746e+02 1.818295397852e+01 1.864106068571e+00 4.388296019537e+01 -3.105285862506e+01 2.645913951496e+01 9.698587071839e-02 3.443159290686e+04
2.012532314059e+03 1.020000000000e+00 3.681507555516e+01 4.300000000000e+00 4.703898121533e+00 3.629515824175e+02 1.841161744729e+01 1.694979042262e+00 4.140360460448e+01 -3.283575820639e+01 2.777201555915e+01 -3.453015729356e-01 3.190817537348e+04
2.012532428100e+03 1.020000000000e+00 3.681507555516e+01 4.300000000000e+00 4.807200979168e+00 3.620716636504e+02 1.839371671767e+01 1.631291666572e+00 3.975915749455e+01 -3.433531298878e+01 2.886579193544e+01 -6.113616157932e-01 2.998531538843e+04
2.012532542140e+03 1.020000000000e+00 3.681507555516e+01 4.300000000000e+00 4.910669678895e+00 3.616399817782e+02 1.814811524217e+01 1.651665427448e+00 3.862251312530e+01 -3.558923900930e+01 2.983914167232e+01 -7.260361078166e-01 2.850241387125e+04
2.012532656180e+03 1.020000000000e+00 3.681507555516e+01 4.300000000000e+00 5.036598918385e+00 3.617452358317e+02 1.753258374770e+01 1.820799767689e+00 3.818327324389e+01 -3.662211505967e+01 3.066551044165e+01 -7.289649462350e-01 2.746967092681e+04
2.012532770220e+03 1.020000000000e+00 3.681507555516e+01 4.300000000000e+00 5.163021914870e+00 3.624776734152e+02 1.647024441799e+01 2.195823687587e+00 3.845651900774e+01 -3.743129569920e+01 3.140932159125e+01 -5.795363686765e-01 2.699007349069e+04
2.012532884261e+03 1.020000000000e+00 3.781507555516e+01 4.400000000000e+00 5.172339108698e+00 3.591512748832e+02 1.787855962699e+01 2.182765300712e+00 3.945304377993e+01 -3.629644912622e+01 3.061221774143e+01 -6.791301193301e-01 2.764483958342e+04
2.012532998301e+03 1.020000000000e+00 3.781507555516e+01 4.400000000000e+00 5.361986165387e+00 3.600837324907e+02 1.663449065745e+01 2.601428087622e+00 4.011228791585e+01 -3.714003887972e+01 3.136108046681e+01 -4.005871300466e-01 2.709623728315e+04
2.012533112341e+03 1.020000000000e+00 3.781507555516e+01 4.400000000000e+00 5.564517299887e+00 3.616889967583e+02 1.497925400856e+01 3.160077373174e+00 4.155292499489e+01 -3.777368883493e+01 3.201547945869e+01 1.694357378512e-02 2.702622158819e+04
2.012533226381e+03 1.020000000000e+00 3.781507555516e+01 4.400000000000e+00 5.778236969884e+00 3.636266007580e+02 1.303128391045e+01 3.844055293497e+00 4.345715242534e+01 -3.820740608712e+01 3.255919835354e+01 6.060096363763e-01 2.717952174161e+04
2.012533340422e+03 1.020000000000e+00 3.781507555516e+01 4.400000000000e+00 6.062678005424e+00 3.661329439553e+02 1.068660088176e+01 4.567156168891e+00 4.637255188979e+01 -3.846080271188e+01 3.285201699851e+01 1.296754893429e+00 2.762368998509e+04
2.012533454462e+03 1.020000000000e+00 3.781507555516e+01 4.400000000000e+00 6.360494194843e+00 3.689616329791e+02 8.186076365760e+00 5.261567907422e+00 4.978228596064e+01 -3.857173041605e+01 3.293204356708e+01 2.015499691364e+00 2.827259114230e+04
2.012533568502e+03 1.020000000000e+00 3.781507555516e+01 4.400000000000e+00 6.600503563887e+00 3.718115873391e+02 5.713664907481e+00 5.892864666120e+00 5.313307387412e+01 -3.858397124367e+01 3.284516151856e+01 2.688496890015e+00 2.910084948063e+04
2.012533682542e+03 1.020000000000e+00 3.781507555516e+01 4.400000000000e+00 6.741871756786e+00 3.745001543359e+02 3.372512624771e+00 6.425224561834e+00 5.614073768664e+01 -3.854287787358e+01 3.261530585079e+01 3.248320518683e+00 3.014122330490e+04
2.012533796583e+03 1.020000000000e+00 3.781507555516e+01 4.400000000000e+00 6.816924100905e+00 3.768810016170e+02 1.236626426305e+00 6.842921751861e+00 5.862259189606e+01 -3.849649535658e+01 3.222433307386e+01 3.658931635792e+00 3.117621739940e+04
2.012533910623e+03 1.020000000000e+00 3.781507555516e+01 4.400000000000e+00 6.794976720733e+00 3.788606122765e+02 -6.138303498152e-01 7.153782468325e+00 6.039285184687e+01 -3.847692224327e+01 3.169150147737e+01 3.922135244922e+00 3.224569506893e+04
2.012534024663e+03 1.020000000000e+00 3.781507555516e+01 4.400000000000e+00 6.686641755016e+00 3.804121030731e+02 -2.146164105477e+00 7.372489361738e+00 6.130624132722e+01 -3.850313226681e+01 3.110592144723e+01 4.061084524533e+00 3.325739725501e+04
2.012534138703e+03 1.020000000000e+00 3.781507555516e+01 4.400000000000e+00 6.525542569760e+00 3.815229620226e+02 -3.342171994270e+00 7.496718198486e+00 6.141494128033e+01 -3.857953914741e+01 3.050333118989e+01 4.046621571267e+00 3.412553661892e+04
2.012534252744e+03 1.020000000000e+00 3.781507555516e+01 4.400000000000e+00 6.348992703853e+00 3.821926550182e+02 -4.232442403030e+00 7.495610615278e+00 6.083298420218e+01 -3.869770951449e+01 2.987670826422e+01 3.858994387677e+00 3.472817067181e+04
2.012534366784e+03 1.020000000000e+00 3.781507555516e+01 4.400000000000e+00 6.150194154345e+00 3.824436004095e+02 -4.848173013939e+00 7.363623382702e+00 5.960782185798e+01 -3.884345159189e+01 2.933067007693e+01 3.532115239206e+00 3.509835105881e+04
2.012534480824e+03 1.020000000000e+00 3.781507555516e+01 4.400000000000e+00 5.938928451766e+00 3.822604870060e+02 -5.240915836954e+00 7.135940173112e+00 5.773267101993e+01 -3.900802986507e+01 2.890544343741e+01 3.072970911498e+00 3.516622575640e+04
2.012534594864e+03 1.020000000000e+00 3.781507555516e+01 4.400000000000e+00 5.719942518172e+00 3.816306748762e+02 -5.433436026547e+00 6.799074490307e+00 5.528254799097e+01 -3.918084477440e+01 2.857698413293e+01 2.471181346353e+00 3.492635302919e+04
2.012534708905e+03 1.020000000000e+00 3.781507555516e+01 4.400000000000e+00 5.516064641375e+00 3.807180487187e+02 -5.379504923060e+00 6.337515681901e+00 5.260174305281e+01 -3.936318482052e+01 2.834359767844e+01 1.778022103971e+00 3.442467350328e+04
2.012534822945e+03 1.020000000000e+00 3.781507555516e+01 4.400000000000e+00 5.324945810494e+00 3.794253774745e+02 -5.054269664068e+00 5.781933713714e+00 4.954777552774e+01 -3.955418059700e+01 2.824457923125e+01 1.045656250650e+00 3.356105449248e+04
2.012534936985e+03 1.020000000000e+00 3.781507555516e+01 4.400000000000e+00 5.123561879236e+00 3.777129843782e+02 -4.538662688398e+00 5.128953982145e+00 4.614663670072e+01 -3.974665302052e+01 2.829066174752e+01 3.146845925391e-01 3.246589871966e+04
2.012535051025e+03 1.020000000000e+00 3.781507555516e+01 4.400000000000e+00 4.935816681091e+00 3.757203539083e+02 -3.815090777248e+00 4.346997922793e+00 4.276317302011e+01 -3.992087633592e+01 2.853395793400e+01 -3.807296522166e-01 3.121446402582e+04
2.012535165066e+03 1.020000000000e+00 3.781507555516e+01 4.400000000000e+00 4.775034461801e+00 3.734873362135e+02 -2.811909130036e+00 3.454526312223e+00 3.948145532737e+01 -4.008688710822e+01 2.892649516286e+01 -1.054544559684e+00 2.978276102652e+04
2.012535279106e+03 1.020000000000e+00 3.781507555516e+01 4.400000000000e+00 4.633263140721e+00 3.710527366308e+02 -1.599285944245e+00 2.471492034485e+00 3.633398279079e+01 -4.026254907693e+01 2.939624737751e+01 -1.720713877417e+00 2.825372140959e+04
2.012535393146e+03 1.020000000000e+00 3.781507555516e+01 4.400000000000e+00 4.512494589662e+00 3.684721687581e+02 -1.959766463554e-01 1.372128004342e+00 3.340673727452e+01 -4.046293502390e+01 2.992248386343e+01 -2.360860077664e+00 2.668814443995e+04
2.012535507186e+03 1.020000000000e+00 3.781507555516e+01 4.400000000000e+00 4.420460560441e+00 3.658589995399e+02 1.455672437029e+00 1.316558730370e-01 3.078512438882e+01 -4.070490447915e+01 3.056104517905e+01 -2.975813564473e+00 2.513009720116e+04
2.012535621227e+03 1.020000000000e+00 3.871507555516e+01 4.400000000000e+00 4.489466864737e+00 3.665614372750e+02 4.737533239564e-01 9.126215750467e-01 3.199763912228e+01 -3.971461256108e+01 3.123298990883e+01 -2.984213006767e+00 2.578364821432e+04
2.012535735267e+03 1.020000000000e+00 3.871507555516e+01 4.400000000000e+00 4.406247647929e+00 3.638351725996e+02 2.476750789051e+00 -5.288441275881e-01 2.935856322352e+01 -3.999647758069e+01 3.191338713460e+01 -3.659302352115e+00 2.410948238134e+04
2.012535849307e+03 1.020000000000e+00 3.871507555516e+01 4.400000000000e+00 4.341350599097e+00 3.612115565105e+02 4.946303472044e+00 -2.130780629656e+00 2.712302672563e+01 -4.045909064555e+01 3.288012693952e+01 -4.310050561011e+00 2.261485618149e+04
2.012535963347e+03 1.020000000000e+00 3.871507555516e+01 4.400000000000e+00 4.304842950540e+00 3.588053492056e+02 8.048587757020e+00 -3.846444200834e+00 2.537905270983e+01 -4.116187084333e+01 3.432361085002e+01 -4.875603961285e+00 2.134868689758e+04
2.012536077388e+03 1.020000000000e+00 3.871507555516e+01 4.400000000000e+00 4.311364486811e+00 3.566099308008e+02 1.178348287516e+01 -5.547312855847e+00 2.409865981292e+01 -4.213076302226e+01 3.624276792087e+01 -5.253688027127e+00 2.024756010443e+04
2.012536191428e+03 1.020000000000e+00 3.871507555516e+01 4.400000000000e+00 4.364708736690e+00 3.547919876060e+02 1.611047817733e+01 -7.055811875303e+00 2.321476244611e+01 -4.334228439827e+01 3.870729976130e+01 -5.398805901026e+00 1.927202649430e+04
2.012536305468e+03 1.020000000000e+00 3.871507555516e+01 4.400000000000e+00 4.467083816688e+00 3.536053595208e+02 2.070057146953e+01 -8.206038356778e+00 2.258655679339e+01 -4.471147541307e+01 4.166506382563e+01 -5.422794887568e+00 1.832485626669e+04
2.012536419508e+03 1.020000000000e+00 3.871507555516e+01 4.400000000000e+00 4.604499194062e+00 3.532562248658e+02 2.486880969764e+01 -8.795979268180e+00 2.206742573591e+01 -4.607323803364e+01 4.501154399223e+01 -5.348133356385e+00 1.736845837724e+04
2.012536533549e+03 1.020000000000e+00 3.871507555516e+01 4.400000000000e+00 4.755041822361e+00 3.536098193908e+02 2.775581999147e+01 -8.857020774658e+00 2.168097383308e+01 -4.724992886758e+01 4.867408073438e+01 -4.875086590038e+00 1.652048727209e+04
2.012536647589e+03 1.020000000000e+00 3.871507555516e+01 4.400000000000e+00 4.989491265751e+00 3.544714454068e+02 2.894754719850e+01 -8.527005041485e+00 2.215514370873e+01 -4.811839092708e+01 5.233760236502e+01 -3.332326066926e+00 1.606695321419e+04
2.012536761629e+03 1.020000000000e+00 3.871507555516e+01 4.400000000000e+00 5.684589275095e+00 3.569152127378e+02 2.888647244003e+01 -7.748013049994e+00 2.776112195882e+01 -4.844461639314e+01 5.520971490124e+01 -9.399828064890e-01 1.722226383645e+04
2.012536875669e+03 1.020000000000e+00 3.871507555516e+01 4.400000000000e+00 8.422053895822e+00 3.625064048295e+02 2.704571365357e+01 -6.820375740447e+00 5.327246437086e+01 -4.793331980762e+01 5.582089551069e+01 1.707702679846e+00 2.213501438301e+04
2.012536989709e+03 1.020000000000e+00 3.871507555516e+01 4.400000000000e+00 1.281799867266e+01 3.680972016855e+02 2.338184654523e+01 -5.944903790394e+00 1.037538022327e+02 -4.667235343630e+01 5.481010399887e+01 3.882807660600e+00 2.880027321942e+04
2.012537103750e+03 1.020000000000e+00 3.871507555516e+01 4.400000000000e+00 1.679841609443e+01 3.725324789939e+02 1.860972170746e+01 -5.120783115791e+00 1.638185283515e+02 -4.446109603864e+01 5.218225264719e+01 5.125017036351e+00 3.507652413400e+04
2.012537217790e+03 1.020000000000e+00 3.871507555516e+01 4.400000000000e+00 1.848927467788e+01 3.765739158468e+02 1.319772740801e+01 -4.177838508484e+00 2.164511115051e+02 -4.239718146407e+01 4.980634504792e+01 5.414478814402e+00 4.234038877606e+04
2.012537331830e+03 1.020000000000e+00 3.871507555516e+01 4.400000000000e+00 1.870627883766e+01 3.807555305367e+02 7.076039561371e+00 -3.327548782893e+00 2.468163947373e+02 -4.107346754915e+01 4.886135974320e+01 5.165068899788e+00 4.778281832807e+04
2.012537445870e+03 1.020000000000e+00 3.871507555516e+01 4.400000000000e+00 1.827603127716e+01 3.849099006887e+02 9.774329866447e-01 -2.657049330818e+00 2.556102684762e+02 -4.035017809900e+01 4.903291509503e+01 3.814851544297e+00 5.068111292062e+04
2.012537559911e+03 1.020000000000e+00 3.871507555516e+01 4.400000000000e+00 1.709480535817e+01 3.890294819508e+02 -4.573187246109e+00 -1.960279108377e+00 2.513531229161e+02 -4.025743911162e+01 5.164069479987e+01 1.760401822865e+00 5.341197737232e+04
2.012537673951e+03 1.020000000000e+00 3.871507555516e+01 4.400000000000e+00 1.480367976699e+01 3.926073698314e+02 -9.533659320780e+00 -1.390860347606e+00 2.406493463407e+02 -4.111039798575e+01 5.580004716492e+01 -1.651392137321e-01 5.907521781597e+04
2.012537787991e+03 1.020000000000e+00 3.871507555516e+01 4.400000000000e+00 1.246871393801e+01 3.952984923039e+02 -1.363649044775e+01 -1.078634948509e+00 2.197923078326e+02 -4.220516732639e+01 5.964110302164e+01 -1.521803844652e+00 6.395736691036e+04
2.012537902031e+03 1.020000000000e+00 3.871507555516e+01 4.400000000000e+00 1.067111710970e+01 3.974283510678e+02 -1.649811234439e+01 -1.006729790444e+00 1.957691176966e+02 -4.309683183865e+01 6.201606617892e+01 -2.177639469928e+00 6.645495369709e+04
2.012538016072e+03 1.020000000000e+00 3.871507555516e+01 4.400000000000e+00 9.465970236448e+00 3.998276037705e+02 -1.791998318838e+01 -1.117291231888e+00 1.732207909615e+02 -4.354480170575e+01 6.267808996064e+01 -2.388753585211e+00 6.624310757655e+04
2.012538130112e+03 1.020000000000e+00 3.871507555516e+01 4.400000000000e+00 8.630289551091e+00 4.024732688444e+02 -1.836633990542e+01 -1.628366877984e+00 1.537013605309e+02 -4.342974889523e+01 6.227846348451e+01 -2.345875157831e+00 6.446679902130e+04
2.012538244152e+03 1.020000000000e+00 3.871507555516e+01 4.400000000000e+00 8.004859750848e+00 4.052143378365e+02 -1.831215538170e+01 -2.390231685830e+00 1.377086735074e+02 -4.297468032778e+01 6.086054837434e+01 -1.850808052297e+00 6.227469377686e+04
2.012538358192e+03 1.020000000000e+00 3.971507555516e+01 4.500000000000e+00 7.819709270243e+00 4.063247803242e+02 -1.859923585681e+01 -3.497894763938e+00 1.340706971053e+02 -4.205600783731e+01 6.012269828997e+01 -2.596040096683e-01 6.204565363922e+04
2.012538472233e+03 1.020000000000e+00 3.971507555516e+01 4.500000000000e+00 7.243445052702e+00 4.103248205180e+02 -1.714947755555e+01 -3.919582444275e+00 1.186694885055e+02 -4.150548686828e+01 5.479078787426e+01 2.760794984367e-01 5.926553333197e+04
2.012538586273e+03 1.020000000000e+00 3.971507555516e+01 4.500000000000e+00 6.648175212677e+00 4.149483744925e+02 -1.392463999836e+01 -4.070352701244e+00 1.026421905271e+02 -4.078002029839e+01 4.884074157359e+01 6.329968876663e-01 5.583866473441e+04
2.012538700313e+03 1.020000000000e+00 3.971507555516e+01 4.500000000000e+00 6.086994409011e+00 4.193605337515e+02 -1.001312407164e+01 -4.000461566394e+00 8.804380073537e+01 -3.985527564326e+01 4.301228971041e+01 8.125218227895e-01 5.233234206941e+04
2.012538814353e+03 1.020000000000e+00 3.971507555516e+01 4.500000000000e+00 5.646288783006e+00 4.229409550224e+02 -6.545242078255e+00 -3.621462201115e+00 7.724064865366e+01 -3.890935786689e+01 3.787332421398e+01 8.888369555290e-01 4.952007797116e+04
2.012538928394e+03 1.020000000000e+00 3.971507555516e+01 4.500000000000e+00 5.338390790686e+00 4.253318394780e+02 -4.049944351426e+00 -3.130864307580e+00 7.026209664704e+01 -3.816385444986e+01 3.395229560140e+01 8.867150236670e-01 4.765940108881e+04
2.012539042434e+03 1.020000000000e+00 3.971507555516e+01 4.500000000000e+00 5.149926711396e+00 4.264992079728e+02 -2.449150563020e+00 -2.739932815352e+00 6.619947616618e+01 -3.761074152022e+01 3.134435840941e+01 8.329663588294e-01 4.655162012829e+04
2.012539156474e+03 1.020000000000e+00 3.971507555516e+01 4.500000000000e+00 5.027215216129e+00 4.268744915426e+02 -1.510651838063e+00 -2.490559484684e+00 6.363300752099e+01 -3.737290383687e+01 2.975816882939e+01 8.018877149239e-01 4.583997141050e+04
2.012539270514e+03 1.020000000000e+00 3.971507555516e+01 4.500000000000e+00 4.932854302696e+00 4.269173984193e+02 -9.887969069944e-01 -2.348539558668e+00 6.165311878278e+01 -3.741778607626e+01 2.878397446311e+01 8.071982995001e-01 4.526345210276e+04
2.012539384555e+03 1.020000000000e+00 3.971507555516e+01 4.500000000000e+00 4.855012723778e+00 4.267975248759e+02 -6.844123418735e-01 -2.257613083618e+00 5.993503251159e+01 -3.745513836443e+01 2.809075669276e+01 8.386581948220e-01 4.470775497169e+04
2.012539498595e+03 1.020000000000e+00 3.971507555516e+01 4.500000000000e+00 4.794724197373e+00 4.264261919967e+02 -4.468686155310e-01 -2.175821705143e+00 5.843762885359e+01 -3.742469066608e+01 2.748936147470e+01 9.026668667890e-01 4.413851655485e+04
2.012539612635e+03 1.020000000000e+00 3.971507555516e+01 4.500000000000e+00 4.733844788077e+00 4.257698155661e+02 -1.817746795241e-01 -2.104369060295e+00 5.713721702974e+01 -3.736422967561e+01 2.695443671199e+01 9.727018688037e-01 4.371113813487e+04
2.012539726675e+03 1.020000000000e+00 3.971507555516e+01 4.500000000000e+00 4.676170372735e+00 4.250005747540e+02 2.537442632995e-02 -2.056340774629e+00 5.603646848362e+01 -3.730925656754e+01 2.656970109377e+01 1.031024372193e+00 4.339774573121e+04
2.012539840716e+03 1.020000000000e+00 3.971507555516e+01 4.500000000000e+00 4.617787616471e+00 4.242245256267e+02 1.796593462524e-01 -2.032140667160e+00 5.496089124442e+01 -3.727083173641e+01 2.625991906185e+01 1.074536299854e+00 4.310295855261e+04
2.012539954756e+03 1.020000000000e+00 3.971507555516e+01 4.500000000000e+00 4.555762881351e+00 4.234638929963e+02 3.130288823455e-01 -2.021215154742e+00 5.383671217097e+01 -3.724611430822e+01 2.598732386774e+01 1.106202328887e+00 4.279620141907e+04
2.012540068796e+03 1.020000000000e+00 3.971507555516e+01 4.500000000000e+00 4.491570212719e+00 4.227081331208e+02 4.349211956820e-01 -2.018436040476e+00 5.266997876569e+01 -3.723009271380e+01 2.578189429068e+01 1.126884647567e+00 4.246717598924e+04
2.012540182836e+03 1.020000000000e+00 3.971507555516e+01 4.500000000000e+00 4.427737399414e+00 4.219454436984e+02 5.343616626979e-01 -2.030250110754e+00 5.148609366614e+01 -3.721940568217e+01 2.564279134263e+01 1.138206850196e+00 4.211120668944e+04
2.012540296877e+03 1.020000000000e+00 3.971507555516e+01 4.500000000000e+00 4.366027413907e+00 4.211750515354e+02 6.066613183229e-01 -2.055647587232e+00 5.030298912884e+01 -3.721379914993e+01 2.552336874284e+01 1.134011395185e+00 4.172529908374e+04
2.012540410917e+03 1.020000000000e+00 3.971507555516e+01 4.500000000000e+00 4.308501431547e+00 4.204055150988e+02 6.599496992624e-01 -2.081599526885e+00 4.912511317989e+01 -3.721415036631e+01 2.541275767053e+01 1.122443044471e+00 4.129263922492e+04
2.012540524957e+03 1.020000000000e+00 3.971507555516e+01 4.500000000000e+00 4.256952700941e+00 4.196431862761e+02 7.027221054254e-01 -2.104610021368e+00 4.795162844164e+01 -3.722153093315e+01 2.531263302829e+01 1.108421292593e+00 4.079443393951e+04
2.012540638997e+03 1.020000000000e+00 3.971507555516e+01 4.500000000000e+00 4.210072555424e+00 4.188874544448e+02 7.395389542997e-01 -2.127227536387e+00 4.678467056594e+01 -3.723658746545e+01 2.522406380945e+01 1.086360500593e+00 4.024487557611e+04
2.012540753038e+03 1.020000000000e+00 3.971507555516e+01 4.500000000000e+00 4.166898586464e+00 4.181335311299e+02 7.732920523998e-01 -2.149877390163e+00 4.562833016563e+01 -3.725871272817e+01 2.514610444634e+01 1.049554352474e+00 3.965684877898e+04
2.012540867078e+03 1.020000000000e+00 3.971507555516e+01 4.500000000000e+00 4.126468772522e+00 4.173755298021e+02 8.074366177995e-01 -2.169595297011e+00 4.448856466683e+01 -3.728666977189e+01 2.507663692756e+01 1.005039787186e+00 3.904506508328e+04
2.012540981118e+03 1.020000000000e+00 3.971507555516e+01 4.500000000000e+00 4.088057338709e+00 4.166072327224e+02 8.467610870177e-01 -2.181921506150e+00 4.337533902226e+01 -3.731985392019e+01 2.501312020828e+01 9.551202636383e-01 3.842569726870e+04
2.012541095158e+03 1.020000000000e+00 4.061507555516e+01 4.600000000000e+00 4.073789330756e+00 4.153626386868e+02 9.888378828279e-01 -2.125697784504e+00 4.245708343704e+01 -3.724575864153e+01 2.490345096780e+01 9.251642651275e-01 3.774363947517e+04
2.012541209199e+03 1.020000000000e+00 4.061507555516e+01 4.600000000000e+00 4.040613846895e+00 4.145363301046e+02 1.041320736147e+00 -2.137382267715e+00 4.145089069241e+01 -3.728245448559e+01 2.484272490904e+01 8.687662250196e-01 3.715168628139e+04
2.012541323239e+03 1.020000000000e+00 4.061507555516e+01 4.600000000000e+00 4.011525592076e+00 4.136956715040e+02 1.105853908812e+00 -2.144721602661e+00 4.052294795231e+01 -3.732211559975e+01 2.478015228563e+01 8.008394040385e-01 3.658331977641e+04
2.012541437279e+03 1.020000000000e+00 4.061507555516e+01 4.600000000000e+00 3.987801366157e+00 4.128368815199e+02 1.186412186010e+00 -2.151858567601e+00 3.968827205694e+01 -3.736271490909e+01 2.471380107917e+01 7.190334484501e-01 3.604290300168e+04
2.012541551319e+03 1.020000000000e+00 4.061507555516e+01 4.600000000000e+00 3.970230176911e+00 4.119546353239e+02 1.288449390139e+00 -2.160910869724e+00 3.895145813560e+01 -3.740332953128e+01 2.464476963346e+01 6.231897599164e-01 3.553026498129e+04
2.012541665360e+03 1.020000000000e+00 4.061507555516e+01 4.600000000000e+00 3.958545632980e+00 4.110415031751e+02 1.420608051683e+00 -2.171014480835e+00 3.830228302460e+01 -3.744582932823e+01 2.457943825994e+01 5.170106429111e-01 3.504118881804e+04
2.012541779400e+03 1.020000000000e+00 4.061507555516e+01 4.600000000000e+00 3.950776830854e+00 4.100879797036e+02 1.593978209280e+00 -2.177635811922e+00 3.771090294464e+01 -3.749420470985e+01 2.453031486693e+01 4.074620609993e-01 3.456797967971e+04
2.012541893440e+03 1.020000000000e+00 4.061507555516e+01 4.600000000000e+00 3.943221922949e+00 4.090840920833e+02 1.822829626802e+00 -2.174945555621e+00 3.713195519850e+01 -3.755228213589e+01 2.451431162299e+01 3.029621795383e-01 3.410249351067e+04
2.012542007480e+03 1.020000000000e+00 4.061507555516e+01 4.600000000000e+00 3.931807022462e+00 4.080216419942e+02 2.122820834476e+00 -2.161945301995e+00 3.652412856241e+01 -3.762398866323e+01 2.454724328263e+01 2.122291532993e-01 3.364162997868e+04
2.012542121521e+03 1.020000000000e+00 4.061507555516e+01 4.600000000000e+00 3.914360222855e+00 4.068951801763e+02 2.501987439048e+00 -2.135954347231e+00 3.587260615887e+01 -3.771257257400e+01 2.463629358171e+01 1.439000016779e-01 3.318875860690e+04
2.012542235561e+03 1.020000000000e+00 4.061507555516e+01 4.600000000000e+00 3.893785396695e+00 4.057162242721e+02 2.965506302750e+00 -2.081509913200e+00 3.521598839113e+01 -3.781755796350e+01 2.478853141507e+01 9.829964735390e-02 3.275327042611e+04
2.012542349601e+03 1.020000000000e+00 4.061507555516e+01 4.600000000000e+00 3.882448257596e+00 4.045643076622e+02 3.553660219949e+00 -2.004203162982e+00 3.469040093569e+01 -3.793399526600e+01 2.506429147872e+01 5.872690536582e-02 3.235826036126e+04
2.012542463641e+03 1.020000000000e+00 4.061507555516e+01 4.600000000000e+00 3.896907355210e+00 4.035483249671e+02 4.280523460545e+00 -1.921362307966e+00 3.445398545773e+01 -3.805131728092e+01 2.551955908928e+01 1.864373886169e-02 3.201797191245e+04
2.012542577682e+03 1.020000000000e+00 4.061507555516e+01 4.600000000000e+00 3.944980373262e+00 4.026855828769e+02 4.999668772006e+00 -1.854100630835e+00 3.453336928234e+01 -3.815810609152e+01 2.605306404779e+01 -2.625403592851e-02 3.170004593730e+04
2.012542691722e+03 1.020000000000e+00 4.061507555516e+01 4.600000000000e+00 4.031050460761e+00 4.020631704094e+02 5.623111471761e+00 -1.814101534440e+00 3.492786816712e+01 -3.824800508425e+01 2.663443297400e+01 -9.143419169552e-02 3.137728549147e+04
2.012542805762e+03 1.020000000000e+00 4.061507555516e+01 4.600000000000e+00 4.150122169052e+00 4.017588196766e+02 6.112989516400e+00 -1.788621580890e+00 3.558488859878e+01 -3.831525429084e+01 2.726673655944e+01 -1.887630270988e-01 3.104940227647e+04
2.012542919802e+03 1.020000000000e+00 4.061507555516e+01 4.600000000000e+00 4.295368742879e+00 4.017480176408e+02 6.469540501376e+00 -1.775415126590e+00 3.653273343067e+01 -3.835165450982e+01 2.794285380883e+01 -3.244628744754e-01 3.079217475129e+04
2.012543033843e+03 1.020000000000e+00 4.061507555516e+01 4.600000000000e+00 4.495290650357e+00 4.019288475301e+02 6.627996362171e+00 -1.790514043307e+00 3.833989572644e+01 -3.835306429263e+01 2.857907313563e+01 -5.096980133156e-01 3.086722030217e+04
2.012543147883e+03 1.020000000000e+00 4.061507555516e+01 4.600000000000e+00 4.751197687337e+00 4.023182792917e+02 6.666968838067e+00 -1.837798253974e+00 4.121704625987e+01 -3.832158206954e+01 2.918287881715e+01 -7.532257251941e-01 3.138823369294e+04
2.012543261923e+03 1.020000000000e+00 4.061507555516e+01 4.600000000000e+00 5.052883226058e+00 4.030597969850e+02 6.621851133652e+00 -1.924821961266e+00 4.501572932972e+01 -3.825819973009e+01 2.976949664681e+01 -1.056360907011e+00 3.223080908064e+04
2.012543375963e+03 1.020000000000e+00 4.061507555516e+01 4.600000000000e+00 5.398675205250e+00 4.040141913160e+02 6.422562117262e+00 -2.054809691563e+00 4.958913590208e+01 -3.816740821520e+01 3.031162913464e+01 -1.407742643782e+00 3.323057773935e+04
2.012543490004e+03 1.020000000000e+00 4.061507555516e+01 4.600000000000e+00 5.781527492087e+00 4.050973585723e+02 6.110562289417e+00 -2.219289617395e+00 5.486032704328e+01 -3.806273364114e+01 3.082733398173e+01 -1.790516638217e+00 3.432935538360e+04
2.012543604044e+03 1.020000000000e+00 4.061507555516e+01 4.600000000000e+00 6.196561876194e+00 4.062688833479e+02 5.773339844539e+00 -2.407157663160e+00 6.081656245599e+01 -3.795292995832e+01 3.134844890054e+01 -2.187737074868e+00 3.550902087556e+04
2.012543718084e+03 1.020000000000e+00 4.161507555516e+01 4.700000000000e+00 6.588926071952e+00 4.067907957686e+02 5.670319263229e+00 -2.482499414607e+00 6.611915154850e+01 -3.757547714288e+01 3.200314176165e+01 -2.510905137635e+00 3.631157315471e+04
2.012543832124e+03 1.020000000000e+00 4.161507555516e+01 4.700000000000e+00 7.073347021881e+00 4.081528176164e+02 5.341720755987e+00 -2.693537063601e+00 7.360256123599e+01 -3.745922592033e+01 3.260530657926e+01 -2.933013227464e+00 3.765495735525e+04
2.012543946165e+03 1.020000000000e+00 4.161507555516e+01 4.700000000000e+00 7.588341529857e+00 4.095872834631e+02 5.002487786058e+00 -2.920717994943e+00 8.192980793511e+01 -3.733841056633e+01 3.324670840295e+01 -3.325359054331e+00 3.907300108499e+04
2.012544060205e+03 1.020000000000e+00 4.161507555516e+01 4.700000000000e+00 8.125978297094e+00 4.110883993445e+02 4.600019939820e+00 -3.192971500674e+00 9.103688595632e+01 -3.720597327791e+01 3.390212112542e+01 -3.612176922359e+00 4.054724953880e+04
2.012544174245e+03 1.020000000000e+00 4.161507555516e+01 4.700000000000e+00 8.637272146106e+00 4.126335821852e+02 4.087583225711e+00 -3.510601565104e+00 1.006260733595e+02 -3.705858923968e+01 3.452364620182e+01 -3.753921801671e+00 4.216953822737e+04
2.012544288285e+03 1.020000000000e+00 4.161507555516e+01 4.700000000000e+00 8.989674740790e+00 4.141824467856e+02 3.449447182699e+00 -3.838584830619e+00 1.101330752567e+02 -3.690464643976e+01 3.506256952585e+01 -3.789594265071e+00 4.436070114706e+04
2.012544402326e+03 1.020000000000e+00 4.161507555516e+01 4.700000000000e+00 9.075784290548e+00 4.156827954755e+02 2.712727397519e+00 -4.149127078999e+00 1.188095130778e+02 -3.676177656516e+01 3.549098976789e+01 -3.745085736641e+00 4.741195114292e+04
2.012544516366e+03 1.020000000000e+00 4.161507555516e+01 4.700000000000e+00 9.015030527634e+00 4.170908599993e+02 1.923142952743e+00 -4.439830192648e+00 1.258064182549e+02 -3.664939618886e+01 3.583480833480e+01 -3.449704943218e+00 5.054472333800e+04
2.012544630406e+03 1.020000000000e+00 4.161507555516e+01 4.700000000000e+00 8.887372912572e+00 4.184677222144e+02 1.005499518882e+00 -4.750922901527e+00 1.299178139615e+02 -3.658256080359e+01 3.627038301051e+01 -2.775877588180e+00 5.294425119559e+04
2.012544744446e+03 1.020000000000e+00 4.161507555516e+01 4.700000000000e+00 8.732992436837e+00 4.198701740864e+02 -3.044278533410e-02 -4.986934926721e+00 1.307130401066e+02 -3.656281934116e+01 3.690435554015e+01 -1.848460530731e+00 5.420824357357e+04
2.012544858487e+03 1.020000000000e+00 4.161507555516e+01 4.700000000000e+00 8.533825296714e+00 4.212287615827e+02 -1.069964093769e+00 -5.183093194440e+00 1.291119600866e+02 -3.657350358144e+01 3.767225472010e+01 -8.772889992954e-01 5.479532320505e+04
2.012544972527e+03 1.020000000000e+00 4.161507555516e+01 4.700000000000e+00 8.227022133550e+00 4.225103994592e+02 -2.050639796259e+00 -5.352165641986e+00 1.262351266800e+02 -3.659114091410e+01 3.848350143732e+01 9.914696733736e-03 5.557442714128e+04
2.012545086567e+03 1.020000000000e+00 4.161507555516e+01 4.700000000000e+00 7.870350205533e+00 4.237394536222e+02 -2.895891317567e+00 -5.476280681546e+00 1.229699135734e+02 -3.659084070366e+01 3.917137482463e+01 7.644852757884e-01 5.659075698502e+04
2.012545200607e+03 1.020000000000e+00 4.161507555516e+01 4.700000000000e+00 7.503961382819e+00 4.249844259909e+02 -3.525657167327e+00 -5.538654233842e+00 1.193035826194e+02 -3.655043803131e+01 3.954765446856e+01 1.365351662890e+00 5.757953261647e+04
2.012545314648e+03 1.020000000000e+00 4.161507555516e+01 4.700000000000e+00 7.146592381425e+00 4.263370318686e+02 -3.894211702782e+00 -5.544098593621e+00 1.143590251972e+02 -3.645605853187e+01 3.953160937539e+01 1.804799153868e+00 5.794765045907e+04
2.012545428688e+03 1.020000000000e+00 4.161507555516e+01 4.700000000000e+00 6.822932814363e+00 4.277626381820e+02 -4.065652824969e+00 -5.472540766477e+00 1.087457097921e+02 -3.630455482680e+01 3.932557086060e+01 2.091459446208e+00 5.771549568775e+04
2.012545542728e+03 1.020000000000e+00 4.161507555516e+01 4.700000000000e+00 6.540099904802e+00 4.292223393838e+02 -4.142163146888e+00 -5.250106712417e+00 1.032695527668e+02 -3.610631201373e+01 3.901187146354e+01 2.287783514002e+00 5.717946547504e+04
2.012545656768e+03 1.020000000000e+00 4.161507555516e+01 4.700000000000e+00 6.295964413447e+00 4.306721546621e+02 -4.165720383091e+00 -4.919175792384e+00 9.823650964159e+01 -3.587657483310e+01 3.843836489727e+01 2.354490463270e+00 5.650260380506e+04
2.012545770809e+03 1.020000000000e+00 4.161507555516e+01 4.700000000000e+00 6.086849090852e+00 4.320915755725e+02 -4.083818741203e+00 -4.564145497743e+00 9.373664255240e+01 -3.563380114633e+01 3.757547496081e+01 2.354148918815e+00 5.576752706518e+04
2.012545884849e+03 1.020000000000e+00 4.161507555516e+01 4.700000000000e+00 5.907989031846e+00 4.334577201051e+02 -3.736511663079e+00 -4.228893642952e+00 8.976476170628e+01 -3.539018334621e+01 3.661579215747e+01 2.303484821903e+00 5.502202493491e+04
2.012545998889e+03 1.020000000000e+00 4.161507555516e+01 4.700000000000e+00 5.748740114653e+00 4.347547591290e+02 -3.295361695034e+00 -3.917515152896e+00 8.618666170729e+01 -3.515596577913e+01 3.563477674081e+01 2.154853828748e+00 5.429289352438e+04
2.012546112929e+03 1.020000000000e+00 4.161507555516e+01 4.700000000000e+00 5.606643440612e+00 4.359614837516e+02 -2.894254529127e+00 -3.621639397161e+00 8.300793950248e+01 -3.494466784166e+01 3.466822157089e+01 1.975976703713e+00 5.361628300673e+04
2.012546226970e+03 1.020000000000e+00 4.161507555516e+01 4.700000000000e+00 5.481878249780e+00 4.370616347834e+02 -2.564616781781e+00 -3.346540397809e+00 8.023350211968e+01 -3.476711088206e+01 3.375836869605e+01 1.807499559109e+00 5.300409668706e+04
2.012546341010e+03 1.020000000000e+00 4.161507555516e+01 4.700000000000e+00 5.372897881587e+00 4.380369092391e+02 -2.287598178071e+00 -3.102796504903e+00 7.783515388741e+01 -3.462649057450e+01 3.293435697119e+01 1.653569738076e+00 5.246283697440e+04
2.012546455050e+03 1.020000000000e+00 4.251507555516e+01 4.800000000000e+00 5.274447679112e+00 4.390584000320e+02 -2.089034614937e+00 -2.920643745713e+00 7.587921288107e+01 -3.450466733244e+01 3.226731017113e+01 1.556012868414e+00 5.209917852850e+04
2.012546569090e+03 1.020000000000e+00 4.251507555516e+01 4.800000000000e+00 5.188521311789e+00 4.397804404660e+02 -1.761199203685e+00 -2.737196318922e+00 7.401591576702e+01 -3.441673767850e+01 3.161193937697e+01 1.403029464032e+00 5.166132274303e+04
2.012546683131e+03 1.020000000000e+00 4.251507555516e+01 4.800000000000e+00 5.134565940359e+00 4.403923884748e+02 -1.405179953452e+00 -2.599292686776e+00 7.284591163479e+01 -3.435656278089e+01 3.109023084855e+01 1.261114915888e+00 5.137856015140e+04
2.012546797171e+03 1.020000000000e+00 4.251507555516e+01 4.800000000000e+00 5.106526538718e+00 4.409370974741e+02 -1.052820853442e+00 -2.521166565988e+00 7.225067916414e+01 -3.432055899652e+01 3.071628409584e+01 1.118502678967e+00 5.123826225757e+04
2.012546911211e+03 1.020000000000e+00 4.251507555516e+01 4.800000000000e+00 5.089070654360e+00 4.414606105400e+02 -7.168562858564e-01 -2.493073032265e+00 7.189033679749e+01 -3.430823365348e+01 3.043707111281e+01 9.497364939736e-01 5.115728917215e+04
2.012547025251e+03 1.020000000000e+00 4.251507555516e+01 4.800000000000e+00 5.081686198767e+00 4.420131185118e+02 -3.957493219708e-01 -2.480775295826e+00 7.175908151118e+01 -3.432125562028e+01 3.021874085401e+01 7.744181962902e-01 5.113769374487e+04
2.012547139292e+03 1.020000000000e+00 4.251507555516e+01 4.800000000000e+00 5.086681117519e+00 4.426338661392e+02 -8.996058537227e-02 -2.474126763215e+00 7.189473212245e+01 -3.436416955349e+01 3.015025787475e+01 5.945789041928e-01 5.118370829615e+04
2.012547253332e+03 1.020000000000e+00 4.251507555516e+01 4.800000000000e+00 5.103250831650e+00 4.433456976764e+02 1.812775447237e-01 -2.472156304727e+00 7.227565665856e+01 -3.444224601201e+01 3.017313843654e+01 4.105238147395e-01 5.128741238097e+04
2.012547367372e+03 1.020000000000e+00 4.251507555516e+01 4.800000000000e+00 5.134684575385e+00 4.441173233965e+02 3.764626529213e-01 -2.479866341598e+00 7.297610954089e+01 -3.455717531652e+01 3.021305047483e+01 2.291905856746e-01 5.146657700342e+04
2.012547481412e+03 1.020000000000e+00 4.251507555516e+01 4.800000000000e+00 5.188710330445e+00 4.448787463633e+02 4.674834575739e-01 -2.498014307344e+00 7.416242139361e+01 -3.470281119047e+01 3.033133067773e+01 6.175978061849e-02 5.175773332568e+04
2.012547595453e+03 1.020000000000e+00 4.251507555516e+01 4.800000000000e+00 5.265110946805e+00 4.456363508350e+02 5.031696112214e-01 -2.519898472358e+00 7.583721164875e+01 -3.486105025325e+01 3.053097826650e+01 -8.349812856775e-02 5.215800741724e+04
2.012547709493e+03 1.020000000000e+00 4.251507555516e+01 4.800000000000e+00 5.357205413224e+00 4.464627499575e+02 5.192559990159e-01 -2.543043901841e+00 7.787094657769e+01 -3.500150147449e+01 3.073659993815e+01 -2.026862590024e-01 5.263557923868e+04
2.012547823533e+03 1.020000000000e+00 4.251507555516e+01 4.800000000000e+00 5.463123449049e+00 4.473838523909e+02 5.194439891361e-01 -2.566479388441e+00 8.023521892602e+01 -3.508904055920e+01 3.091522133285e+01 -2.930628219817e-01 5.318166646906e+04
2.012547937573e+03 1.020000000000e+00 4.251507555516e+01 4.800000000000e+00 5.582842094224e+00 4.484040206968e+02 4.597054570742e-01 -2.588606357994e+00 8.293859086430e+01 -3.509390545119e+01 3.105798096954e+01 -3.533168855408e-01 5.379404982281e+04
2.012548051613e+03 1.020000000000e+00 4.251507555516e+01 4.800000000000e+00 5.716067413613e+00 4.495166256342e+02 3.384846973754e-01 -2.604305202190e+00 8.598617327960e+01 -3.500130112123e+01 3.116984354848e+01 -3.890858361857e-01 5.447023700397e+04
2.012548165654e+03 1.020000000000e+00 4.251507555516e+01 4.800000000000e+00 5.861419031614e+00 4.507146622358e+02 1.828758073791e-01 -2.619910663611e+00 8.935813860389e+01 -3.481144981958e+01 3.125720494724e+01 -4.022595932217e-01 5.520201536263e+04
2.012548279694e+03 1.020000000000e+00 4.251507555516e+01 4.800000000000e+00 6.014554270969e+00 4.520014731684e+02 6.608143440123e-03 -2.637331910215e+00 9.302222809581e+01 -3.453845784873e+01 3.133013631098e+01 -4.043248958397e-01 5.600161606952e+04
2.012548393734e+03 1.020000000000e+00 4.251507555516e+01 4.800000000000e+00 6.145215386764e+00 4.533938453477e+02 -1.829260396816e-01 -2.659310742932e+00 9.694649477237e+01 -3.420440723993e+01 3.140535352565e+01 -3.858056629026e-01 5.712225241689e+04
2.012548507774e+03 1.020000000000e+00 4.251507555516e+01 4.800000000000e+00 6.230654247374e+00 4.549049955280e+02 -3.930239233255e-01 -2.696032095958e+00 1.010896466371e+02 -3.382987384492e+01 3.149265013073e+01 -2.849114384153e-01 5.874690817658e+04
2.012548621815e+03 1.020000000000e+00 4.251507555516e+01 4.800000000000e+00 6.301916827726e+00 4.565184548160e+02 -6.506003594573e-01 -2.735801072399e+00 1.053645398005e+02 -3.342580788812e+01 3.157640462359e+01 -8.758108856340e-02 6.053901910897e+04
2.012548735855e+03 1.020000000000e+00 4.251507555516e+01 4.800000000000e+00 6.372114687402e+00 4.581850953392e+02 -9.897004384960e-01 -2.804260556637e+00 1.095977295472e+02 -3.299410915742e+01 3.160557691538e+01 1.561948548049e-01 6.227833216225e+04
2.012548849895e+03 1.020000000000e+00 4.251507555516e+01 4.800000000000e+00 6.436586934694e+00 4.598384958245e+02 -1.420883698243e+00 -2.895791431818e+00 1.135136983863e+02 -3.253878624338e+01 3.151208893941e+01 4.340980701840e-01 6.385893138702e+04
2.012548963935e+03 1.020000000000e+00 4.251507555516e+01 4.800000000000e+00 6.482112305892e+00 4.614065010361e+02 -1.916711921273e+00 -2.990723872626e+00 1.167611499216e+02 -3.206867121435e+01 3.127911653510e+01 7.406379543009e-01 6.522669364927e+04
2.012549077976e+03 1.020000000000e+00 4.251507555516e+01 4.800000000000e+00 6.487000097124e+00 4.628391674357e+02 -2.440657763142e+00 -3.070455158591e+00 1.189168039521e+02 -3.159382269161e+01 3.098577981577e+01 1.058928254375e+00 6.638322222277e+04
2.012549192016e+03 1.020000000000e+00 4.351507555516e+01 4.900000000000e+00 6.441921149483e+00 4.639876680672e+02 -2.770672129153e+00 -3.145143773952e+00 1.196980789408e+02 -3.126980426541e+01 3.055335981659e+01 1.361263017026e+00 6.728935077212e+04
2.012549306056e+03 1.020000000000e+00 4.351507555516e+01 4.900000000000e+00 6.336192313531e+00 4.651475644651e+02 -3.258353463005e+00 -3.158126561424e+00 1.193447612893e+02 -3.080662734379e+01 3.005026493180e+01 1.630038787025e+00 6.821098817685e+04
2.012549420096e+03 1.020000000000e+00 4.351507555516e+01 4.900000000000e+00 6.210955896116e+00 4.661770033074e+02 -3.620268075252e+00 -3.147602380369e+00 1.178473590545e+02 -3.033992362176e+01 2.952289113281e+01 1.830678346357e+00 6.871363662398e+04
2.012549534137e+03 1.020000000000e+00 4.351507555516e+01 4.900000000000e+00 6.069626321660e+00 4.671199092659e+02 -3.838886397130e+00 -3.108252231696e+00 1.154839491092e+02 -2.986110504104e+01 2.900061240193e+01 1.953628620949e+00 6.890418138179e+04
2.012549648177e+03 1.020000000000e+00 4.351507555516e+01 4.900000000000e+00 5.897006475606e+00 4.680170328582e+02 -3.930921859752e+00 -3.008590715233e+00 1.124557872380e+02 -2.936785867577e+01 2.848411320334e+01 2.023643234867e+00 6.906177370597e+04
2.012549762217e+03 1.020000000000e+00 4.351507555516e+01 4.900000000000e+00 5.716662793889e+00 4.688989373517e+02 -3.949666462677e+00 -2.875821555712e+00 1.091515033916e+02 -2.887432385626e+01 2.796798875326e+01 2.039375071697e+00 6.914707395064e+04
2.012549876257e+03 1.020000000000e+00 4.351507555516e+01 4.900000000000e+00 5.543159737121e+00 4.697699061087e+02 -3.939641802689e+00 -2.728992350384e+00 1.058005484498e+02 -2.840988538057e+01 2.745253133916e+01 2.023228531251e+00 6.912186584977e+04
2.012549990298e+03 1.020000000000e+00 4.351507555516e+01 4.900000000000e+00 5.384255256947e+00 4.706254904969e+02 -3.898350165200e+00 -2.584047387511e+00 1.024735655892e+02 -2.800643723684e+01 2.694063983083e+01 1.962222740205e+00 6.892395451992e+04
2.012550104338e+03 1.020000000000e+00 4.351507555516e+01 4.900000000000e+00 5.243061432450e+00 4.714641160665e+02 -3.814561427818e+00 -2.432595892631e+00 9.927709205646e+01 -2.768468431817e+01 2.643134889373e+01 1.825693721437e+00 6.857213014959e+04
2.012550218378e+03 1.020000000000e+00 4.351507555516e+01 4.900000000000e+00 5.119151803646e+00 4.722836292994e+02 -3.731492928993e+00 -2.270707512711e+00 9.623378909227e+01 -2.744925998927e+01 2.592364652693e+01 1.670064666981e+00 6.807899940531e+04
2.012550332418e+03 1.020000000000e+00 4.351507555516e+01 4.900000000000e+00 5.009419199548e+00 4.730773458242e+02 -3.653635169763e+00 -2.105324382004e+00 9.340186589703e+01 -2.729137365026e+01 2.541409410471e+01 1.515501639241e+00 6.752309960742e+04
2.012550446459e+03 1.020000000000e+00 4.351507555516e+01 4.900000000000e+00 4.909640029199e+00 4.738338091459e+02 -3.565032564080e+00 -1.944083784378e+00 9.083118463541e+01 -2.719299350659e+01 2.489578075554e+01 1.365221349841e+00 6.699922042813e+04
2.012550560499e+03 1.020000000000e+00 4.351507555516e+01 4.900000000000e+00 4.825091519004e+00 4.745403292415e+02 -3.446754038697e+00 -1.790718792069e+00 8.859046552060e+01 -2.713335624390e+01 2.435940346616e+01 1.220100517150e+00 6.649157958082e+04
2.012550674539e+03 1.020000000000e+00 4.351507555516e+01 4.900000000000e+00 4.760151955371e+00 4.752011026348e+02 -3.321029698219e+00 -1.647265160196e+00 8.654665169452e+01 -2.709407786053e+01 2.382608015705e+01 1.084010228756e+00 6.584385542539e+04
2.012550788579e+03 1.020000000000e+00 4.351507555516e+01 4.900000000000e+00 4.703762186893e+00 4.758233007025e+02 -3.198363193083e+00 -1.512766573727e+00 8.465279592338e+01 -2.706290626297e+01 2.330661285431e+01 9.601192770212e-01 6.517494442629e+04
2.012550902620e+03 1.020000000000e+00 4.351507555516e+01 4.900000000000e+00 4.648416636960e+00 4.764079851159e+02 -3.069660760991e+00 -1.386235480866e+00 8.293686640545e+01 -2.703305564593e+01 2.279671703185e+01 8.506786960580e-01 6.461394317719e+04
2.012551016660e+03 1.020000000000e+00 4.351507555516e+01 4.900000000000e+00 4.595823150652e+00 4.769535648027e+02 -2.927437741671e+00 -1.268116585927e+00 8.141762527951e+01 -2.700190208801e+01 2.229472426151e+01 7.585118758219e-01 6.415610232690e+04
2.012551130700e+03 1.020000000000e+00 4.351507555516e+01 4.900000000000e+00 4.548385373296e+00 4.774566738777e+02 -2.771629254920e+00 -1.158308754927e+00 8.008805059592e+01 -2.696990957896e+01 2.180527594630e+01 6.864552508990e-01 6.376650286979e+04
2.012551244740e+03 1.020000000000e+00 4.351507555516e+01 4.900000000000e+00 4.506655790984e+00 4.779097509738e+02 -2.609149811104e+00 -1.055390945535e+00 7.892925516568e+01 -2.693893178409e+01 2.133690685324e+01 6.365283425992e-01 6.342567120899e+04
2.012551358781e+03 1.020000000000e+00 4.351507555516e+01 4.900000000000e+00 4.470013591202e+00 4.783018758000e+02 -2.450815948246e+00 -9.565235079554e-01 7.791849750061e+01 -2.691105353268e+01 2.089757100886e+01 6.089412402464e-01 6.312666038282e+04
2.012551472821e+03 1.020000000000e+00 4.351507555516e+01 4.900000000000e+00 4.437236508378e+00 4.786239414147e+02 -2.308151126143e+00 -8.578607829218e-01 7.702260467145e+01 -2.688733104376e+01 2.049161272303e+01 5.994637514627e-01 6.286170485735e+04
2.012551586861e+03 1.020000000000e+00 4.351507555516e+01 4.900000000000e+00 4.408722169112e+00 4.788590209075e+02 -2.200950066052e+00 -7.561290135832e-01 7.624803183545e+01 -2.686826301286e+01 2.013067020882e+01 5.982252971459e-01 6.263164917438e+04
2.012551700901e+03 1.020000000000e+00 4.351507555516e+01 4.900000000000e+00 4.392330096555e+00 4.789723671879e+02 -2.161361411145e+00 -6.525317041919e-01 7.578904588217e+01 -2.685432725204e+01 1.985201218222e+01 6.074478468524e-01 6.248689016782e+04
2.012551814942e+03 1.020000000000e+00 4.351507555516e+01 4.900000000000e+00 4.380094542169e+00 4.790321079362e+02 -2.150820460542e+00 -5.510889837319e-01 7.543287583316e+01 -2.684483993703e+01 1.961159078707e+01 6.324301035482e-01 6.236706777820e+04
2.012551928982e+03 1.020000000000e+00 4.441507555516e+01 5.000000000000e+00 4.377565856252e+00 4.789884943553e+02 -2.076271636478e+00 -4.780236515252e-01 7.531137120394e+01 -2.696759762388e+01 1.945552580940e+01 6.255738400720e-01 6.230236220149e+04
2.012552043022e+03 1.020000000000e+00 4.441507555516e+01 5.000000000000e+00 4.365962542978e+00 4.789497723181e+02 -2.097659393111e+00 -3.893797606536e-01 7.498387849694e+01 -2.695427411378e+01 1.924733239746e+01 6.472922217722e-01 6.219627546656e+04
2.012552157062e+03 1.020000000000e+00 4.441507555516e+01 5.000000000000e+00 4.356412693387e+00 4.788390404967e+02 -2.160461759698e+00 -3.154252081646e-01 7.470419361387e+01 -2.694486755037e+01 1.909490002127e+01 6.526827543286e-01 6.210006949695e+04
2.012552271103e+03 1.020000000000e+00 4.441507555516e+01 5.000000000000e+00 4.349045613246e+00 4.786982691349e+02 -2.237977529257e+00 -2.607592235453e-01 7.447563441931e+01 -2.693610263676e+01 1.900207577628e+01 6.485469840880e-01 6.201494720936e+04
2.012552385143e+03 1.020000000000e+00 4.441507555516e+01 5.000000000000e+00 4.342448453566e+00 4.785281445303e+02 -2.316537800700e+00 -2.286062427709e-01 7.426034652329e+01 -2.692216764474e+01 1.892090737408e+01 6.362391629154e-01 6.192964290725e+04
2.012552499183e+03 1.020000000000e+00 4.441507555516e+01 5.000000000000e+00 4.335544281735e+00 4.783243545936e+02 -2.393169100864e+00 -2.128060673141e-01 7.403265534278e+01 -2.689869836380e+01 1.883963827993e+01 6.092479680739e-01 6.183808538312e+04
2.012552613223e+03 1.020000000000e+00 4.441507555516e+01 5.000000000000e+00 4.327793620762e+00 4.780855201797e+02 -2.471973864422e+00 -2.111755441271e-01 7.378239321939e+01 -2.686178247035e+01 1.875705932146e+01 5.618752619530e-01 6.173942277404e+04
2.012552727264e+03 1.020000000000e+00 4.441507555516e+01 5.000000000000e+00 4.318851042826e+00 4.778114390172e+02 -2.561058981129e+00 -2.221548847921e-01 7.350111521705e+01 -2.680880052326e+01 1.866984731637e+01 4.985032822892e-01 6.163142802572e+04
2.012552841304e+03 1.020000000000e+00 4.441507555516e+01 5.000000000000e+00 4.308285106523e+00 4.775040907279e+02 -2.668030243131e+00 -2.441163614779e-01 7.317670371922e+01 -2.673805750386e+01 1.857379660592e+01 4.262388589700e-01 6.150993350247e+04
2.012552955344e+03 1.020000000000e+00 4.441507555516e+01 5.000000000000e+00 4.295443652069e+00 4.771681854549e+02 -2.799884587477e+00 -2.705410399910e-01 7.279340351099e+01 -2.664816324246e+01 1.846675316144e+01 3.503624549599e-01 6.137074161386e+04
2.012553069384e+03 1.020000000000e+00 4.441507555516e+01 5.000000000000e+00 4.279531317495e+00 4.768098555777e+02 -2.961885739100e+00 -2.950993513204e-01 7.233221330434e+01 -2.653901412485e+01 1.834835637707e+01 2.738491860839e-01 6.120876686357e+04
2.012553183425e+03 1.020000000000e+00 4.441507555516e+01 5.000000000000e+00 4.259876121826e+00 4.764341106332e+02 -3.156522040360e+00 -3.147602177728e-01 7.177684796153e+01 -2.641250207502e+01 1.821969521738e+01 1.979239355831e-01 6.101917214329e+04
2.012553297465e+03 1.020000000000e+00 4.441507555516e+01 5.000000000000e+00 4.235994074370e+00 4.760429399186e+02 -3.383421783861e+00 -3.280142499800e-01 7.111519203781e+01 -2.627198531624e+01 1.808297482391e+01 1.232374834196e-01 6.079764524266e+04
2.012553411505e+03 1.020000000000e+00 4.441507555516e+01 5.000000000000e+00 4.207649892208e+00 4.756368212839e+02 -3.639382599538e+00 -3.330768359486e-01 7.034074929011e+01 -2.612089296081e+01 1.794149644830e+01 5.052906704112e-02 6.054073170506e+04
2.012553525545e+03 1.020000000000e+00 4.441507555516e+01 5.000000000000e+00 4.175257959991e+00 4.752179859038e+02 -3.917418245601e+00 -3.310633304730e-01 6.946178744901e+01 -2.596273087263e+01 1.780039847520e+01 -1.960961366598e-02 6.024810406508e+04
2.012553639586e+03 1.020000000000e+00 4.441507555516e+01 5.000000000000e+00 4.138837852014e+00 4.747784454628e+02 -4.212013048973e+00 -3.243720991209e-01 6.847611087831e+01 -2.580083117288e+01 1.765872358213e+01 -8.646920117873e-02 5.991581889810e+04
2.012553753626e+03 1.020000000000e+00 4.441507555516e+01 5.000000000000e+00 4.099474073401e+00 4.743173293969e+02 -4.513856803048e+00 -3.137375669705e-01 6.740807240382e+01 -2.563777901987e+01 1.751952723441e+01 -1.501090063924e-01 5.954760252230e+04
2.012553867666e+03 1.020000000000e+00 4.441507555516e+01 5.000000000000e+00 4.058026769695e+00 4.738286659433e+02 -4.815808306588e+00 -3.028565884720e-01 6.627646085029e+01 -2.547512313297e+01 1.738213433717e+01 -2.116368402008e-01 5.914586870928e+04
2.012553981706e+03 1.020000000000e+00 4.441507555516e+01 5.000000000000e+00 4.015268812081e+00 4.733051741218e+02 -5.112363958580e+00 -2.935976306807e-01 6.509843783448e+01 -2.531277985683e+01 1.724455127752e+01 -2.717400044463e-01 5.871314174286e+04
2.012554095747e+03 1.020000000000e+00 4.441507555516e+01 5.000000000000e+00 3.971773995368e+00 4.727386591378e+02 -5.400878767367e+00 -2.858790941778e-01 6.388727053128e+01 -2.514917569570e+01 1.710285348453e+01 -3.294218163829e-01 5.825168812087e+04
2.012554209787e+03 1.020000000000e+00 4.441507555516e+01 5.000000000000e+00 3.927988686710e+00 4.721232325293e+02 -5.682691359413e+00 -2.780883438975e-01 6.265448705524e+01 -2.498094199869e+01 1.695013334007e+01 -3.819802802427e-01 5.776436835016e+04
2.012554323827e+03 1.020000000000e+00 4.441507555516e+01 5.000000000000e+00 3.884351112019e+00 4.714610555591e+02 -5.965413498162e+00 -2.672870541007e-01 6.141368263580e+01 -2.480108587322e+01 1.677796375240e+01 -4.256279536711e-01 5.725641219899e+04
2.012554437867e+03 1.020000000000e+00 4.441507555516e+01 5.000000000000e+00 3.841308882472e+00 4.707647981131e+02 -6.264122201851e+00 -2.523286092098e-01 6.018202734231e+01 -2.459879099893e+01 1.658209372543e+01 -4.566651816426e-01 5.673674180348e+04
2.012554551908e+03 1.020000000000e+00 4.441507555516e+01 5.000000000000e+00 3.799707244782e+00 4.700520890544e+02 -6.594017074756e+00 -2.354225559149e-01 5.898915782347e+01 -2.436376742653e+01 1.636926311873e+01 -4.733770732796e-01 5.622092758096e+04
2.012554665948e+03 1.020000000000e+00 4.541507555516e+01 5.100000000000e+00 3.821892338389e+00 4.699972476716e+02 -6.515563377860e+00 -2.453648873746e-01 5.944656711202e+01 -2.443035842415e+01 1.653414867074e+01 -4.741252716530e-01 5.632460924910e+04
2.012554779988e+03 1.020000000000e+00 4.541507555516e+01 5.100000000000e+00 3.790158907616e+00 4.693376252608e+02 -6.820886280526e+00 -2.365038318566e-01 5.848960964699e+01 -2.417439759855e+01 1.637197114814e+01 -4.835177492474e-01 5.588189650611e+04
2.012554894028e+03 1.020000000000e+00 4.541507555516e+01 5.100000000000e+00 3.765971681014e+00 4.687318310253e+02 -7.063993175764e+00 -2.421713896427e-01 5.772663426099e+01 -2.392201819954e+01 1.625840890400e+01 -4.968921528480e-01 5.550747410405e+04
2.012555008069e+03 1.020000000000e+00 4.541507555516e+01 5.100000000000e+00 3.749879091881e+00 4.682405207079e+02 -7.166711825829e+00 -2.849145875869e-01 5.716898092077e+01 -2.370477835136e+01 1.619389024334e+01 -5.106605446927e-01 5.520750420864e+04
2.012555122109e+03 1.020000000000e+00 4.541507555516e+01 5.100000000000e+00 3.751855843015e+00 4.679881191129e+02 -7.130170652714e+00 -3.656258828988e-01 5.703157040017e+01 -2.354791846457e+01 1.625376648989e+01 -5.269745181214e-01 5.504620400888e+04
2.012555236149e+03 1.020000000000e+00 4.541507555516e+01 5.100000000000e+00 3.782606701325e+00 4.680162337914e+02 -6.969099940956e+00 -4.720768155889e-01 5.753966495233e+01 -2.346570574026e+01 1.653027871446e+01 -5.484105806371e-01 5.508514773780e+04
2.012555350189e+03 1.020000000000e+00 4.541507555516e+01 5.100000000000e+00 3.827783650204e+00 4.681402633097e+02 -6.644804198424e+00 -5.875425436119e-01 5.836199492705e+01 -2.346235512497e+01 1.694127931852e+01 -5.676098098851e-01 5.521300627644e+04
2.012555464230e+03 1.020000000000e+00 4.541507555516e+01 5.100000000000e+00 3.878042151839e+00 4.682759898984e+02 -6.246377489158e+00 -6.976396773427e-01 5.929850495384e+01 -2.353267301852e+01 1.740602876688e+01 -5.776491118625e-01 5.537219888026e+04
2.012555578270e+03 1.020000000000e+00 4.541507555516e+01 5.100000000000e+00 3.925618012585e+00 4.683965104307e+02 -5.831356138007e+00 -7.890613750581e-01 6.017006008438e+01 -2.365854656013e+01 1.788300614285e+01 -5.783972028549e-01 5.550549828369e+04
2.012555692310e+03 1.020000000000e+00 4.541507555516e+01 5.100000000000e+00 3.965598121413e+00 4.684753087624e+02 -5.438893225353e+00 -8.501266970817e-01 6.085515364287e+01 -2.381195344387e+01 1.832716851542e+01 -5.730630385456e-01 5.557187982189e+04
2.012555806350e+03 1.020000000000e+00 4.541507555516e+01 5.100000000000e+00 3.996225820243e+00 4.684071981302e+02 -5.091093772535e+00 -8.842601712572e-01 6.131246604310e+01 -2.396327106147e+01 1.870907744824e+01 -5.582416868279e-01 5.556045939781e+04
2.012555920391e+03 1.020000000000e+00 4.541507555516e+01 5.100000000000e+00 4.020144412640e+00 4.681724543826e+02 -4.796505401864e+00 -9.063414331325e-01 6.160571032719e+01 -2.409396525961e+01 1.902708071132e+01 -5.381316590110e-01 5.549394684651e+04
2.012556034431e+03 1.020000000000e+00 4.541507555516e+01 5.100000000000e+00 4.040515641922e+00 4.678401599337e+02 -4.554568141415e+00 -9.167788974119e-01 6.180647804300e+01 -2.419623141705e+01 1.928677948232e+01 -5.132977338146e-01 5.539396863886e+04
2.012556148471e+03 1.020000000000e+00 4.541507555516e+01 5.100000000000e+00 4.058881575051e+00 4.674321598188e+02 -4.359438943120e+00 -9.206200353316e-01 6.195370230643e+01 -2.426941683828e+01 1.948914062594e+01 -4.847650218213e-01 5.527455998122e+04
2.012556262511e+03 1.020000000000e+00 4.541507555516e+01 5.100000000000e+00 4.076125682448e+00 4.669569968381e+02 -4.200998760639e+00 -9.251222384593e-01 6.207436102768e+01 -2.431776114338e+01 1.963595927687e+01 -4.551790730594e-01 5.514786268203e+04
2.012556376552e+03 1.020000000000e+00 4.541507555516e+01 5.100000000000e+00 4.092848350309e+00 4.664212454848e+02 -4.062036830427e+00 -9.345654338048e-01 6.218334863085e+01 -2.434728515136e+01 1.973589516735e+01 -4.247733457224e-01 5.501893196879e+04
2.012556490592e+03 1.020000000000e+00 4.541507555516e+01 5.100000000000e+00 4.109956927598e+00 4.658379813095e+02 -3.926277928206e+00 -9.514742248649e-01 6.230080315391e+01 -2.436313179735e+01 1.980121833782e+01 -3.938050420750e-01 5.489328847857e+04
2.012556604632e+03 1.020000000000e+00 4.541507555516e+01 5.100000000000e+00 4.129137561889e+00 4.652319139517e+02 -3.784537702483e+00 -9.773633429101e-01 6.246579053368e+01 -2.436836534119e+01 1.984544978675e+01 -3.631979769216e-01 5.478273651941e+04
2.012556718672e+03 1.020000000000e+00 4.541507555516e+01 5.100000000000e+00 4.152321007124e+00 4.646335992672e+02 -3.630945812538e+00 -1.014868419270e+00 6.272369144209e+01 -2.436456191544e+01 1.988431307208e+01 -3.357010740465e-01 5.470136744841e+04
2.012556832713e+03 1.020000000000e+00 4.541507555516e+01 5.100000000000e+00 4.180680105788e+00 4.640659366267e+02 -3.463829770029e+00 -1.067176087025e+00 6.310363041884e+01 -2.435298760407e+01 1.992766067057e+01 -3.127396582936e-01 5.465905425072e+04
2.012556946753e+03 1.020000000000e+00 4.541507555516e+01 5.100000000000e+00 4.211896064504e+00 4.635208019075e+02 -3.270905847361e+00 -1.127901560628e+00 6.355485088527e+01 -2.433702069691e+01 1.998673295666e+01 -2.864004370004e-01 5.464178234331e+04
2.012557060793e+03 1.020000000000e+00 4.541507555516e+01 5.100000000000e+00 4.242151076517e+00 4.629649024972e+02 -3.063445726735e+00 -1.187560659108e+00 6.398701549692e+01 -2.432300397865e+01 2.005275940434e+01 -2.501219703189e-01 5.462118922266e+04
2.012557174833e+03 1.020000000000e+00 4.541507555516e+01 5.100000000000e+00 4.268734856364e+00 4.623599171596e+02 -2.890037338034e+00 -1.238108491786e+00 6.432993355667e+01 -2.431664266317e+01 2.008956396280e+01 -2.028913836564e-01 5.457223324325e+04
2.012557288874e+03 1.020000000000e+00 4.541507555516e+01 5.100000000000e+00 4.291134064290e+00 4.616827789723e+02 -2.799565692065e+00 -1.271272762153e+00 6.455990222490e+01 -2.432003277430e+01 2.004482510638e+01 -1.446200068647e-01 5.448163938518e+04
2.012557402914e+03 1.020000000000e+00 4.631507555516e+01 5.200000000000e+00 4.316234495508e+00 4.619356541592e+02 -2.807248618769e+00 -1.257326239663e+00 6.530893430385e+01 -2.451671551594e+01 1.974122439418e+01 -7.244667564352e-02 5.479568659892e+04
2.012557516954e+03 1.020000000000e+00 4.631507555516e+01 5.200000000000e+00 4.324363432569e+00 4.610984658098e+02 -2.822365164975e+00 -1.253741290016e+00 6.514225203100e+01 -2.454941387003e+01 1.947812573964e+01 1.621472818915e-02 5.455362717057e+04
2.012557630994e+03 1.020000000000e+00 4.631507555516e+01 5.200000000000e+00 4.311935997542e+00 4.600422939530e+02 -2.896095953513e+00 -1.232133747632e+00 6.448931012716e+01 -2.460332837128e+01 1.911234433158e+01 1.171367485472e-01 5.416320694614e+04
2.012557745035e+03 1.020000000000e+00 4.631507555516e+01 5.200000000000e+00 4.283599158612e+00 4.588261026206e+02 -2.987005863082e+00 -1.197731694140e+00 6.348794905927e+01 -2.467296154565e+01 1.863084806597e+01 2.149602340207e-01 5.367567654678e+04
2.012557859075e+03 1.020000000000e+00 4.631507555516e+01 5.200000000000e+00 4.242093502765e+00 4.575045099958e+02 -3.041289969230e+00 -1.163726792538e+00 6.223294751696e+01 -2.475008482297e+01 1.810209521475e+01 2.985374839034e-01 5.313021164331e+04
2.012557973115e+03 1.020000000000e+00 4.631507555516e+01 5.200000000000e+00 4.186994701305e+00 4.561050836851e+02 -3.055946058384e+00 -1.137677345121e+00 6.075281172674e+01 -2.483189485503e+01 1.759546813942e+01 3.602593064927e-01 5.254975793919e+04
2.012558087155e+03 1.020000000000e+00 4.631507555516e+01 5.200000000000e+00 4.117691721236e+00 4.546319808545e+02 -3.041498290976e+00 -1.123199420118e+00 5.906020105078e+01 -2.492382142263e+01 1.718900396740e+01 3.953847177934e-01 5.194596957316e+04
2.012558201196e+03 1.020000000000e+00 4.631507555516e+01 5.200000000000e+00 4.038597676501e+00 4.530977168874e+02 -2.958343539928e+00 -1.117842368376e+00 5.725782853416e+01 -2.503308648789e+01 1.689317867448e+01 4.090096435172e-01 5.134727768370e+04
2.012558315236e+03 1.020000000000e+00 4.631507555516e+01 5.200000000000e+00 3.952381090737e+00 4.515051362075e+02 -2.731985985871e+00 -1.128105932511e+00 5.539110068077e+01 -2.516232700304e+01 1.666148569825e+01 4.064317637452e-01 5.075686175453e+04
2.012558429276e+03 1.020000000000e+00 4.631507555516e+01 5.200000000000e+00 3.860907382657e+00 4.498608369696e+02 -2.368245381829e+00 -1.165088188297e+00 5.347362490979e+01 -2.531375005474e+01 1.647826074370e+01 3.915705492142e-01 5.016072643588e+04
2.012558543316e+03 1.020000000000e+00 4.631507555516e+01 5.200000000000e+00 3.766482373098e+00 4.481689892768e+02 -1.893189774900e+00 -1.235467750557e+00 5.152870735077e+01 -2.549336961158e+01 1.643264146957e+01 3.588661223338e-01 4.954806118283e+04
2.012558657356e+03 1.020000000000e+00 4.631507555516e+01 5.200000000000e+00 3.671815247816e+00 4.464212908676e+02 -1.338687137159e+00 -1.332915920512e+00 4.960618492621e+01 -2.570920543654e+01 1.652506158430e+01 2.989343761198e-01 4.892923043884e+04
2.012558771397e+03 1.020000000000e+00 4.631507555516e+01 5.200000000000e+00 3.579595607854e+00 4.446155529021e+02 -7.155913320364e-01 -1.453966946323e+00 4.770963856089e+01 -2.597350315630e+01 1.669776445066e+01 2.226986528479e-01 4.827068066723e+04
2.012558885437e+03 1.020000000000e+00 4.631507555516e+01 5.200000000000e+00 3.492182659047e+00 4.427594089964e+02 -4.596410595471e-03 -1.602402545100e+00 4.587650134951e+01 -2.630255320695e+01 1.694461268334e+01 1.361116778066e-01 4.757755516374e+04
2.012558999477e+03 1.020000000000e+00 4.631507555516e+01 5.200000000000e+00 3.415867250871e+00 4.408501165007e+02 8.259714035331e-01 -1.782331017245e+00 4.412353898071e+01 -2.671361760749e+01 1.727107794542e+01 4.662131253118e-02 4.678086349423e+04
2.012559113517e+03 1.020000000000e+00 4.631507555516e+01 5.200000000000e+00 3.364078950328e+00 4.388699283257e+02 1.804535878164e+00 -1.993517539165e+00 4.245727342722e+01 -2.722102139551e+01 1.767652775753e+01 -3.470314735274e-02 4.570626753962e+04
2.012559227558e+03 1.020000000000e+00 4.631507555516e+01 5.200000000000e+00 3.324145843310e+00 4.367866431552e+02 2.952329952002e+00 -2.226641479863e+00 4.087574220258e+01 -2.783328395575e+01 1.815175894128e+01 -9.688084891670e-02 4.453233690166e+04
2.012559341598e+03 1.020000000000e+00 4.631507555516e+01 5.200000000000e+00 3.292185521122e+00 4.345783827737e+02 4.269828086597e+00 -2.460063358269e+00 3.937339736381e+01 -2.854911401930e+01 1.868098875288e+01 -1.358736894484e-01 4.331354423717e+04
2.012559455638e+03 1.020000000000e+00 4.631507555516e+01 5.200000000000e+00 3.272568119939e+00 4.322566038527e+02 5.725871368227e+00 -2.671212480738e+00 3.795159061063e+01 -2.935965122398e+01 1.924920677737e+01 -1.521179094050e-01 4.200446740961e+04
2.012559569678e+03 1.020000000000e+00 4.631507555516e+01 5.200000000000e+00 3.271436375851e+00 4.298745202138e+02 7.266129268098e+00 -2.848279283027e+00 3.661390022908e+01 -3.025246267476e+01 1.985082728459e+01 -1.396229298923e-01 4.054746950164e+04
2.012559683719e+03 1.020000000000e+00 4.631507555516e+01 5.200000000000e+00 3.293594256395e+00 4.275414802448e+02 8.811267701426e+00 -2.987340391528e+00 3.535304966514e+01 -3.120612019993e+01 2.049623893169e+01 -6.507495621056e-02 3.890165558566e+04
2.012559797759e+03 1.020000000000e+00 4.631507555516e+01 5.200000000000e+00 3.340474269598e+00 4.254077897853e+02 1.028596142208e+01 -3.121362599764e+00 3.426189581917e+01 -3.220769035081e+01 2.119736492442e+01 8.632766359128e-02 3.718546397344e+04
2.012559911799e+03 1.020000000000e+00 4.631507555516e+01 5.200000000000e+00 3.410554544769e+00 4.236398484468e+02 1.166707251479e+01 -3.249088070716e+00 3.345632197035e+01 -3.324652122920e+01 2.199147894200e+01 3.535439118431e-01 3.556118068458e+04
2.012560025839e+03 1.020000000000e+00 4.631507555516e+01 5.200000000000e+00 3.507159152061e+00 4.224172361542e+02 1.299440652146e+01 -3.369279117007e+00 3.320057686871e+01 -3.431559845846e+01 2.290181999838e+01 7.486589349514e-01 3.428642340603e+04
2.012560139880e+03 1.020000000000e+00 4.731507555516e+01 5.300000000000e+00 3.380393119487e+00 4.203463167213e+02 1.290822076485e+01 -3.252457305235e+00 3.101023650981e+01 -3.415962705558e+01 2.201854053201e+01 5.437176506039e-01 3.324309977860e+04
2.012560253920e+03 1.020000000000e+00 4.731507555516e+01 5.300000000000e+00 3.505174401940e+00 4.194687657011e+02 1.425747892441e+01 -3.393130493447e+00 3.135703794959e+01 -3.530438616245e+01 2.314437507840e+01 9.748893572235e-01 3.241061704745e+04
2.012560367960e+03 1.020000000000e+00 4.731507555516e+01 5.300000000000e+00 3.653553512600e+00 4.193102515958e+02 1.578508918212e+01 -3.520873442236e+00 3.276031683935e+01 -3.644221184215e+01 2.447000232218e+01 1.471261495306e+00 3.245935399313e+04
2.012560482000e+03 1.020000000000e+00 4.731507555516e+01 5.300000000000e+00 3.888155492586e+00 4.196927852512e+02 1.755036346559e+01 -3.594335740087e+00 3.568643209113e+01 -3.741427475404e+01 2.575677337519e+01 1.961439570156e+00 3.315313473721e+04
2.012560596041e+03 1.020000000000e+00 4.731507555516e+01 5.300000000000e+00 4.466633536761e+00 4.214491331195e+02 1.871045552452e+01 -3.645051440436e+00 4.417335149152e+01 -3.777562027959e+01 2.644086796393e+01 2.303180717984e+00 3.552662998624e+04
2.012560710081e+03 1.020000000000e+00 4.731507555516e+01 5.300000000000e+00 5.417855972537e+00 4.242683358921e+02 1.943372501485e+01 -3.668839565333e+00 5.979168234368e+01 -3.750701944006e+01 2.665112536189e+01 2.422560226484e+00 3.938167064530e+04
2.012560824121e+03 1.020000000000e+00 4.731507555516e+01 5.300000000000e+00 6.652175692833e+00 4.271132965504e+02 2.011605518693e+01 -3.608976624924e+00 8.257962713132e+01 -3.663931222666e+01 2.627446685340e+01 2.373252387499e+00 4.401980022880e+04
2.012560938161e+03 1.020000000000e+00 4.731507555516e+01 5.300000000000e+00 8.197900566624e+00 4.297870493446e+02 2.068332221878e+01 -3.430583179373e+00 1.143444852432e+02 -3.347718588259e+01 2.449299229991e+01 1.934411827911e+00 4.943551672144e+04
2.012561052202e+03 1.020000000000e+00 4.731507555516e+01 5.300000000000e+00 9.893752265433e+00 4.323316734759e+02 2.125381752686e+01 -3.243975661924e+00 1.546634250874e+02 -2.795196720420e+01 2.179568577615e+01 1.182133337016e+00 5.555682053728e+04
2.012561166242e+03 1.020000000000e+00 4.731507555516e+01 5.300000000000e+00 1.129325734151e+01 4.351315648603e+02 2.170186777126e+01 -3.083682693298e+00 2.011937455464e+02 -2.107071400616e+01 1.837114521114e+01 5.005939466349e-01 6.357495527270e+04
2.012561280282e+03 1.020000000000e+00 4.731507555516e+01 5.300000000000e+00 1.196558822156e+01 4.387373886391e+02 2.181409341098e+01 -2.951497152916e+00 2.500053731677e+02 -1.286823503933e+01 1.408367070328e+01 1.106263319258e-01 7.496451348389e+04
2.012561394322e+03 1.020000000000e+00 4.731507555516e+01 5.300000000000e+00 1.221849402319e+01 4.434860903597e+02 2.083118273434e+01 -2.865165188900e+00 2.963631549804e+02 -3.940388262119e+00 8.955120302555e+00 -2.757620726123e-02 8.754915106301e+04
2.012561508363e+03 1.020000000000e+00 4.731507555516e+01 5.300000000000e+00 1.217658274242e+01 4.498371581529e+02 1.638855683017e+01 -2.807715812690e+00 3.329240526811e+02 4.866746479586e+00 2.495850915548e+00 -8.160097034952e-02 9.895868776159e+04
2.012561622403e+03 1.020000000000e+00 4.731507555516e+01 5.300000000000e+00 1.195433056274e+01 4.595160053926e+02 8.418116145808e+00 -2.762493730087e+00 3.458431388899e+02 1.293322426192e+01 -3.617469017068e+00 -1.275863955994e-01 1.048173332076e+05
2.012561736443e+03 1.020000000000e+00 4.731507555516e+01 5.300000000000e+00 1.131864668614e+01 4.713624411886e+02 -1.603354947726e+00 -2.720068617958e+00 3.466373616961e+02 1.990223709977e+01 -9.189093817965e+00 -3.830507792086e-01 1.110638587684e+05
