VARIABLES="time" "Distance" "lon" "lat" "density" "Vx" "Vy" "Vz" "p" "Bx" "By" "Bz" "T"
ZONE
DT=(DOUBLE DOUBLE DOUBLE DOUBLE DOUBLE DOUBLE DOUBLE DOUBLE DOUBLE DOUBLE DOUBLE DOUBLE DOUBLE )
2.012529234973e+03 1.020000000000e+00 3.591507555516e+01 4.200000000000e+00 3.652711505346e+00 4.177684221488e+02 7.070546155698e+00 -2.495022167756e+00 5.448854049228e+01 2.589592908127e+01 -8.701723017045e+00 -1.704747534736e+00 5.393331811807e+04
2.012529349013e+03 1.020000000000e+00 3.591507555516e+01 4.200000000000e+00 3.903202833374e+00 4.158196115199e+02 7.340565587187e+00 -1.329583821007e+00 5.995003876155e+01 2.288904737657e+01 -8.715980294206e+00 -5.343045652393e-01 5.552091706599e+04
2.012529463053e+03 1.020000000000e+00 3.591507555516e+01 4.200000000000e+00 4.208302510863e+00 4.143577701154e+02 7.379797602364e+00 -4.683467205378e-01 6.683595230242e+01 1.979479978681e+01 -8.630231237902e+00 4.775235883051e-01 5.741999675801e+04
2.012529577093e+03 1.020000000000e+00 3.591507555516e+01 4.200000000000e+00 4.521065477482e+00 4.130516063724e+02 7.252663438103e+00 3.731898310540e-02 7.409478726903e+01 1.679155663372e+01 -8.473536063887e+00 1.174904151339e+00 5.927367953126e+04
2.012529691134e+03 1.020000000000e+00 3.591507555516e+01 4.200000000000e+00 4.810908225710e+00 4.117652850988e+02 6.690424865383e+00 2.137844398205e-01 8.097763615995e+01 1.409177881491e+01 -8.299599059344e+00 1.511862639614e+00 6.089916541256e+04
2.012529805174e+03 1.020000000000e+00 3.591507555516e+01 4.200000000000e+00 5.066306087800e+00 4.104882391854e+02 5.506774891593e+00 1.302762661277e-01 8.715613141517e+01 1.184854255748e+01 -8.124906680124e+00 1.636758503909e+00 6.226142857226e+04
2.012529919214e+03 1.020000000000e+00 3.591507555516e+01 4.200000000000e+00 5.278334277020e+00 4.092336498352e+02 3.901115525302e+00 -3.146558901172e-01 9.236497109125e+01 1.010127823092e+01 -7.946145870004e+00 1.617046144366e+00 6.334727199226e+04
2.012530033254e+03 1.020000000000e+00 3.591507555516e+01 4.200000000000e+00 5.438415091503e+00 4.079879198204e+02 2.231460108716e+00 -9.870429345143e-01 9.657256115127e+01 8.782367248054e+00 -7.678240813423e+00 1.440013352031e+00 6.429240254744e+04
2.012530147295e+03 1.020000000000e+00 3.681507555516e+01 4.300000000000e+00 5.551844427043e+00 4.098110267439e+02 1.035310309332e+00 -2.269222294287e+00 9.760426406825e+01 1.103231125370e+01 -9.544930443406e+00 8.568938227319e-01 6.365780544410e+04
2.012530261335e+03 1.020000000000e+00 3.681507555516e+01 4.300000000000e+00 5.480315114719e+00 4.086357437318e+02 -4.146415041159e-01 -2.716695873943e+00 1.008032480619e+02 1.001309761383e+01 -8.556646803557e+00 9.343077759418e-02 6.660542502734e+04
2.012530375375e+03 1.020000000000e+00 3.681507555516e+01 4.300000000000e+00 5.363698712392e+00 4.075158606601e+02 -1.533306927923e+00 -3.111510249663e+00 1.027415884957e+02 9.054747465236e+00 -7.480332831797e+00 -5.450961592019e-01 6.936544779973e+04
2.012530489415e+03 1.020000000000e+00 3.681507555516e+01 4.300000000000e+00 5.231056537670e+00 4.062044276155e+02 -2.185394070448e+00 -3.362626547132e+00 1.028870092392e+02 8.036715483932e+00 -6.245957809710e+00 -9.397132639965e-01 7.122917171751e+04
2.012530603456e+03 1.020000000000e+00 3.681507555516e+01 4.300000000000e+00 5.082420832041e+00 4.043295967203e+02 -2.446773516705e+00 -3.452495136468e+00 1.007675057323e+02 6.846181740267e+00 -4.634230882542e+00 -1.087031378070e+00 7.180342192170e+04
2.012530717496e+03 1.020000000000e+00 3.681507555516e+01 4.300000000000e+00 4.939247001056e+00 4.020623564029e+02 -2.434429155272e+00 -3.409477804910e+00 9.782372340857e+01 5.394752258188e+00 -2.827414391575e+00 -1.103213369805e+00 7.172632430202e+04
2.012530831536e+03 1.020000000000e+00 3.681507555516e+01 4.300000000000e+00 4.814625999147e+00 3.994822715487e+02 -1.883648361950e+00 -3.057081902323e+00 9.485317488147e+01 3.622082590642e+00 -9.447161920832e-01 -9.700881785947e-01 7.134907619018e+04
2.012530945576e+03 1.020000000000e+00 3.681507555516e+01 4.300000000000e+00 4.705092723779e+00 3.965639110606e+02 -6.859141544478e-01 -2.126468138502e+00 9.207156497696e+01 1.498253453362e+00 1.040293108416e+00 -5.410757638171e-01 7.087141142185e+04
2.012531059617e+03 1.020000000000e+00 3.681507555516e+01 4.300000000000e+00 4.609692804908e+00 3.933197519942e+02 1.128613974078e+00 -8.917888371798e-01 8.933273965839e+01 -9.855418457650e-01 3.212943449818e+00 1.448772708219e-01 7.018756051560e+04
2.012531173657e+03 1.020000000000e+00 3.681507555516e+01 4.300000000000e+00 4.527716941892e+00 3.898409779434e+02 3.225825056518e+00 2.992154270554e-01 8.603117437312e+01 -3.815543421701e+00 5.577059283836e+00 8.214044579918e-01 6.882006287432e+04
2.012531287697e+03 1.020000000000e+00 3.681507555516e+01 4.300000000000e+00 4.475656873307e+00 3.862759194279e+02 5.464116923667e+00 1.268396840925e+00 8.228004584563e+01 -6.956091043268e+00 8.104027777442e+00 1.316743723617e+00 6.658260314637e+04
2.012531401737e+03 1.020000000000e+00 3.681507555516e+01 4.300000000000e+00 4.468252580304e+00 3.827392164662e+02 7.747283522377e+00 1.984929991935e+00 7.827516202661e+01 -1.032932902012e+01 1.074346158677e+01 1.624076502170e+00 6.343353455353e+04
2.012531515778e+03 1.020000000000e+00 3.681507555516e+01 4.300000000000e+00 4.476779220841e+00 3.792832619838e+02 9.993784202190e+00 2.481497751808e+00 7.381689342869e+01 -1.382130360354e+01 1.341283889296e+01 1.801306285428e+00 5.969044838787e+04
2.012531629818e+03 1.020000000000e+00 3.681507555516e+01 4.300000000000e+00 4.486806911298e+00 3.759750008771e+02 1.211212274447e+01 2.731744026442e+00 6.852158273163e+01 -1.729781835955e+01 1.605170507250e+01 1.864154580613e+00 5.526988737169e+04
2.012531743858e+03 1.020000000000e+00 3.681507555516e+01 4.300000000000e+00 4.494505364074e+00 3.729269593400e+02 1.400581479476e+01 2.789406957588e+00 6.278061309354e+01 -2.063229765245e+01 1.860940069256e+01 1.814024014872e+00 5.054326289484e+04
2.012531857898e+03 1.020000000000e+00 3.681507555516e+01 4.300000000000e+00 4.504511847086e+00 3.702176134248e+02 1.559529517384e+01 2.705992847927e+00 5.706323472898e+01 -2.372667407667e+01 2.097872817216e+01 1.604097334633e+00 4.583882010356e+04
2.012531971939e+03 1.020000000000e+00 3.681507555516e+01 4.300000000000e+00 4.524392931453e+00 3.678712696154e+02 1.682551400714e+01 2.487581224662e+00 5.179938686390e+01 -2.651097638059e+01 2.308177839019e+01 1.211588991842e+00 4.144193964050e+04
2.012532085979e+03 1.020000000000e+00 3.681507555516e+01 4.300000000000e+00 4.560386501978e+00 3.658760023997e+02 1.767192855622e+01 2.158869932052e+00 4.732954055861e+01 -2.895061529112e+01 2.489774697253e+01 6.538143053951e-01 3.758993980866e+04
2.012532200019e+03 1.020000000000e+00 3.681507555516e+01 4.300000000000e+00 4.618657107696e+00 3.642403883746e+02 1.818295397852e+01 1.864106068571e+00 4.388296019537e+01 -3.105285862506e+01 2.645913951496e+01 9.698587071834e-02 3.443159290686e+04
2.012532314059e+03 1.020000000000e+00 3.681507555516e+01 4.300000000000e+00 4.703898121533e+00 3.629515824175e+02 1.841161744729e+01 1.694979042262e+00 4.140360460448e+01 -3.283575820639e+01 2.777201555915e+01 -3.453015729357e-01 3.190817537348e+04
2.012532428100e+03 1.020000000000e+00 3.681507555516e+01 4.300000000000e+00 4.807200979168e+00 3.620716636504e+02 1.839371671766e+01 1.631291666571e+00 3.975915749455e+01 -3.433531298878e+01 2.886579193544e+01 -6.113616157932e-01 2.998531538843e+04
2.012532542140e+03 1.020000000000e+00 3.681507555516e+01 4.300000000000e+00 4.910669678896e+00 3.616399817782e+02 1.814811524217e+01 1.651665427448e+00 3.862251312529e+01 -3.558923900930e+01 2.983914167232e+01 -7.260361078167e-01 2.850241387124e+04
2.012532656180e+03 1.020000000000e+00 3.681507555516e+01 4.300000000000e+00 5.036598918386e+00 3.617452358317e+02 1.753258374770e+01 1.820799767688e+00 3.818327324388e+01 -3.662211505967e+01 3.066551044165e+01 -7.289649462351e-01 2.746967092681e+04
2.012532770220e+03 1.020000000000e+00 3.681507555516e+01 4.300000000000e+00 5.163021914870e+00 3.624776734152e+02 1.647024441798e+01 2.195823687586e+00 3.845651900774e+01 -3.743129569920e+01 3.140932159125e+01 -5.795363686765e-01 2.699007349068e+04
2.012532884261e+03 1.020000000000e+00 3.781507555516e+01 4.400000000000e+00 5.172339108699e+00 3.591512748832e+02 1.787855962699e+01 2.182765300711e+00 3.945304377992e+01 -3.629644912622e+01 3.061221774143e+01 -6.791301193301e-01 2.764483958341e+04
2.012532998301e+03 1.020000000000e+00 3.781507555516e+01 4.400000000000e+00 5.361986165387e+00 3.600837324907e+02 1.663449065745e+01 2.601428087621e+00 4.011228791583e+01 -3.714003887972e+01 3.136108046682e+01 -4.005871300466e-01 2.709623728314e+04
2.012533112341e+03 1.020000000000e+00 3.781507555516e+01 4.400000000000e+00 5.564517299887e+00 3.616889967583e+02 1.497925400856e+01 3.160077373174e+00 4.155292499488e+01 -3.777368883493e+01 3.201547945869e+01 1.694357378514e-02 2.702622158818e+04
2.012533226381e+03 1.020000000000e+00 3.781507555516e+01 4.400000000000e+00 5.778236969886e+00 3.636266007580e+02 1.303128391046e+01 3.844055293497e+00 4.345715242533e+01 -3.820740608712e+01 3.255919835355e+01 6.060096363757e-01 2.717952174160e+04
2.012533340422e+03 1.020000000000e+00 3.781507555516e+01 4.400000000000e+00 6.062678005426e+00 3.661329439553e+02 1.068660088176e+01 4.567156168895e+00 4.637255188978e+01 -3.846080271188e+01 3.285201699852e+01 1.296754893434e+00 2.762368998508e+04
2.012533454462e+03 1.020000000000e+00 3.781507555516e+01 4.400000000000e+00 6.360494194782e+00 3.689616329789e+02 8.186076365687e+00 5.261567907435e+00 4.978228596021e+01 -3.857173041600e+01 3.293204356693e+01 2.015499691357e+00 2.827259114232e+04
2.012533568502e+03 1.020000000000e+00 3.781507555516e+01 4.400000000000e+00 6.600503563988e+00 3.718115873404e+02 5.713664909108e+00 5.892864665797e+00 5.313307387629e+01 -3.858397124390e+01 3.284516152007e+01 2.688496889575e+00 2.910084948132e+04
2.012533682542e+03 1.020000000000e+00 3.781507555516e+01 4.400000000000e+00 6.741871757369e+00 3.745001543409e+02 3.372512629211e+00 6.425224563181e+00 5.614073769234e+01 -3.854287787532e+01 3.261530585623e+01 3.248320520225e+00 3.014122330555e+04
2.012533796583e+03 1.020000000000e+00 3.781507555516e+01 4.400000000000e+00 6.816924097729e+00 3.768810015940e+02 1.236626408353e+00 6.842921758617e+00 5.862259183897e+01 -3.849649534196e+01 3.222433302006e+01 3.658931633336e+00 3.117621738248e+04
2.012533910623e+03 1.020000000000e+00 3.781507555516e+01 4.400000000000e+00 6.794976734243e+00 3.788606123975e+02 -6.138303402314e-01 7.153782413844e+00 6.039285215404e+01 -3.847692224958e+01 3.169150150792e+01 3.922135160457e+00 3.224569516758e+04
2.012534024663e+03 1.020000000000e+00 3.781507555516e+01 4.400000000000e+00 6.686641674110e+00 3.804121031189e+02 -2.146163465140e+00 7.372489473137e+00 6.130624104269e+01 -3.850313261866e+01 3.110592201975e+01 4.061084633911e+00 3.325739750282e+04
2.012534138703e+03 1.020000000000e+00 3.781507555516e+01 4.400000000000e+00 6.525541844422e+00 3.815229593502e+02 -3.342172116610e+00 7.496722569570e+00 6.141493604507e+01 -3.857953575008e+01 3.050332613427e+01 4.046625330045e+00 3.412553779984e+04
2.012534252744e+03 1.020000000000e+00 3.781507555516e+01 4.400000000000e+00 6.348999619042e+00 3.821926839387e+02 -4.232458150162e+00 7.495570179093e+00 6.083306659653e+01 -3.869771363001e+01 2.987670328718e+01 3.858954742595e+00 3.472817955719e+04
2.012534366784e+03 1.020000000000e+00 3.781507555516e+01 4.400000000000e+00 6.150217125929e+00 3.824436312471e+02 -4.848206230588e+00 7.363520961391e+00 5.960788670056e+01 -3.884358727501e+01 2.933066478415e+01 3.532011594901e+00 3.509826398970e+04
2.012534480824e+03 1.020000000000e+00 3.781507555516e+01 4.400000000000e+00 5.938722647533e+00 3.822588037136e+02 -5.240511378378e+00 7.137117303821e+00 5.772980849626e+01 -3.900762724351e+01 2.890529305336e+01 3.074228348280e+00 3.516568863104e+04
2.012534594864e+03 1.020000000000e+00 3.781507555516e+01 4.400000000000e+00 5.720608981804e+00 3.816347881806e+02 -5.434890757106e+00 6.800455333588e+00 5.529120006764e+01 -3.917865803809e+01 2.857710878463e+01 2.472598129535e+00 3.492808825603e+04
2.012534708905e+03 1.020000000000e+00 3.781507555516e+01 4.400000000000e+00 5.519228240203e+00 3.807570488486e+02 -5.392169264739e+00 6.312425728953e+00 5.265533879765e+01 -3.937575942438e+01 2.834441389077e+01 1.753097653061e+00 3.443995285943e+04
2.012534822945e+03 1.020000000000e+00 3.781507555516e+01 4.400000000000e+00 5.315452362016e+00 3.792850975905e+02 -5.004388769983e+00 5.796763958304e+00 4.934692800440e+01 -3.956822392045e+01 2.824371773131e+01 1.058667724965e+00 3.347564418824e+04
2.012534936985e+03 1.020000000000e+00 3.781507555516e+01 4.400000000000e+00 5.091236660196e+00 3.770635787710e+02 -4.335117736149e+00 5.500474477949e+00 4.551763887324e+01 -3.948176292817e+01 2.826796808392e+01 6.596867210064e-01 3.223870607289e+04
2.012535051025e+03 1.020000000000e+00 3.781507555516e+01 4.400000000000e+00 5.331711024614e+00 3.857358376849e+02 -2.608562752269e+00 1.080726562293e+00 1.070446500660e+02 -4.012149930381e+01 3.153534190189e+01 -2.114338892454e+00 6.626219251208e+04
2.012535165066e+03 1.020000000000e+00 3.781507555516e+01 4.400000000000e+00 9.428695769593e+00 4.737033881213e+02 1.313261817193e+01 -2.636917636922e+01 1.075212759699e+03 -4.547155923952e+01 7.220068281567e+01 -1.553843807855e+01 3.937081134443e+05
2.012535279106e+03 1.020000000000e+00 3.781507555516e+01 4.400000000000e+00 1.570958920042e+01 5.457667943984e+02 2.534258499413e+01 -4.497835846429e+01 2.625559329268e+03 -4.947938124420e+01 1.174543468057e+02 -2.184974968093e+01 6.047349418023e+05
2.012535393146e+03 1.020000000000e+00 3.781507555516e+01 4.400000000000e+00 1.773990124358e+01 5.561594427397e+02 2.807878903018e+01 -4.602924110514e+01 2.961057782021e+03 -4.787109102092e+01 1.207280934478e+02 -1.747874390922e+01 6.046632425253e+05
2.012535507186e+03 1.020000000000e+00 3.781507555516e+01 4.400000000000e+00 1.802058292006e+01 5.533818610715e+02 2.564247567018e+01 -4.232353501577e+01 2.838198380112e+03 -4.246880044965e+01 1.084360436572e+02 -9.202503292366e+00 5.704045882413e+05
2.012535621227e+03 1.020000000000e+00 3.871507555516e+01 4.400000000000e+00 1.756818447779e+01 5.455774313325e+02 1.767152877270e+01 -3.694959849447e+01 2.629439901742e+03 -3.716586424085e+01 8.096384175278e+01 -3.817896368184e+00 5.420458941243e+05
2.012535735267e+03 1.020000000000e+00 3.871507555516e+01 4.400000000000e+00 1.720312647217e+01 5.397966941607e+02 1.363865021605e+00 -3.601919856021e+01 2.462194663759e+03 -3.249431977950e+01 4.193537782429e+01 -2.949005983066e+00 5.183182857399e+05
2.012535849307e+03 1.020000000000e+00 3.871507555516e+01 4.400000000000e+00 1.681580006580e+01 5.378448778692e+02 -1.527103307883e+01 -3.747113885292e+01 2.347995801514e+03 -3.038018275265e+01 1.854408362866e+00 -5.610981069456e+00 5.057003265253e+05
2.012535963347e+03 1.020000000000e+00 3.871507555516e+01 4.400000000000e+00 1.587661140250e+01 5.370434355628e+02 -2.926052010548e+01 -4.427909824297e+01 2.145980477453e+03 -2.990208835893e+01 -3.780461856845e+01 -2.463829701771e+01 4.895354049455e+05
2.012536077388e+03 1.020000000000e+00 3.871507555516e+01 4.400000000000e+00 1.327265753494e+01 5.353778032649e+02 -4.055947579513e+01 -5.035980563446e+01 1.740401944695e+03 -3.337975314372e+01 -7.290657471253e+01 -5.472225553921e+01 4.760849736761e+05
2.012536191428e+03 1.020000000000e+00 3.871507555516e+01 4.400000000000e+00 9.277142881672e+00 5.301186661695e+02 -4.626869555548e+01 -5.348822155359e+01 1.253387358730e+03 -4.356098175629e+01 -9.258618623351e+01 -8.430775588304e+01 4.917306884733e+05
2.012536305468e+03 1.020000000000e+00 3.871507555516e+01 4.400000000000e+00 5.822805763291e+00 5.217065667913e+02 -4.657764046254e+01 -5.385219464802e+01 8.374169785192e+02 -5.598306340609e+01 -9.761523799486e+01 -1.056542085225e+02 5.234499973690e+05
2.012536419508e+03 1.020000000000e+00 3.871507555516e+01 4.400000000000e+00 3.931543114837e+00 5.172998337087e+02 -4.420554454877e+01 -5.084373094270e+01 6.009774841136e+02 -6.862142110012e+01 -9.611490032844e+01 -1.174166160078e+02 5.536506912366e+05
2.012536533549e+03 1.020000000000e+00 3.871507555516e+01 4.400000000000e+00 3.175593138545e+00 5.152281067791e+02 -3.532727414398e+01 -4.239997457656e+01 4.721881406686e+02 -8.033670345200e+01 -9.192187722548e+01 -1.220451763274e+02 5.374498800652e+05
2.012536647589e+03 1.020000000000e+00 3.871507555516e+01 4.400000000000e+00 2.834139161356e+00 5.132584920352e+02 -2.002835425884e+01 -3.222769668245e+01 3.726488385736e+02 -9.046423627524e+01 -8.681953463959e+01 -1.251436723589e+02 4.754806994488e+05
2.012536761629e+03 1.020000000000e+00 3.871507555516e+01 4.400000000000e+00 2.710520640408e+00 5.133146237717e+02 -4.969412398918e+00 -2.152006208863e+01 2.953068357267e+02 -9.885046250826e+01 -8.340938221038e+01 -1.275489740295e+02 3.943047617853e+05
2.012536875669e+03 1.020000000000e+00 3.871507555516e+01 4.400000000000e+00 2.666487066241e+00 5.165005499475e+02 8.501700257979e+00 -1.040140896048e+01 2.305887538565e+02 -1.057119141244e+02 -8.455037604887e+01 -1.287376649630e+02 3.129694720431e+05
2.012536989709e+03 1.020000000000e+00 3.871507555516e+01 4.400000000000e+00 2.593338387975e+00 5.216662418472e+02 2.147256771480e+01 -2.680543941377e-01 1.636834132146e+02 -1.108358708061e+02 -9.238131288653e+01 -1.270986931470e+02 2.280827564193e+05
2.012537103750e+03 1.020000000000e+00 3.871507555516e+01 4.400000000000e+00 2.404719915153e+00 5.255319785814e+02 3.073502763453e+01 9.345124156262e+00 9.999508546753e+01 -1.144223840701e+02 -1.046463399194e+02 -1.218366210695e+02 1.496814244250e+05
2.012537217790e+03 1.020000000000e+00 3.871507555516e+01 4.400000000000e+00 2.095317837810e+00 5.271957642406e+02 3.763281300078e+01 1.631011255973e+01 5.410320800751e+01 -1.183144469523e+02 -1.171455877850e+02 -1.124529926882e+02 9.294129786940e+04
2.012537331830e+03 1.020000000000e+00 3.871507555516e+01 4.400000000000e+00 1.852860237506e+00 5.267006767046e+02 4.215716058453e+01 1.923878889773e+01 2.927087347865e+01 -1.232549300223e+02 -1.275259728344e+02 -1.014285081834e+02 5.712985421608e+04
2.012537445870e+03 1.020000000000e+00 3.871507555516e+01 4.400000000000e+00 1.714175137968e+00 5.229102903337e+02 4.317542153628e+01 1.946837858096e+01 1.890280041530e+01 -1.283788288726e+02 -1.350399546522e+02 -8.945212771103e+01 3.995681005954e+04
2.012537559911e+03 1.020000000000e+00 3.871507555516e+01 4.400000000000e+00 1.538774521241e+00 5.164663647271e+02 4.269009895317e+01 1.797800883754e+01 1.359736091455e+01 -1.331272218968e+02 -1.403468756927e+02 -7.732872825428e+01 3.203981614145e+04
2.012537673951e+03 1.020000000000e+00 3.871507555516e+01 4.400000000000e+00 1.332003271487e+00 5.100992663362e+02 4.188250456350e+01 1.594127773715e+01 9.968383302675e+00 -1.374858544773e+02 -1.445052657023e+02 -6.499270830400e+01 2.710706848155e+04
2.012537787991e+03 1.020000000000e+00 3.871507555516e+01 4.400000000000e+00 1.147673616118e+00 5.038341803741e+02 4.115604469357e+01 1.424083288050e+01 7.398010909689e+00 -1.415843656075e+02 -1.473535552525e+02 -5.213962710696e+01 2.332308652067e+04
2.012537902031e+03 1.020000000000e+00 3.871507555516e+01 4.400000000000e+00 1.022591866935e+00 4.973270765565e+02 4.070871360319e+01 1.211299229768e+01 5.944596974079e+00 -1.455570424527e+02 -1.486878461263e+02 -3.901125058562e+01 2.104029849609e+04
2.012538016072e+03 1.020000000000e+00 3.871507555516e+01 4.400000000000e+00 9.617602346641e-01 4.894638226318e+02 3.990687037166e+01 9.120264307449e+00 5.442016902106e+00 -1.495733913755e+02 -1.484986634883e+02 -2.568581964302e+01 2.048100930314e+04
2.012538130112e+03 1.020000000000e+00 3.871507555516e+01 4.400000000000e+00 9.261892378173e-01 4.813044884478e+02 3.797119705531e+01 5.636095613448e+00 5.267660695803e+00 -1.535126126655e+02 -1.475209882992e+02 -1.231527567123e+01 2.058508837423e+04
2.012538244152e+03 1.020000000000e+00 3.871507555516e+01 4.400000000000e+00 9.019738395341e-01 4.729289477148e+02 3.622075863147e+01 2.421100424544e+00 5.307814634120e+00 -1.570952916054e+02 -1.451898478261e+02 1.109190525378e+00 2.130518498472e+04
2.012538358192e+03 1.020000000000e+00 3.971507555516e+01 4.500000000000e+00 8.966691139320e-01 4.657030163905e+02 3.417677600308e+01 -1.262386809285e+00 6.786126675328e+00 -1.606518571047e+02 -1.471009047745e+02 1.888798022468e+01 2.719252657614e+04
2.012538472233e+03 1.020000000000e+00 3.971507555516e+01 4.500000000000e+00 8.857160078234e-01 4.582488520290e+02 3.241825797604e+01 -3.983402419052e+00 7.159088246621e+00 -1.630840331521e+02 -1.429626096950e+02 3.269057752512e+01 2.890015613982e+04
2.012538586273e+03 1.020000000000e+00 3.971507555516e+01 4.500000000000e+00 8.723637965656e-01 4.505517683443e+02 3.167127060331e+01 -6.226110124633e+00 7.216312478093e+00 -1.644873116142e+02 -1.373082241180e+02 4.623548017694e+01 2.945007711984e+04
2.012538700313e+03 1.020000000000e+00 3.971507555516e+01 4.500000000000e+00 8.531830331824e-01 4.435961313381e+02 3.106035743465e+01 -7.875760224622e+00 7.017841808461e+00 -1.647010098637e+02 -1.306301496052e+02 5.924140379868e+01 2.920716006749e+04
2.012538814353e+03 1.020000000000e+00 3.971507555516e+01 4.500000000000e+00 8.348848813516e-01 4.368560407639e+02 3.079911046912e+01 -9.127339130659e+00 6.753125597169e+00 -1.639309984844e+02 -1.229538445759e+02 7.141303338173e+01 2.868182634831e+04
2.012538928394e+03 1.020000000000e+00 3.971507555516e+01 4.500000000000e+00 8.207501566353e-01 4.302587794970e+02 3.106128458850e+01 -9.975527395597e+00 6.251242291081e+00 -1.624932721308e+02 -1.143795393798e+02 8.273487148228e+01 2.705059737474e+04
2.012539042434e+03 1.020000000000e+00 3.971507555516e+01 4.500000000000e+00 8.136463154183e-01 4.244138539578e+02 3.163808682787e+01 -1.020502847054e+01 5.541678247945e+00 -1.603940532679e+02 -1.051633059718e+02 9.315732342707e+01 2.425272499607e+04
2.012539156474e+03 1.020000000000e+00 3.971507555516e+01 4.500000000000e+00 8.061454910685e-01 4.194067900997e+02 3.236194574698e+01 -1.002773318673e+01 4.824766267105e+00 -1.578747077724e+02 -9.554730313038e+01 1.024655784930e+02 2.143721210250e+04
2.012539270514e+03 1.020000000000e+00 3.971507555516e+01 4.500000000000e+00 7.982142665657e-01 4.150530871048e+02 3.332361707252e+01 -9.664288665471e+00 4.136615445723e+00 -1.552073024547e+02 -8.567366831538e+01 1.105293020487e+02 1.868603674282e+04
2.012539384555e+03 1.020000000000e+00 3.971507555516e+01 4.500000000000e+00 7.913441495778e-01 4.113085778343e+02 3.440339950611e+01 -9.232141866916e+00 3.503378645187e+00 -1.520746149588e+02 -7.582561964939e+01 1.174058152996e+02 1.604347347971e+04
2.012539498595e+03 1.020000000000e+00 3.971507555516e+01 4.500000000000e+00 7.871020170660e-01 4.081809125588e+02 3.550275877396e+01 -8.719374447839e+00 2.900685585621e+00 -1.475860998135e+02 -6.631812827436e+01 1.232416692463e+02 1.339447451543e+04
2.012539612635e+03 1.020000000000e+00 3.971507555516e+01 4.500000000000e+00 7.870453091954e-01 4.057881720667e+02 3.668343019021e+01 -8.024490385422e+00 2.287965507866e+00 -1.422453777470e+02 -5.743683685045e+01 1.279887674358e+02 1.057395660184e+04
2.012539726675e+03 1.020000000000e+00 3.971507555516e+01 4.500000000000e+00 7.842865499091e-01 4.040463224064e+02 3.776211474001e+01 -7.469357312495e+00 1.702889949624e+00 -1.365382458172e+02 -4.934871223241e+01 1.317414654537e+02 7.883300761703e+03
2.012539840716e+03 1.020000000000e+00 3.971507555516e+01 4.500000000000e+00 7.780477548053e-01 4.029190637355e+02 3.862638554264e+01 -7.327070987722e+00 1.247269617643e+00 -1.307022884042e+02 -4.206364632986e+01 1.346591158884e+02 5.803598443690e+03
2.012539954756e+03 1.020000000000e+00 3.971507555516e+01 4.500000000000e+00 7.668577303445e-01 4.023507017322e+02 3.939370184799e+01 -7.581058540349e+00 9.698403026583e-01 -1.250099164833e+02 -3.551936922300e+01 1.368528162968e+02 4.574018350454e+03
2.012540068796e+03 1.020000000000e+00 3.971507555516e+01 4.500000000000e+00 7.508544462491e-01 4.020157935126e+02 4.017733718533e+01 -8.235954607177e+00 8.570262729902e-01 -1.197224242990e+02 -2.962912806204e+01 1.384373492239e+02 4.131093570578e+03
2.012540182836e+03 1.020000000000e+00 3.971507555516e+01 4.500000000000e+00 7.326044467690e-01 4.017298223804e+02 4.111888751789e+01 -9.217190445620e+00 8.183837536857e-01 -1.148743084774e+02 -2.422775729721e+01 1.394799564086e+02 4.045740607976e+03
2.012540296877e+03 1.020000000000e+00 3.971507555516e+01 4.500000000000e+00 7.130153163089e-01 4.016029064085e+02 4.254294020992e+01 -1.071874840680e+01 8.077369540137e-01 -1.104674715647e+02 -1.916584937867e+01 1.400559118047e+02 4.106853657519e+03
2.012540410917e+03 1.020000000000e+00 3.971507555516e+01 4.500000000000e+00 6.893786041758e-01 4.015721578907e+02 4.469396750091e+01 -1.275739322293e+01 7.999634015783e-01 -1.065269588210e+02 -1.434990430854e+01 1.402604233365e+02 4.214737833925e+03
2.012540524957e+03 1.020000000000e+00 3.971507555516e+01 4.500000000000e+00 6.626569524754e-01 4.015439993267e+02 4.748650912269e+01 -1.515919473231e+01 7.816726198953e-01 -1.030508796592e+02 -9.684091869636e+00 1.401380995394e+02 4.294796171666e+03
2.012540638997e+03 1.020000000000e+00 3.971507555516e+01 4.500000000000e+00 6.344756188783e-01 4.014291829266e+02 5.063463464598e+01 -1.785703120736e+01 7.573247516955e-01 -9.994293385068e+01 -5.064576121418e+00 1.396952401031e+02 4.352831681782e+03
2.012540753038e+03 1.020000000000e+00 3.971507555516e+01 4.500000000000e+00 6.078562199009e-01 4.012959999554e+02 5.367804872807e+01 -2.058476741551e+01 7.460264496861e-01 -9.710790926094e+01 -4.650285653119e-01 1.389539767077e+02 4.477008726148e+03
2.012540867078e+03 1.020000000000e+00 3.971507555516e+01 4.500000000000e+00 5.763823913241e-01 4.011969598631e+02 5.619390183946e+01 -2.320658518163e+01 7.767328857478e-01 -9.450606258536e+01 4.184257928301e+00 1.379351598400e+02 4.930542626250e+03
2.012540981118e+03 1.020000000000e+00 3.971507555516e+01 4.500000000000e+00 5.213666805471e-01 4.010746011365e+02 5.764254418560e+01 -2.567301563085e+01 9.582082868652e-01 -9.204479515146e+01 9.058363849464e+00 1.366101792940e+02 6.777449064908e+03
2.012541095158e+03 1.020000000000e+00 4.061507555516e+01 4.600000000000e+00 4.540103562947e-01 3.981979550829e+02 5.677574309336e+01 -2.695195222187e+01 1.337417884841e+00 -8.513390443900e+01 1.349103411929e+01 1.405527804226e+02 1.084280910154e+04
2.012541209199e+03 1.020000000000e+00 4.061507555516e+01 4.600000000000e+00 4.130440777238e-01 3.963553055419e+02 5.539160288921e+01 -2.721458529849e+01 2.027123773540e+00 -8.265112257658e+01 1.964643016424e+01 1.385345743427e+02 1.795883429208e+04
2.012541323239e+03 1.020000000000e+00 4.061507555516e+01 4.600000000000e+00 3.904626303089e-01 3.939909471202e+02 5.143693820479e+01 -2.660039246601e+01 2.826331138924e+00 -8.007107656187e+01 2.636861835219e+01 1.361475184146e+02 2.643915731960e+04
2.012541437279e+03 1.020000000000e+00 4.061507555516e+01 4.600000000000e+00 3.760636578372e-01 3.905341943202e+02 4.609513626635e+01 -2.509673091789e+01 3.526952179785e+00 -7.720348395278e+01 3.355118455176e+01 1.332884164080e+02 3.426476856769e+04
2.012541551319e+03 1.020000000000e+00 4.061507555516e+01 4.600000000000e+00 3.653259323426e-01 3.859035035215e+02 4.004580725786e+01 -2.314946462882e+01 4.002539732527e+00 -7.387671599897e+01 4.096664444750e+01 1.300057239156e+02 4.004861372574e+04
2.012541665360e+03 1.020000000000e+00 4.061507555516e+01 4.600000000000e+00 3.573997858305e-01 3.813026153059e+02 3.412010147524e+01 -2.041226039767e+01 4.198900838031e+00 -7.017036443179e+01 4.829831927920e+01 1.264122783410e+02 4.301832693475e+04
2.012541779400e+03 1.020000000000e+00 4.061507555516e+01 4.600000000000e+00 3.495870139052e-01 3.767203534977e+02 2.953037471896e+01 -1.710241802437e+01 4.188322523616e+00 -6.621295127701e+01 5.521566731592e+01 1.225093061396e+02 4.386181582167e+04
2.012541893440e+03 1.020000000000e+00 4.061507555516e+01 4.600000000000e+00 3.435055099396e-01 3.726986749940e+02 2.700847588459e+01 -1.416334011362e+01 4.025407057586e+00 -6.222416213343e+01 6.142055129885e+01 1.183963805338e+02 4.295254305643e+04
2.012542007480e+03 1.020000000000e+00 4.061507555516e+01 4.600000000000e+00 3.438248958044e-01 3.694933173646e+02 2.616079566403e+01 -1.191317355198e+01 3.779030241066e+00 -5.834169506730e+01 6.672287250273e+01 1.142381010872e+02 4.031535969745e+04
2.012542121521e+03 1.020000000000e+00 4.061507555516e+01 4.600000000000e+00 3.540465286956e-01 3.670550015250e+02 2.647935752613e+01 -1.035898582794e+01 3.536497016382e+00 -5.466390636937e+01 7.116181374518e+01 1.101378950769e+02 3.651136304943e+04
2.012542235561e+03 1.020000000000e+00 4.061507555516e+01 4.600000000000e+00 3.724939146931e-01 3.652095041320e+02 2.877824022217e+01 -9.091533824993e+00 3.357220522929e+00 -5.128342251664e+01 7.486258528647e+01 1.061363447744e+02 3.288674761691e+04
2.012542349601e+03 1.020000000000e+00 4.061507555516e+01 4.600000000000e+00 3.936414054974e-01 3.639852322127e+02 3.193593857154e+01 -7.680456755851e+00 3.233032276426e+00 -4.822480732448e+01 7.784420651717e+01 1.022626862028e+02 2.995850795013e+04
2.012542463641e+03 1.020000000000e+00 4.061507555516e+01 4.600000000000e+00 4.106169186729e-01 3.632949141587e+02 3.538719285200e+01 -6.272247696595e+00 3.136347723858e+00 -4.548201082044e+01 8.033488007855e+01 9.848413325841e+01 2.786475603658e+04
2.012542577682e+03 1.020000000000e+00 4.061507555516e+01 4.600000000000e+00 4.188260133139e-01 3.628964685920e+02 3.878357840456e+01 -5.091436414666e+00 3.048663394456e+00 -4.305353968024e+01 8.244785941380e+01 9.483663698215e+01 2.655790126775e+04
2.012542691722e+03 1.020000000000e+00 4.061507555516e+01 4.600000000000e+00 4.166368721341e-01 3.627032311841e+02 4.189534115990e+01 -4.326968100338e+00 2.974861950180e+00 -4.093380526872e+01 8.412089947681e+01 9.141426704606e+01 2.604354211343e+04
2.012542805762e+03 1.020000000000e+00 4.061507555516e+01 4.600000000000e+00 4.086260870814e-01 3.626259183465e+02 4.437519624638e+01 -3.983066812185e+00 2.920511048784e+00 -3.908025038071e+01 8.533388015758e+01 8.827999483208e+01 2.607499337389e+04
2.012542919802e+03 1.020000000000e+00 4.061507555516e+01 4.600000000000e+00 3.978183440519e-01 3.627259681348e+02 4.578330597459e+01 -4.195559587827e+00 2.943354018189e+00 -3.747248566721e+01 8.615596276372e+01 8.541674717175e+01 2.701325510213e+04
2.012543033843e+03 1.020000000000e+00 4.061507555516e+01 4.600000000000e+00 3.825528586887e-01 3.629583342564e+02 4.610260584421e+01 -5.238522622412e+00 3.450218401559e+00 -3.611114557495e+01 8.650083566086e+01 8.279820025260e+01 3.315783355247e+04
2.012543147883e+03 1.020000000000e+00 4.061507555516e+01 4.600000000000e+00 3.575661622826e-01 3.640005535592e+02 4.506074569236e+01 -8.751216294054e+00 5.596913508218e+00 -3.504953541983e+01 8.625699174478e+01 8.045218803726e+01 5.741849304335e+04
2.012543261923e+03 1.020000000000e+00 4.061507555516e+01 4.600000000000e+00 3.352055476739e-01 3.663422160038e+02 4.100718304982e+01 -1.413411811616e+01 9.228275537493e+00 -3.432282217006e+01 8.544339869539e+01 7.853562289338e+01 1.004475133858e+05
2.012543375963e+03 1.020000000000e+00 4.061507555516e+01 4.600000000000e+00 3.184454027896e-01 3.704051936487e+02 3.286672269707e+01 -2.046092141974e+01 1.349636407174e+01 -3.383284118271e+01 8.411262100355e+01 7.718605468880e+01 1.540314944921e+05
2.012543490004e+03 1.020000000000e+00 4.061507555516e+01 4.600000000000e+00 3.075643631664e-01 3.739041311066e+02 2.247399098797e+01 -2.521544399778e+01 1.788005893400e+01 -3.357312598358e+01 8.208106792135e+01 7.631864540098e+01 2.109426078943e+05
2.012543604044e+03 1.020000000000e+00 4.061507555516e+01 4.600000000000e+00 3.026597768720e-01 3.767886770365e+02 1.144873237394e+01 -2.639196067287e+01 2.208935952594e+01 -3.390184735024e+01 7.939860481652e+01 7.616176417197e+01 2.641660200292e+05
2.012543718084e+03 1.020000000000e+00 4.161507555516e+01 4.700000000000e+00 3.246428096331e-01 3.778361996113e+02 7.047900647413e+00 -2.685873224675e+01 2.712053942410e+01 -3.362692856289e+01 7.613059359611e+01 7.763274698785e+01 3.022648646534e+05
2.012543832124e+03 1.020000000000e+00 4.161507555516e+01 4.700000000000e+00 3.543391701915e-01 3.787364898589e+02 2.450713797871e+00 -2.508553883062e+01 3.060039563117e+01 -3.511313886264e+01 7.346170749399e+01 7.751256690735e+01 3.135119109488e+05
2.012543946165e+03 1.020000000000e+00 4.161507555516e+01 4.700000000000e+00 4.694079916352e-01 3.785155487288e+02 1.468045651948e+00 -2.116537165333e+01 3.382222102248e+01 -3.638858102720e+01 7.153824741420e+01 7.699081168988e+01 2.854327815223e+05
2.012544060205e+03 1.020000000000e+00 4.161507555516e+01 4.700000000000e+00 8.917998403303e-01 3.776223437329e+02 1.978595077937e+00 -1.724372614883e+01 3.666958565601e+01 -3.750039784818e+01 7.024510361418e+01 7.617647239093e+01 1.674180288573e+05
2.012544174245e+03 1.020000000000e+00 4.161507555516e+01 4.700000000000e+00 1.705832295042e+00 3.764960852698e+02 3.610527279545e+00 -1.436420969505e+01 3.904864879281e+01 -3.850895668816e+01 6.951629343280e+01 7.545643685226e+01 8.739285776725e+04
2.012544288285e+03 1.020000000000e+00 4.161507555516e+01 4.700000000000e+00 2.667081313674e+00 3.754131611738e+02 5.510115317456e+00 -1.197963421589e+01 4.087186768874e+01 -3.942710985928e+01 6.938642448370e+01 7.507931104310e+01 5.682558044781e+04
2.012544402326e+03 1.020000000000e+00 4.161507555516e+01 4.700000000000e+00 3.621908435117e+00 3.747458397010e+02 7.179353533989e+00 -1.020568730495e+01 4.241243122659e+01 -4.023587069056e+01 7.030645119910e+01 7.508108684603e+01 4.284578865646e+04
2.012544516366e+03 1.020000000000e+00 4.161507555516e+01 4.700000000000e+00 4.452929917654e+00 3.739528457920e+02 8.303809952115e+00 -9.365151749168e+00 4.399465518359e+01 -4.089783096482e+01 7.184828598210e+01 7.483483313868e+01 3.589943785906e+04
2.012544630406e+03 1.020000000000e+00 4.161507555516e+01 4.700000000000e+00 5.107082986350e+00 3.729721184975e+02 8.798593828425e+00 -9.020208420896e+00 4.650962364981e+01 -4.145173821269e+01 7.345059968223e+01 7.435952466734e+01 3.296689498800e+04
2.012544744446e+03 1.020000000000e+00 4.161507555516e+01 4.700000000000e+00 5.777181670758e+00 3.721109986329e+02 8.828328945772e+00 -9.008726816255e+00 5.330804890981e+01 -4.190852689718e+01 7.469488563871e+01 7.364020961662e+01 3.327424222141e+04
2.012544858487e+03 1.020000000000e+00 4.161507555516e+01 4.700000000000e+00 6.915095208459e+00 3.717959399510e+02 8.357863281481e+00 -9.941131817458e+00 6.894664759703e+01 -4.221338975632e+01 7.513636273484e+01 7.260265008562e+01 3.587784637172e+04
2.012544972527e+03 1.020000000000e+00 4.161507555516e+01 4.700000000000e+00 8.443391606305e+00 3.718644119381e+02 6.806096437043e+00 -1.228207603006e+01 9.246547566980e+01 -4.234821925917e+01 7.494751977298e+01 7.107724072932e+01 3.944112896285e+04
2.012545086567e+03 1.020000000000e+00 4.161507555516e+01 4.700000000000e+00 1.010199132882e+01 3.721371988225e+02 4.570880553582e+00 -1.538526703403e+01 1.205959154191e+02 -4.241350144666e+01 7.455852552567e+01 6.868381106941e+01 4.306115579302e+04
2.012545200607e+03 1.020000000000e+00 4.161507555516e+01 4.700000000000e+00 1.173003218151e+01 3.726190003398e+02 1.965090859759e+00 -1.864212737841e+01 1.506475423167e+02 -4.251608821882e+01 7.459523173686e+01 6.557874633854e+01 4.638461286013e+04
2.012545314648e+03 1.020000000000e+00 4.161507555516e+01 4.700000000000e+00 1.314844620478e+01 3.734116488282e+02 -1.215882133660e+00 -2.128512986680e+01 1.803436590546e+02 -4.270023544913e+01 7.598638878821e+01 6.126774016704e+01 4.957784477588e+04
2.012545428688e+03 1.020000000000e+00 4.161507555516e+01 4.700000000000e+00 1.397585931337e+01 3.745701308872e+02 -4.855556046777e+00 -2.309316307003e+01 2.078813401189e+02 -4.294418828829e+01 7.875714817549e+01 5.580997364972e+01 5.382684206594e+04
2.012545542728e+03 1.020000000000e+00 4.161507555516e+01 4.700000000000e+00 1.411446837089e+01 3.757158321539e+02 -8.583265334444e+00 -2.428901704616e+01 2.321904448262e+02 -4.319160687245e+01 8.211980287165e+01 4.989372401017e+01 5.956722946152e+04
2.012545656768e+03 1.020000000000e+00 4.161507555516e+01 4.700000000000e+00 1.397134839272e+01 3.765686867719e+02 -1.205891214705e+01 -2.496106697889e+01 2.537343446433e+02 -4.340778539180e+01 8.548992214923e+01 4.405569853230e+01 6.577272175418e+04
2.012545770809e+03 1.020000000000e+00 4.161507555516e+01 4.700000000000e+00 1.373844079661e+01 3.770648580400e+02 -1.506135529396e+01 -2.518432105955e+01 2.736090777989e+02 -4.356693383253e+01 8.850701778437e+01 3.867709968415e+01 7.212901111198e+04
2.012545884849e+03 1.020000000000e+00 4.161507555516e+01 4.700000000000e+00 1.349045345734e+01 3.773482022967e+02 -1.748870705621e+01 -2.511682324213e+01 2.922136274957e+02 -4.362511516052e+01 9.092449358177e+01 3.392857120186e+01 7.844950687277e+04
2.012545998889e+03 1.020000000000e+00 4.161507555516e+01 4.700000000000e+00 1.323950632115e+01 3.773405133004e+02 -1.941232040924e+01 -2.490405834822e+01 3.080173354527e+02 -4.353790822516e+01 9.263518856513e+01 2.985500967619e+01 8.425846367197e+04
2.012546112929e+03 1.020000000000e+00 4.161507555516e+01 4.700000000000e+00 1.299184285589e+01 3.772327323025e+02 -2.085953363330e+01 -2.447308693437e+01 3.199834622782e+02 -4.330587520682e+01 9.362115715511e+01 2.634259392085e+01 8.919807587217e+04
2.012546226970e+03 1.020000000000e+00 4.161507555516e+01 4.700000000000e+00 1.275102630782e+01 3.774071891397e+02 -2.173960686358e+01 -2.325999710691e+01 3.266665343327e+02 -4.292024016796e+01 9.377947269366e+01 2.308369236085e+01 9.277988582415e+04
2.012546341010e+03 1.020000000000e+00 4.161507555516e+01 4.700000000000e+00 1.244787585356e+01 3.784574748002e+02 -2.203032045186e+01 -2.129630704605e+01 3.298062049916e+02 -4.236268902016e+01 9.278147984742e+01 1.944921800779e+01 9.597630742677e+04
2.012546455050e+03 1.020000000000e+00 4.251507555516e+01 4.800000000000e+00 1.205937521170e+01 3.815553091750e+02 -2.151030252102e+01 -1.987876194300e+01 3.278691731943e+02 -4.142463412358e+01 9.067992123569e+01 1.629375316084e+01 9.857005489818e+04
2.012546569090e+03 1.020000000000e+00 4.251507555516e+01 4.800000000000e+00 1.078275589587e+01 3.915268114629e+02 -2.048082347402e+01 -1.686319561898e+01 3.022423181478e+02 -4.027691521153e+01 8.119942153808e+01 1.155160929615e+01 1.012520957082e+05
2.012546683131e+03 1.020000000000e+00 4.251507555516e+01 4.800000000000e+00 8.839963400058e+00 4.070954136890e+02 -1.617878589214e+01 -1.271377502583e+01 2.294342167791e+02 -3.835064191373e+01 6.393491105328e+01 7.249202146384e+00 9.297361268390e+04
2.012546797171e+03 1.020000000000e+00 4.251507555516e+01 4.800000000000e+00 6.979522450275e+00 4.235266913969e+02 -9.157145019191e+00 -8.141110609292e+00 1.453899877822e+02 -3.637746809371e+01 4.689507823251e+01 4.035212637567e+00 7.466390206789e+04
2.012546911211e+03 1.020000000000e+00 4.251507555516e+01 4.800000000000e+00 5.793677134507e+00 4.352962730140e+02 -3.520422223347e+00 -4.675314217588e+00 9.498943419505e+01 -3.505485388131e+01 3.627856647418e+01 1.993292744527e+00 5.922708867300e+04
2.012547025251e+03 1.020000000000e+00 4.251507555516e+01 4.800000000000e+00 5.312575472914e+00 4.401525952471e+02 -1.272638222066e+00 -3.144667212773e+00 7.834578137293e+01 -3.435636115801e+01 3.217273376203e+01 1.022458764541e+00 5.339544811814e+04
2.012547139292e+03 1.020000000000e+00 4.251507555516e+01 4.800000000000e+00 5.143686390998e+00 4.420450860062e+02 -4.097123444436e-01 -2.674386359462e+00 7.353627781665e+01 -3.401999035498e+01 3.087789462594e+01 6.252092018529e-01 5.177329976698e+04
2.012547253332e+03 1.020000000000e+00 4.251507555516e+01 4.800000000000e+00 5.073723992083e+00 4.431508580465e+02 5.395603944611e-03 -2.534066559051e+00 7.183236823405e+01 -3.419650066549e+01 3.042667274640e+01 4.175264985362e-01 5.127064875295e+04
2.012547367372e+03 1.020000000000e+00 4.251507555516e+01 4.800000000000e+00 5.078992204617e+00 4.440544985801e+02 1.950635575045e-01 -2.493756358589e+00 7.175036665202e+01 -3.453196556888e+01 3.022728845308e+01 2.464596943196e-01 5.115499780651e+04
2.012547481412e+03 1.020000000000e+00 4.251507555516e+01 4.800000000000e+00 5.163866021842e+00 4.449478131817e+02 3.906379070932e-01 -2.486060455350e+00 7.354861498478e+01 -3.475724189285e+01 3.021252600399e+01 7.281936700088e-02 5.157426812322e+04
2.012547595453e+03 1.020000000000e+00 4.251507555516e+01 4.800000000000e+00 5.263230372297e+00 4.457332202722e+02 4.969550689842e-01 -2.498179388559e+00 7.577495399431e+01 -3.489554361513e+01 3.043783450090e+01 -8.257732236317e-02 5.213320330501e+04
2.012547709493e+03 1.020000000000e+00 4.251507555516e+01 4.800000000000e+00 5.360297999787e+00 4.464979974426e+02 5.256611773056e-01 -2.533830171191e+00 7.797348642618e+01 -3.500466176025e+01 3.071252070004e+01 -2.069473041027e-01 5.267463046123e+04
2.012547823533e+03 1.020000000000e+00 4.251507555516e+01 4.800000000000e+00 5.463462210009e+00 4.473759564383e+02 5.242121361475e-01 -2.567578645218e+00 8.029151521689e+01 -3.508162773618e+01 3.092307889215e+01 -2.968499716662e-01 5.321587894596e+04
2.012547937573e+03 1.020000000000e+00 4.251507555516e+01 4.800000000000e+00 5.581530378095e+00 4.483903255118e+02 4.572309626743e-01 -2.590162461147e+00 8.294235978389e+01 -3.508944182992e+01 3.106770440776e+01 -3.559599284112e-01 5.380919845080e+04
2.012548051613e+03 1.020000000000e+00 4.251507555516e+01 4.800000000000e+00 5.714789148630e+00 4.495121394770e+02 3.348783247135e-01 -2.604110959085e+00 8.597686941471e+01 -3.500098597961e+01 3.117327430198e+01 -3.904100532690e-01 5.447652111136e+04
2.012548165654e+03 1.020000000000e+00 4.251507555516e+01 4.800000000000e+00 5.860562950334e+00 4.507166123551e+02 1.813376516090e-01 -2.618704136524e+00 8.935252728785e+01 -3.481229505315e+01 3.125629530888e+01 -4.033944908370e-01 5.520660138430e+04
2.012548279694e+03 1.020000000000e+00 4.251507555516e+01 4.800000000000e+00 6.014040217001e+00 4.520042169081e+02 7.064469714190e-03 -2.636143801166e+00 9.301996034846e+01 -3.453875598209e+01 3.132809242268e+01 -4.054232154525e-01 5.600504764896e+04
2.012548393734e+03 1.020000000000e+00 4.251507555516e+01 4.800000000000e+00 6.145545652511e+00 4.533952213066e+02 -1.818533807422e-01 -2.658514620024e+00 9.694483293265e+01 -3.420416281437e+01 3.140372605183e+01 -3.866811642987e-01 5.711819505791e+04
2.012548507774e+03 1.020000000000e+00 4.251507555516e+01 4.800000000000e+00 6.231020994726e+00 4.549054621848e+02 -3.922257176396e-01 -2.695560543269e+00 1.010879435730e+02 -3.382955577924e+01 3.149165808071e+01 -2.854092361903e-01 5.874246834295e+04
2.012548621815e+03 1.020000000000e+00 4.251507555516e+01 4.800000000000e+00 6.301941701337e+00 4.565188117412e+02 -6.501867159486e-01 -2.735514253817e+00 1.053629905012e+02 -3.342562204424e+01 3.157579834138e+01 -8.788335629827e-02 6.053789361049e+04
2.012548735855e+03 1.020000000000e+00 4.251507555516e+01 4.800000000000e+00 6.372028858617e+00 4.581855350888e+02 -9.894750571612e-01 -2.804042606068e+00 1.095963768980e+02 -3.299401756671e+01 3.160513752542e+01 1.560151020661e-01 6.227840187727e+04
2.012548849895e+03 1.020000000000e+00 4.251507555516e+01 4.800000000000e+00 6.436522512263e+00 4.598389048072e+02 -1.420718552463e+00 -2.895631635288e+00 1.135124780775e+02 -3.253871963404e+01 3.151174969485e+01 4.339748873845e-01 6.385888317475e+04
2.012548963935e+03 1.020000000000e+00 4.251507555516e+01 4.800000000000e+00 6.482074704013e+00 4.614067909071e+02 -1.916594354033e+00 -2.990621767382e+00 1.167600699633e+02 -3.206860780085e+01 3.127883222078e+01 7.405510153527e-01 6.522646806663e+04
2.012549077976e+03 1.020000000000e+00 4.251507555516e+01 4.800000000000e+00 6.486973937972e+00 4.628393366824e+02 -2.440590283493e+00 -3.070395233909e+00 1.189159636966e+02 -3.159376785872e+01 3.098552199306e+01 1.058873509818e+00 6.638302054908e+04
2.012549192016e+03 1.020000000000e+00 4.351507555516e+01 4.900000000000e+00 6.441900632471e+00 4.639877816170e+02 -2.770633127720e+00 -3.145104311794e+00 1.196974480986e+02 -3.126976560775e+01 3.055322095186e+01 1.361226817610e+00 6.728921035524e+04
2.012549306056e+03 1.020000000000e+00 4.351507555516e+01 4.900000000000e+00 6.336176281146e+00 4.651476219950e+02 -3.258345379551e+00 -3.158098292762e+00 1.193443281264e+02 -3.080659631628e+01 3.005020393404e+01 1.630021669505e+00 6.821091321182e+04
2.012549420096e+03 1.020000000000e+00 4.351507555516e+01 4.900000000000e+00 6.210941403922e+00 4.661770239578e+02 -3.620276641603e+00 -3.147577120839e+00 1.178470787366e+02 -3.033989351321e+01 2.952286583875e+01 1.830670281934e+00 6.871363339595e+04
2.012549534137e+03 1.020000000000e+00 4.351507555516e+01 4.900000000000e+00 6.069617664085e+00 4.671199074125e+02 -3.838897326066e+00 -3.108236156312e+00 1.154837952076e+02 -2.986107191818e+01 2.900059912884e+01 1.953623245302e+00 6.890418778087e+04
2.012549648177e+03 1.020000000000e+00 4.351507555516e+01 4.900000000000e+00 5.897002507060e+00 4.680170160867e+02 -3.930926933385e+00 -3.008579776608e+00 1.124557441113e+02 -2.936782279945e+01 2.848410323478e+01 2.023636321750e+00 6.906179363614e+04
2.012549762217e+03 1.020000000000e+00 4.351507555516e+01 4.900000000000e+00 5.716661546226e+00 4.688989089280e+02 -3.949668236819e+00 -2.875804461689e+00 1.091514985910e+02 -2.887428682852e+01 2.796798072957e+01 2.039368661716e+00 6.914708602637e+04
2.012549876257e+03 1.020000000000e+00 4.351507555516e+01 4.900000000000e+00 5.543160471293e+00 4.697698694995e+02 -3.939641177463e+00 -2.728969168334e+00 1.058005901087e+02 -2.840984853996e+01 2.745252724477e+01 2.023222177213e+00 6.912188395679e+04
2.012549990298e+03 1.020000000000e+00 4.351507555516e+01 4.900000000000e+00 5.384257181209e+00 4.706254478745e+02 -3.898343134233e+00 -2.584021568826e+00 1.024736355406e+02 -2.800640189573e+01 2.694064166660e+01 1.962214468716e+00 6.892397699499e+04
2.012550104338e+03 1.020000000000e+00 4.351507555516e+01 4.900000000000e+00 5.243063712433e+00 4.714640708853e+02 -3.814552114998e+00 -2.432570769173e+00 9.927717475528e+01 -2.768465132510e+01 2.643135561644e+01 1.825687558432e+00 6.857215752144e+04
2.012550218378e+03 1.020000000000e+00 4.351507555516e+01 4.900000000000e+00 5.119153782969e+00 4.722835859680e+02 -3.731485256379e+00 -2.270686358666e+00 9.623387324240e+01 -2.744922963109e+01 2.592365574371e+01 1.670063497162e+00 6.807903267851e+04
2.012550332418e+03 1.020000000000e+00 4.351507555516e+01 4.900000000000e+00 5.009420669546e+00 4.730773090202e+02 -3.653631871291e+00 -2.105309875914e+00 9.340193672480e+01 -2.729134620304e+01 2.541410461811e+01 1.515506251424e+00 6.752313104979e+04
2.012550446459e+03 1.020000000000e+00 4.351507555516e+01 4.900000000000e+00 4.909640748197e+00 4.738337840479e+02 -3.565038705674e+00 -1.944078220496e+00 9.083120825223e+01 -2.719296919162e+01 2.489579476873e+01 1.365232270464e+00 6.699922805791e+04
2.012550560499e+03 1.020000000000e+00 4.351507555516e+01 4.900000000000e+00 4.825089852505e+00 4.745403178165e+02 -3.446768031451e+00 -1.790722886869e+00 8.859043640113e+01 -2.713333522546e+01 2.435941864421e+01 1.220117753142e+00 6.649158068452e+04
2.012550674539e+03 1.020000000000e+00 4.351507555516e+01 4.900000000000e+00 4.760148486645e+00 4.752011030274e+02 -3.321043988713e+00 -1.647277850247e+00 8.654659303446e+01 -2.709405992291e+01 2.382609080334e+01 1.084033051971e+00 6.584385878932e+04
2.012550788579e+03 1.020000000000e+00 4.351507555516e+01 4.900000000000e+00 4.703758525291e+00 4.758233105755e+02 -3.198374502474e+00 -1.512785923532e+00 8.465272169601e+01 -2.706289145204e+01 2.330661781008e+01 9.601470835062e-01 6.517493801377e+04
2.012550902620e+03 1.020000000000e+00 4.351507555516e+01 4.900000000000e+00 4.648413313645e+00 4.764080016079e+02 -3.069668544769e+00 -1.386258819130e+00 8.293678681301e+01 -2.703304425824e+01 2.279671706810e+01 8.507105871944e-01 6.461392734759e+04
2.012551016660e+03 1.020000000000e+00 4.351507555516e+01 4.900000000000e+00 4.595820163997e+00 4.769535846742e+02 -2.927442642190e+00 -1.268141588374e+00 8.141754844547e+01 -2.700189407243e+01 2.229472064249e+01 7.585459000966e-01 6.415608345037e+04
2.012551130700e+03 1.020000000000e+00 4.351507555516e+01 4.900000000000e+00 4.548382755036e+00 4.774566938061e+02 -2.771631899166e+00 -1.158333860380e+00 8.008798256160e+01 -2.696990458277e+01 2.180527017355e+01 6.864881503186e-01 6.376648537965e+04
2.012551244740e+03 1.020000000000e+00 4.351507555516e+01 4.900000000000e+00 4.506653645997e+00 4.779097680824e+02 -2.609150527931e+00 -1.055414497294e+00 7.892919928632e+01 -2.693892932942e+01 2.133690070307e+01 6.365570414945e-01 6.342565646585e+04
2.012551358781e+03 1.020000000000e+00 4.351507555516e+01 4.900000000000e+00 4.470011949494e+00 4.783018886463e+02 -2.450814999061e+00 -9.565442360251e-01 7.791845395348e+01 -2.691105290576e+01 2.089756572476e+01 6.089644063417e-01 6.312664826804e+04
2.012551472821e+03 1.020000000000e+00 4.351507555516e+01 4.900000000000e+00 4.437235257741e+00 4.786239509781e+02 -2.308148755541e+00 -8.578779204018e-01 7.702257093235e+01 -2.688733150558e+01 2.049160816737e+01 5.994833474999e-01 6.286169500503e+04
2.012551586861e+03 1.020000000000e+00 4.351507555516e+01 4.900000000000e+00 4.408721705580e+00 4.788590238447e+02 -2.200949518484e+00 -7.561421789739e-01 7.624801894868e+01 -2.686826405694e+01 2.013066912645e+01 5.982428051364e-01 6.263164514261e+04
2.012551700901e+03 1.020000000000e+00 4.351507555516e+01 4.900000000000e+00 4.392330421032e+00 4.789723662476e+02 -2.161362874357e+00 -6.525401060953e-01 7.578905419502e+01 -2.685432872364e+01 1.985201359620e+01 6.074587036575e-01 6.248689239267e+04
2.012551814942e+03 1.020000000000e+00 4.351507555516e+01 4.900000000000e+00 4.380095112952e+00 4.790321054785e+02 -2.150822572828e+00 -5.510917970537e-01 7.543289128076e+01 -2.684484186016e+01 1.961159293374e+01 6.324344211518e-01 6.236707241531e+04
2.012551928982e+03 1.020000000000e+00 4.441507555516e+01 5.000000000000e+00 4.377566339757e+00 4.789884898074e+02 -2.076274859278e+00 -4.780236050655e-01 7.531138432096e+01 -2.696759884877e+01 1.945552913595e+01 6.255737913627e-01 6.230236616678e+04
2.012552043022e+03 1.020000000000e+00 4.441507555516e+01 5.000000000000e+00 4.365962885928e+00 4.789497635766e+02 -2.097662610662e+00 -3.893783165216e-01 7.498388790998e+01 -2.695427533647e+01 1.924733599750e+01 6.472882290100e-01 6.219627838690e+04
2.012552157062e+03 1.020000000000e+00 4.441507555516e+01 5.000000000000e+00 4.356412855425e+00 4.788390310213e+02 -2.160463499115e+00 -3.154247985713e-01 7.470419802517e+01 -2.694486825573e+01 1.909490561974e+01 6.526764664789e-01 6.210007085585e+04
2.012552271103e+03 1.020000000000e+00 4.441507555516e+01 5.000000000000e+00 4.349045586651e+00 4.786982605749e+02 -2.237977418194e+00 -2.607608404382e-01 7.447563381610e+01 -2.693610258850e+01 1.900208183292e+01 6.485401413989e-01 6.201494708860e+04
2.012552385143e+03 1.020000000000e+00 4.441507555516e+01 5.000000000000e+00 4.342448329200e+00 4.785281379355e+02 -2.316536710230e+00 -2.286086296656e-01 7.426034336529e+01 -2.692216695688e+01 1.892091263641e+01 6.362312662080e-01 6.192964204740e+04
2.012552499183e+03 1.020000000000e+00 4.441507555516e+01 5.000000000000e+00 4.335544197587e+00 4.783243505865e+02 -2.393168271335e+00 -2.128073620268e-01 7.403265316227e+01 -2.689869742605e+01 1.883964201180e+01 6.092405311123e-01 6.183808475989e+04
2.012552613223e+03 1.020000000000e+00 4.441507555516e+01 5.000000000000e+00 4.327793666597e+00 4.780855185046e+02 -2.471974322333e+00 -2.111755122161e-01 7.378239434135e+01 -2.686178180996e+01 1.875706116666e+01 5.618706367414e-01 6.173942305660e+04
2.012552727264e+03 1.020000000000e+00 4.441507555516e+01 5.000000000000e+00 4.318851214786e+00 4.778114385430e+02 -2.561060973382e+00 -2.221532494356e-01 7.350111970964e+01 -2.680880051892e+01 1.866984762590e+01 4.985012174214e-01 6.163142933805e+04
2.012552841304e+03 1.020000000000e+00 4.441507555516e+01 5.000000000000e+00 4.308285339950e+00 4.775040899997e+02 -2.668033159257e+00 -2.441129702938e-01 7.317671003200e+01 -2.673805818161e+01 1.857379634552e+01 4.262378458295e-01 6.150993547734e+04
2.012552955344e+03 1.020000000000e+00 4.441507555516e+01 5.000000000000e+00 4.295443885435e+00 4.771681833175e+02 -2.799887482385e+00 -2.705374594236e-01 7.279341008099e+01 -2.664816434719e+01 1.846675352463e+01 3.503609408613e-01 6.137074382113e+04
2.012553069384e+03 1.020000000000e+00 4.441507555516e+01 5.000000000000e+00 4.279531524777e+00 4.768098515502e+02 -2.961887891600e+00 -2.950966624974e-01 7.233221937614e+01 -2.653901528942e+01 1.834835825987e+01 2.738463634174e-01 6.120876903958e+04
2.012553183425e+03 1.020000000000e+00 4.441507555516e+01 5.000000000000e+00 4.259876302128e+00 4.764341049421e+02 -3.156523099859e+00 -3.147588934140e-01 7.177685336472e+01 -2.641250291769e+01 1.821969891584e+01 1.979197832172e-01 6.101917415679e+04
2.012553297465e+03 1.020000000000e+00 4.441507555516e+01 5.000000000000e+00 4.235994218062e+00 4.760429332275e+02 -3.383421702631e+00 -3.280143434480e-01 7.111519640127e+01 -2.627198555350e+01 1.808297998121e+01 1.232324866939e-01 6.079764691416e+04
2.012553411505e+03 1.020000000000e+00 4.441507555516e+01 5.000000000000e+00 4.207649964465e+00 4.756368144632e+02 -3.639381483472e+00 -3.330787774171e-01 7.034075168092e+01 -2.612089236264e+01 1.794150218881e+01 5.052383806513e-02 6.054073272704e+04
2.012553525545e+03 1.020000000000e+00 4.441507555516e+01 5.000000000000e+00 4.175257917891e+00 4.752179799458e+02 -3.917416247331e+00 -3.310662962060e-01 6.946178682709e+01 -2.596272928246e+01 1.780040375219e+01 -1.961446913921e-02 6.024810413763e+04
2.012553639586e+03 1.020000000000e+00 4.441507555516e+01 5.000000000000e+00 4.138837640261e+00 4.747784410209e+02 -4.212010437220e+00 -3.243763715871e-01 6.847610595668e+01 -2.580082855825e+01 1.765872731573e+01 -8.647343892952e-02 5.991581766098e+04
2.012553753626e+03 1.020000000000e+00 4.441507555516e+01 5.000000000000e+00 4.099473672006e+00 4.743173269084e+02 -4.513853745855e+00 -3.137431114652e-01 6.740806280024e+01 -2.563777548165e+01 1.751952885223e+01 -1.501125380007e-01 5.954759987146e+04
2.012553867666e+03 1.020000000000e+00 4.441507555516e+01 5.000000000000e+00 4.058026194709e+00 4.738286654720e+02 -4.815804793844e+00 -3.028629200984e-01 6.627644701597e+01 -2.547511888711e+01 1.738213399808e+01 -2.116396704201e-01 5.914586474417e+04
2.012553981706e+03 1.020000000000e+00 4.441507555516e+01 5.000000000000e+00 4.015268099594e+00 4.733051753111e+02 -5.112359796193e+00 -2.936043532286e-01 6.509842066669e+01 -2.531277516027e+01 1.724454980017e+01 -2.717422005524e-01 5.871313667549e+04
2.012554095747e+03 1.020000000000e+00 4.441507555516e+01 5.000000000000e+00 3.971773198737e+00 4.727386613324e+02 -5.400873731931e+00 -2.858859340971e-01 6.388725130925e+01 -2.514917077588e+01 1.710285199321e+01 -3.294234810441e-01 5.825168227428e+04
2.012554209787e+03 1.020000000000e+00 4.441507555516e+01 5.000000000000e+00 3.927987879411e+00 4.721232350437e+02 -5.682685488485e+00 -2.780945048440e-01 6.265446750373e+01 -2.498093708519e+01 1.695013271494e+01 -3.819815260574e-01 5.776436219035e+04
2.012554323827e+03 1.020000000000e+00 4.441507555516e+01 5.000000000000e+00 3.884350394882e+00 4.714610579799e+02 -5.965407457906e+00 -2.672923125338e-01 6.141366513823e+01 -2.480108127546e+01 1.677796415054e+01 -4.256288286091e-01 5.725640644717e+04
2.012554437867e+03 1.020000000000e+00 4.441507555516e+01 5.000000000000e+00 3.841308378959e+00 4.707648005305e+02 -6.264117273931e+00 -2.523323752177e-01 6.018201483261e+01 -2.459878712143e+01 1.658209456676e+01 -4.566655659955e-01 5.673673743411e+04
2.012554551908e+03 1.020000000000e+00 4.441507555516e+01 5.000000000000e+00 3.799707060632e+00 4.700520920241e+02 -6.594014800867e+00 -2.354252753361e-01 5.898915282264e+01 -2.436376467564e+01 1.636926357267e+01 -4.733765377384e-01 5.622092552436e+04
2.012554665948e+03 1.020000000000e+00 4.541507555516e+01 5.100000000000e+00 3.821892753823e+00 4.699972512231e+02 -6.515568840482e+00 -2.453638278027e-01 5.944657699401e+01 -2.443035912525e+01 1.653414552300e+01 -4.741218808277e-01 5.632461244235e+04
2.012554779988e+03 1.020000000000e+00 4.541507555516e+01 5.100000000000e+00 3.790159541269e+00 4.693376296992e+02 -6.820894929606e+00 -2.365015896521e-01 5.848962495243e+01 -2.417439947704e+01 1.637196520761e+01 -4.835128038867e-01 5.588190174957e+04
2.012554894028e+03 1.020000000000e+00 4.541507555516e+01 5.100000000000e+00 3.765972374549e+00 4.687318361277e+02 -7.064002371318e+00 -2.421679696753e-01 5.772665131721e+01 -2.392202075877e+01 1.625840138195e+01 -4.968861114211e-01 5.550748026169e+04
2.012555008069e+03 1.020000000000e+00 4.541507555516e+01 5.100000000000e+00 3.749879657030e+00 4.682405253009e+02 -7.166719000015e+00 -2.849111865139e-01 5.716899519198e+01 -2.370478094989e+01 1.619388205627e+01 -5.106545322692e-01 5.520750966751e+04
2.012555122109e+03 1.020000000000e+00 4.541507555516e+01 5.100000000000e+00 3.751856094762e+00 4.679881224411e+02 -7.130175697054e+00 -3.656235543236e-01 5.703157731718e+01 -2.354792052496e+01 1.625375885776e+01 -5.269691449181e-01 5.504620701376e+04
2.012555236149e+03 1.020000000000e+00 4.541507555516e+01 5.100000000000e+00 3.782606607407e+00 4.680162365532e+02 -6.969101640639e+00 -4.720758362987e-01 5.753966349173e+01 -2.346570689129e+01 1.653027345013e+01 -5.484064320167e-01 5.508514773104e+04
2.012555350189e+03 1.020000000000e+00 4.541507555516e+01 5.100000000000e+00 3.827783334283e+00 4.681402657453e+02 -6.644801023623e+00 -5.875428200789e-01 5.836198778710e+01 -2.346235519076e+01 1.694127655116e+01 -5.676071519097e-01 5.521300409650e+04
2.012555464230e+03 1.020000000000e+00 4.541507555516e+01 5.100000000000e+00 3.878041628945e+00 4.682759920286e+02 -6.246370710127e+00 -6.976409604007e-01 5.929849241824e+01 -2.353267208239e+01 1.740602884942e+01 -5.776477125244e-01 5.537219464995e+04
2.012555578270e+03 1.020000000000e+00 4.541507555516e+01 5.100000000000e+00 3.925617399348e+00 4.683965125502e+02 -5.831347966929e+00 -7.890633431691e-01 6.017004465484e+01 -2.365854490506e+01 1.788300814914e+01 -5.783962681946e-01 5.550549272119e+04
2.012555692310e+03 1.020000000000e+00 4.541507555516e+01 5.100000000000e+00 3.965597544889e+00 4.684753107709e+02 -5.438885600680e+00 -8.501289225998e-01 6.085513859534e+01 -2.381195146566e+01 1.832717142602e+01 -5.730624544306e-01 5.557187415258e+04
2.012555806350e+03 1.020000000000e+00 4.541507555516e+01 5.100000000000e+00 3.996225365210e+00 4.684071996589e+02 -5.091087901625e+00 -8.842620556573e-01 6.131245400194e+01 -2.396326910681e+01 1.870908051375e+01 -5.582415807240e-01 5.556045480028e+04
2.012555920391e+03 1.020000000000e+00 4.541507555516e+01 5.100000000000e+00 4.020144119103e+00 4.681724556521e+02 -4.796501771272e+00 -9.063428586657e-01 6.160570246839e+01 -2.409396356177e+01 1.902708347728e+01 -5.381317998352e-01 5.549394380425e+04
2.012556034431e+03 1.020000000000e+00 4.541507555516e+01 5.100000000000e+00 4.040515499769e+00 4.678401610454e+02 -4.554566660263e+00 -9.167796661082e-01 6.180647408979e+01 -2.419623009162e+01 1.928678171313e+01 -5.132978902424e-01 5.539396702823e+04
2.012556148471e+03 1.020000000000e+00 4.541507555516e+01 5.100000000000e+00 4.058881549475e+00 4.674321607666e+02 -4.359439205594e+00 -9.206202599664e-01 6.195370145973e+01 -2.426941589964e+01 1.948914225673e+01 -4.847651745179e-01 5.527455955751e+04
2.012556262511e+03 1.020000000000e+00 4.541507555516e+01 5.100000000000e+00 4.076125731747e+00 4.669569975775e+02 -4.201000164980e+00 -9.251221102304e-01 6.207436232313e+01 -2.431776054261e+01 1.963596036283e+01 -4.551791731887e-01 5.514786315105e+04
2.012556376552e+03 1.020000000000e+00 4.541507555516e+01 5.100000000000e+00 4.092848428219e+00 4.664212459671e+02 -4.062038706414e+00 -9.345651285904e-01 6.218335092810e+01 -2.434728481139e+01 1.973589585515e+01 -4.247733671272e-01 5.501893294132e+04
2.012556490592e+03 1.020000000000e+00 4.541507555516e+01 5.100000000000e+00 4.109957018987e+00 4.658379816087e+02 -3.926279968921e+00 -9.514737933489e-01 6.230080594695e+01 -2.436313167540e+01 1.980121861688e+01 -3.938049688040e-01 5.489328970798e+04
2.012556604632e+03 1.020000000000e+00 4.541507555516e+01 5.100000000000e+00 4.129137690913e+00 4.652319142488e+02 -3.784540033818e+00 -9.773626996979e-01 6.246579432665e+01 -2.436836546957e+01 1.984544943459e+01 -3.631977552781e-01 5.478273812059e+04
2.012556718672e+03 1.020000000000e+00 4.541507555516e+01 5.100000000000e+00 4.152321177404e+00 4.646335996054e+02 -3.630948543533e+00 -1.014867479475e+00 6.272369625730e+01 -2.436456228791e+01 1.988431206289e+01 -3.357006845494e-01 5.470136939293e+04
2.012556832713e+03 1.020000000000e+00 4.541507555516e+01 5.100000000000e+00 4.180680342002e+00 4.640659369789e+02 -3.463833237755e+00 -1.067174908439e+00 6.310363674922e+01 -2.435298829601e+01 1.992765905841e+01 -3.127392205357e-01 5.465905664182e+04
2.012556946753e+03 1.020000000000e+00 4.541507555516e+01 5.100000000000e+00 4.211896329742e+00 4.635208018261e+02 -3.270909501256e+00 -1.127900181478e+00 6.355485780411e+01 -2.433702179695e+01 1.998673157094e+01 -2.864000716489e-01 5.464178485118e+04
2.012557060793e+03 1.020000000000e+00 4.541507555516e+01 5.100000000000e+00 4.242151377511e+00 4.629649018039e+02 -3.063449402120e+00 -1.187559053840e+00 6.398702308958e+01 -2.432300552230e+01 2.005275858204e+01 -2.501217313842e-01 5.462119182723e+04
2.012557174833e+03 1.020000000000e+00 4.541507555516e+01 5.100000000000e+00 4.268735216518e+00 4.623599159384e+02 -2.890041079118e+00 -1.238106648721e+00 6.432994230969e+01 -2.431664460383e+01 2.008956356625e+01 -2.028912716897e-01 5.457223606301e+04
2.012557288874e+03 1.020000000000e+00 4.541507555516e+01 5.100000000000e+00 4.291134470294e+00 4.616827772875e+02 -2.799569232693e+00 -1.271270752354e+00 6.455991184610e+01 -2.432003504626e+01 2.004482506727e+01 -1.446200327094e-01 5.448164234867e+04
2.012557402914e+03 1.020000000000e+00 4.631507555516e+01 5.200000000000e+00 4.316234871106e+00 4.619356527237e+02 -2.807251624684e+00 -1.257324244110e+00 6.530894325843e+01 -2.451671817138e+01 1.974122407057e+01 -7.244692759318e-02 5.479568934437e+04
2.012557516954e+03 1.020000000000e+00 4.631507555516e+01 5.200000000000e+00 4.324363791285e+00 4.610984636649e+02 -2.822368118205e+00 -1.253739520535e+00 6.514226045765e+01 -2.454941668111e+01 1.947812557372e+01 1.621436391861e-02 5.455362970699e+04
2.012557630994e+03 1.020000000000e+00 4.631507555516e+01 5.200000000000e+00 4.311936349898e+00 4.600422916726e+02 -2.896098689271e+00 -1.232132160587e+00 6.448931812621e+01 -2.460333111792e+01 1.911234486357e+01 1.171363788648e-01 5.416320924311e+04
2.012557745035e+03 1.020000000000e+00 4.631507555516e+01 5.200000000000e+00 4.283599499570e+00 4.588261004989e+02 -2.987008418071e+00 -1.197730259489e+00 6.348795659218e+01 -2.467296410568e+01 1.863084895958e+01 2.149599525300e-01 5.367567864599e+04
2.012557859075e+03 1.020000000000e+00 4.631507555516e+01 5.200000000000e+00 4.242093812608e+00 4.575045081338e+02 -3.041292430391e+00 -1.163725540348e+00 6.223295423975e+01 -2.475008710183e+01 1.810209611211e+01 2.985373084614e-01 5.313021350373e+04
2.012557973115e+03 1.020000000000e+00 4.631507555516e+01 5.200000000000e+00 4.186994965574e+00 4.561050821037e+02 -3.055948476660e+00 -1.137676291960e+00 6.075281740997e+01 -2.483189682707e+01 1.759546905012e+01 3.602592061761e-01 5.254975953825e+04
2.012558087155e+03 1.020000000000e+00 4.631507555516e+01 5.200000000000e+00 4.117691940211e+00 4.546319795431e+02 -3.041500468039e+00 -1.123198646959e+00 5.906020575778e+01 -2.492382308610e+01 1.718900494012e+01 3.953846511183e-01 5.194597094968e+04
2.012558201196e+03 1.020000000000e+00 4.631507555516e+01 5.200000000000e+00 4.038597854047e+00 4.530977157869e+02 -2.958345113545e+00 -1.117841772431e+00 5.725783234730e+01 -2.503308785105e+01 1.689317969784e+01 4.090096305972e-01 5.134727884416e+04
