VARIABLES="time" "Distance" "lon" "lat" "density" "Vx" "Vy" "Vz" "p" "Bx" "By" "Bz" "T"
ZONE
DT=(DOUBLE DOUBLE DOUBLE DOUBLE DOUBLE DOUBLE DOUBLE DOUBLE DOUBLE DOUBLE DOUBLE DOUBLE DOUBLE )
2.012529234973e+03 1.020000000000e+00 3.591507555516e+01 4.200000000000e+00 3.652711505346e+00 4.177684221488e+02 7.070546155698e+00 -2.495022167756e+00 5.448854049228e+01 2.589592908127e+01 -8.701723017045e+00 -1.704747534736e+00 5.393331811807e+04
2.012529349013e+03 1.020000000000e+00 3.591507555516e+01 4.200000000000e+00 3.903202833374e+00 4.158196115199e+02 7.340565587187e+00 -1.329583821007e+00 5.995003876155e+01 2.288904737657e+01 -8.715980294206e+00 -5.343045652393e-01 5.552091706599e+04
2.012529463053e+03 1.020000000000e+00 3.591507555516e+01 4.200000000000e+00 4.208302510863e+00 4.143577701154e+02 7.379797602364e+00 -4.683467205378e-01 6.683595230242e+01 1.979479978681e+01 -8.630231237902e+00 4.775235883051e-01 5.741999675801e+04
2.012529577093e+03 1.020000000000e+00 3.591507555516e+01 4.200000000000e+00 4.521065477482e+00 4.130516063724e+02 7.252663438103e+00 3.731898310541e-02 7.409478726903e+01 1.679155663372e+01 -8.473536063887e+00 1.174904151339e+00 5.927367953126e+04
2.012529691134e+03 1.020000000000e+00 3.591507555516e+01 4.200000000000e+00 4.810908225710e+00 4.117652850988e+02 6.690424865382e+00 2.137844398205e-01 8.097763615994e+01 1.409177881491e+01 -8.299599059344e+00 1.511862639614e+00 6.089916541256e+04
2.012529805174e+03 1.020000000000e+00 3.591507555516e+01 4.200000000000e+00 5.066306087800e+00 4.104882391854e+02 5.506774891592e+00 1.302762661277e-01 8.715613141516e+01 1.184854255748e+01 -8.124906680124e+00 1.636758503909e+00 6.226142857226e+04
2.012529919214e+03 1.020000000000e+00 3.591507555516e+01 4.200000000000e+00 5.278334277020e+00 4.092336498352e+02 3.901115525302e+00 -3.146558901172e-01 9.236497109125e+01 1.010127823092e+01 -7.946145870004e+00 1.617046144366e+00 6.334727199226e+04
2.012530033254e+03 1.020000000000e+00 3.591507555516e+01 4.200000000000e+00 5.438415091503e+00 4.079879198204e+02 2.231460108717e+00 -9.870429345141e-01 9.657256115127e+01 8.782367248054e+00 -7.678240813423e+00 1.440013352031e+00 6.429240254744e+04
2.012530147295e+03 1.020000000000e+00 3.681507555516e+01 4.300000000000e+00 5.551844427044e+00 4.098110267439e+02 1.035310309333e+00 -2.269222294287e+00 9.760426406824e+01 1.103231125370e+01 -9.544930443406e+00 8.568938227320e-01 6.365780544409e+04
2.012530261335e+03 1.020000000000e+00 3.681507555516e+01 4.300000000000e+00 5.480315114719e+00 4.086357437318e+02 -4.146415041159e-01 -2.716695873942e+00 1.008032480618e+02 1.001309761383e+01 -8.556646803558e+00 9.343077759417e-02 6.660542502733e+04
2.012530375375e+03 1.020000000000e+00 3.681507555516e+01 4.300000000000e+00 5.363698712392e+00 4.075158606601e+02 -1.533306927926e+00 -3.111510249663e+00 1.027415884957e+02 9.054747465236e+00 -7.480332831799e+00 -5.450961592020e-01 6.936544779972e+04
2.012530489415e+03 1.020000000000e+00 3.681507555516e+01 4.300000000000e+00 5.231056537670e+00 4.062044276155e+02 -2.185394070450e+00 -3.362626547132e+00 1.028870092391e+02 8.036715483932e+00 -6.245957809711e+00 -9.397132639965e-01 7.122917171751e+04
2.012530603456e+03 1.020000000000e+00 3.681507555516e+01 4.300000000000e+00 5.082420832041e+00 4.043295967203e+02 -2.446773516705e+00 -3.452495136468e+00 1.007675057323e+02 6.846181740267e+00 -4.634230882542e+00 -1.087031378070e+00 7.180342192170e+04
2.012530717496e+03 1.020000000000e+00 3.681507555516e+01 4.300000000000e+00 4.939247001056e+00 4.020623564029e+02 -2.434429155272e+00 -3.409477804910e+00 9.782372340856e+01 5.394752258188e+00 -2.827414391575e+00 -1.103213369805e+00 7.172632430202e+04
2.012530831536e+03 1.020000000000e+00 3.681507555516e+01 4.300000000000e+00 4.814625999147e+00 3.994822715487e+02 -1.883648361950e+00 -3.057081902323e+00 9.485317488147e+01 3.622082590642e+00 -9.447161920831e-01 -9.700881785947e-01 7.134907619018e+04
2.012530945576e+03 1.020000000000e+00 3.681507555516e+01 4.300000000000e+00 4.705092723779e+00 3.965639110606e+02 -6.859141544467e-01 -2.126468138502e+00 9.207156497695e+01 1.498253453362e+00 1.040293108416e+00 -5.410757638171e-01 7.087141142184e+04
2.012531059617e+03 1.020000000000e+00 3.681507555516e+01 4.300000000000e+00 4.609692804908e+00 3.933197519942e+02 1.128613974079e+00 -8.917888371791e-01 8.933273965838e+01 -9.855418457651e-01 3.212943449818e+00 1.448772708219e-01 7.018756051559e+04
2.012531173657e+03 1.020000000000e+00 3.681507555516e+01 4.300000000000e+00 4.527716941892e+00 3.898409779434e+02 3.225825056519e+00 2.992154270560e-01 8.603117437312e+01 -3.815543421701e+00 5.577059283836e+00 8.214044579919e-01 6.882006287432e+04
2.012531287697e+03 1.020000000000e+00 3.681507555516e+01 4.300000000000e+00 4.475656873307e+00 3.862759194279e+02 5.464116923667e+00 1.268396840925e+00 8.228004584563e+01 -6.956091043268e+00 8.104027777442e+00 1.316743723617e+00 6.658260314636e+04
2.012531401737e+03 1.020000000000e+00 3.681507555516e+01 4.300000000000e+00 4.468252580304e+00 3.827392164662e+02 7.747283522377e+00 1.984929991934e+00 7.827516202660e+01 -1.032932902012e+01 1.074346158677e+01 1.624076502170e+00 6.343353455352e+04
2.012531515778e+03 1.020000000000e+00 3.681507555516e+01 4.300000000000e+00 4.476779220841e+00 3.792832619838e+02 9.993784202190e+00 2.481497751807e+00 7.381689342868e+01 -1.382130360354e+01 1.341283889296e+01 1.801306285428e+00 5.969044838786e+04
2.012531629818e+03 1.020000000000e+00 3.681507555516e+01 4.300000000000e+00 4.486806911298e+00 3.759750008771e+02 1.211212274447e+01 2.731744026441e+00 6.852158273162e+01 -1.729781835955e+01 1.605170507250e+01 1.864154580613e+00 5.526988737169e+04
2.012531743858e+03 1.020000000000e+00 3.681507555516e+01 4.300000000000e+00 4.494505364073e+00 3.729269593400e+02 1.400581479476e+01 2.789406957587e+00 6.278061309354e+01 -2.063229765245e+01 1.860940069256e+01 1.814024014872e+00 5.054326289485e+04
2.012531857898e+03 1.020000000000e+00 3.681507555516e+01 4.300000000000e+00 4.504511847086e+00 3.702176134248e+02 1.559529517384e+01 2.705992847926e+00 5.706323472899e+01 -2.372667407667e+01 2.097872817216e+01 1.604097334632e+00 4.583882010357e+04
2.012531971939e+03 1.020000000000e+00 3.681507555516e+01 4.300000000000e+00 4.524392931453e+00 3.678712696154e+02 1.682551400714e+01 2.487581224662e+00 5.179938686391e+01 -2.651097638059e+01 2.308177839019e+01 1.211588991842e+00 4.144193964051e+04
2.012532085979e+03 1.020000000000e+00 3.681507555516e+01 4.300000000000e+00 4.560386501978e+00 3.658760023997e+02 1.767192855622e+01 2.158869932052e+00 4.732954055862e+01 -2.895061529112e+01 2.489774697252e+01 6.538143053951e-01 3.758993980867e+04
2.012532200019e+03 1.020000000000e+00 3.681507555516e+01 4.300000000000e+00 4.618657107697e+00 3.642403883746e+02 1.818295397852e+01 1.864106068571e+00 4.388296019537e+01 -3.105285862506e+01 2.645913951496e+01 9.698587071830e-02 3.443159290686e+04
2.012532314059e+03 1.020000000000e+00 3.681507555516e+01 4.300000000000e+00 4.703898121532e+00 3.629515824175e+02 1.841161744729e+01 1.694979042263e+00 4.140360460448e+01 -3.283575820639e+01 2.777201555915e+01 -3.453015729358e-01 3.190817537348e+04
2.012532428100e+03 1.020000000000e+00 3.681507555516e+01 4.300000000000e+00 4.807200979168e+00 3.620716636504e+02 1.839371671767e+01 1.631291666572e+00 3.975915749455e+01 -3.433531298878e+01 2.886579193544e+01 -6.113616157934e-01 2.998531538843e+04
2.012532542140e+03 1.020000000000e+00 3.681507555516e+01 4.300000000000e+00 4.910669678896e+00 3.616399817782e+02 1.814811524217e+01 1.651665427448e+00 3.862251312531e+01 -3.558923900930e+01 2.983914167232e+01 -7.260361078169e-01 2.850241387125e+04
2.012532656180e+03 1.020000000000e+00 3.681507555516e+01 4.300000000000e+00 5.036598918386e+00 3.617452358317e+02 1.753258374770e+01 1.820799767689e+00 3.818327324389e+01 -3.662211505967e+01 3.066551044165e+01 -7.289649462353e-01 2.746967092681e+04
2.012532770220e+03 1.020000000000e+00 3.681507555516e+01 4.300000000000e+00 5.163021914870e+00 3.624776734152e+02 1.647024441799e+01 2.195823687586e+00 3.845651900775e+01 -3.743129569920e+01 3.140932159126e+01 -5.795363686767e-01 2.699007349069e+04
2.012532884261e+03 1.020000000000e+00 3.781507555516e+01 4.400000000000e+00 5.172339108693e+00 3.591512748831e+02 1.787855962698e+01 2.182765300717e+00 3.945304377989e+01 -3.629644912622e+01 3.061221774141e+01 -6.791301193254e-01 2.764483958342e+04
2.012532998301e+03 1.020000000000e+00 3.781507555516e+01 4.400000000000e+00 5.361986165537e+00 3.600837324911e+02 1.663449065733e+01 2.601428087524e+00 4.011228791660e+01 -3.714003887973e+01 3.136108046696e+01 -4.005871301562e-01 2.709623728287e+04
2.012533112341e+03 1.020000000000e+00 3.781507555516e+01 4.400000000000e+00 5.564517298374e+00 3.616889967544e+02 1.497925400810e+01 3.160077375075e+00 4.155292498660e+01 -3.777368883551e+01 3.201547945489e+01 1.694357614069e-02 2.702622159040e+04
2.012533226381e+03 1.020000000000e+00 3.781507555516e+01 4.400000000000e+00 5.778236979602e+00 3.636266007560e+02 1.303128391255e+01 3.844055295278e+00 4.345715243913e+01 -3.820740607460e+01 3.255919835794e+01 6.060096369376e-01 2.717952170217e+04
2.012533340422e+03 1.020000000000e+00 3.781507555516e+01 4.400000000000e+00 6.062678077492e+00 3.661329443154e+02 1.068660079092e+01 4.567156055702e+00 4.637255263343e+01 -3.846080279873e+01 3.285201723744e+01 1.296754841203e+00 2.762369010580e+04
2.012533454462e+03 1.020000000000e+00 3.781507555516e+01 4.400000000000e+00 6.360493061209e+00 3.689616285112e+02 8.186077383497e+00 5.261569289217e+00 4.978227556301e+01 -3.857173034402e+01 3.293204270662e+01 2.015501356940e+00 2.827259036866e+04
2.012533568502e+03 1.020000000000e+00 3.781507555516e+01 4.400000000000e+00 6.600507777454e+00 3.718116055068e+02 5.713667584525e+00 5.892855955859e+00 5.313311416169e+01 -3.858396654082e+01 3.284517479466e+01 2.688488015632e+00 2.910085240469e+04
2.012533682542e+03 1.020000000000e+00 3.781507555516e+01 4.400000000000e+00 6.741874216856e+00 3.745001881564e+02 3.372460775503e+00 6.425157330819e+00 5.614077277837e+01 -3.854293547780e+01 3.261531664703e+01 3.248285043890e+00 3.014123540829e+04
2.012533796583e+03 1.020000000000e+00 3.781507555516e+01 4.400000000000e+00 6.816754141056e+00 3.768797803721e+02 1.236998046773e+00 6.843179078935e+00 5.861915544264e+01 -3.849622985299e+01 3.222399157268e+01 3.659141856729e+00 3.117513276283e+04
2.012533910623e+03 1.020000000000e+00 3.781507555516e+01 4.400000000000e+00 6.795370395872e+00 3.788633710079e+02 -6.134891612233e-01 7.153561580069e+00 6.039952564440e+01 -3.847583409656e+01 3.169365118629e+01 3.922472595458e+00 3.224734133186e+04
2.012534024663e+03 1.020000000000e+00 3.781507555516e+01 4.400000000000e+00 6.689027782919e+00 3.804236445176e+02 -2.152419516725e+00 7.366579749362e+00 6.133084006602e+01 -3.852041900048e+01 3.111192351091e+01 4.056237121126e+00 3.325707917445e+04
2.012534138703e+03 1.020000000000e+00 3.781507555516e+01 4.400000000000e+00 6.511795011752e+00 3.814192534940e+02 -3.382660139691e+00 7.513795915485e+00 6.118486278917e+01 -3.854084141261e+01 3.045171198117e+01 4.052790846388e+00 3.407171897333e+04
2.012534252744e+03 1.020000000000e+00 3.781507555516e+01 4.400000000000e+00 6.391630693457e+00 3.832258153947e+02 -4.157395696554e+00 7.001072669703e+00 6.866853168259e+01 -3.839299003277e+01 3.018148002502e+01 3.761782045614e+00 3.888204404299e+04
2.012534366784e+03 1.020000000000e+00 3.781507555516e+01 4.400000000000e+00 9.460191696960e+00 4.534319888847e+02 -3.975888565350e-01 -1.477913097275e+01 1.031771523236e+03 -4.161383190431e+01 4.989714620048e+01 -4.675980744732e+00 3.535844400634e+05
2.012534480824e+03 1.020000000000e+00 3.781507555516e+01 4.400000000000e+00 1.780419451312e+01 5.773486968242e+02 7.904674020456e+00 -5.058706967706e+01 4.383254534777e+03 -4.884298489368e+01 1.118560618342e+02 -2.223489134787e+01 8.909807515196e+05
2.012534594864e+03 1.020000000000e+00 3.781507555516e+01 4.400000000000e+00 1.887716404690e+01 6.055292263032e+02 1.212577222167e+01 -5.528136124146e+01 5.078598596175e+03 -4.854536776320e+01 1.282378671906e+02 -2.321978932454e+01 9.744816307012e+05
2.012534708905e+03 1.020000000000e+00 3.781507555516e+01 4.400000000000e+00 1.777543681873e+01 6.034926937616e+02 1.274267881926e+01 -5.135089095604e+01 4.667366801995e+03 -4.315397563013e+01 1.230717309424e+02 -1.530839423200e+01 9.502740785901e+05
2.012534822945e+03 1.020000000000e+00 3.781507555516e+01 4.400000000000e+00 1.682241250734e+01 5.943262480651e+02 1.075899577080e+01 -4.644870267889e+01 4.088864078804e+03 -3.696078794758e+01 1.011754613498e+02 -6.845290171648e+00 8.803059138233e+05
2.012534936985e+03 1.020000000000e+00 3.781507555516e+01 4.400000000000e+00 1.696146744413e+01 5.926548236942e+02 2.328584941412e+00 -4.576965950849e+01 3.923509516758e+03 -3.247346136030e+01 5.482138793280e+01 -4.471506572616e+00 8.377910542744e+05
2.012535051025e+03 1.020000000000e+00 3.781507555516e+01 4.400000000000e+00 1.718140412278e+01 5.973261171021e+02 -1.244948092842e+01 -5.009643506803e+01 3.874069121825e+03 -2.884959314949e+01 -1.149831580417e+01 -1.062604617289e+01 8.167373561743e+05
2.012535165066e+03 1.020000000000e+00 3.781507555516e+01 4.400000000000e+00 1.614356125659e+01 5.997923557481e+02 -2.479154403615e+01 -5.671752627935e+01 3.521575744718e+03 -2.699426720689e+01 -8.039172029830e+01 -3.246908433037e+01 7.905627734765e+05
2.012535279106e+03 1.020000000000e+00 3.781507555516e+01 4.400000000000e+00 1.324539244497e+01 5.972830360357e+02 -3.024384125325e+01 -5.991287433732e+01 2.806688599034e+03 -3.176080292246e+01 -1.254034003006e+02 -6.222728653267e+01 7.715619750225e+05
2.012535393146e+03 1.020000000000e+00 3.781507555516e+01 4.400000000000e+00 9.609717612612e+00 5.894102244858e+02 -3.000836835636e+01 -5.580079703737e+01 2.091417898809e+03 -5.043306899137e+01 -1.347163381228e+02 -8.951108453727e+01 7.933419662895e+05
2.012535507186e+03 1.020000000000e+00 3.781507555516e+01 4.400000000000e+00 6.925152711392e+00 5.802197145375e+02 -2.201505821495e+01 -4.657246428352e+01 1.536733267545e+03 -7.692284735019e+01 -1.259571658075e+02 -1.100480497476e+02 8.044370245540e+05
2.012535621227e+03 1.020000000000e+00 3.871507555516e+01 4.400000000000e+00 5.430856698804e+00 5.765205155701e+02 -5.280379052020e+00 -4.219326704152e+01 1.121122501109e+03 -9.962523212171e+01 -1.082409119919e+02 -1.303724097634e+02 7.457287239342e+05
2.012535735267e+03 1.020000000000e+00 3.871507555516e+01 4.400000000000e+00 4.460777297434e+00 5.706195847581e+02 2.542965889356e+01 -4.133437010116e+01 7.956802767914e+02 -1.194076948366e+02 -8.767599131869e+01 -1.488404637521e+02 6.443275289348e+05
2.012535849307e+03 1.020000000000e+00 3.871507555516e+01 4.400000000000e+00 4.074368202069e+00 5.649802492458e+02 4.512167823167e+01 -4.084532694720e+01 5.662847136610e+02 -1.326223182986e+02 -7.698162970525e+01 -1.586640353535e+02 5.028352566819e+05
2.012535963347e+03 1.020000000000e+00 3.871507555516e+01 4.400000000000e+00 3.902611272265e+00 5.582478578842e+02 5.147727935246e+01 -3.805343501691e+01 4.097748228865e+02 -1.423713283752e+02 -7.372167715189e+01 -1.609072910593e+02 3.802711161549e+05
2.012536077388e+03 1.020000000000e+00 3.871507555516e+01 4.400000000000e+00 3.804442857670e+00 5.543110778149e+02 5.075538241054e+01 -2.922648783600e+01 2.951034398733e+02 -1.505849424754e+02 -7.963520008703e+01 -1.579452865107e+02 2.808877176270e+05
2.012536191428e+03 1.020000000000e+00 3.871507555516e+01 4.400000000000e+00 3.679338119064e+00 5.524767195037e+02 4.673206639936e+01 -1.330087336013e+01 2.043839631849e+02 -1.573806199220e+02 -9.530694649669e+01 -1.473130792579e+02 2.010428513694e+05
2.012536305468e+03 1.020000000000e+00 3.871507555516e+01 4.400000000000e+00 3.469423741169e+00 5.535770917771e+02 4.292811500767e+01 3.724627692305e+00 1.363937313730e+02 -1.636726600048e+02 -1.141468710088e+02 -1.308522677851e+02 1.418592674137e+05
2.012536419508e+03 1.020000000000e+00 3.871507555516e+01 4.400000000000e+00 3.056450037051e+00 5.569936592786e+02 4.235988834755e+01 1.643512618100e+01 8.626045084684e+01 -1.690129757004e+02 -1.300591042429e+02 -1.122882769691e+02 1.015278542701e+05
2.012536533549e+03 1.020000000000e+00 3.871507555516e+01 4.400000000000e+00 2.517577835067e+00 5.579812879694e+02 4.559098066400e+01 2.252569352687e+01 5.249649265371e+01 -1.737153224482e+02 -1.399673865543e+02 -9.359929100569e+01 7.500224667868e+04
2.012536647589e+03 1.020000000000e+00 3.871507555516e+01 4.400000000000e+00 2.031523906842e+00 5.574690578179e+02 5.099934153506e+01 2.315234018010e+01 3.325761762676e+01 -1.785148686606e+02 -1.449685370649e+02 -7.547820203279e+01 5.915187778621e+04
2.012536761629e+03 1.020000000000e+00 3.871507555516e+01 4.400000000000e+00 1.690276303275e+00 5.563149834601e+02 5.472490748306e+01 1.941038958018e+01 2.366819697754e+01 -1.829497655515e+02 -1.478625052238e+02 -5.807491489745e+01 5.075991600136e+04
2.012536875669e+03 1.020000000000e+00 3.871507555516e+01 4.400000000000e+00 1.457939054693e+00 5.536784014981e+02 5.637470818366e+01 1.397277656643e+01 1.869448207702e+01 -1.868256509100e+02 -1.489839617424e+02 -4.051580438708e+01 4.659722758505e+04
2.012536989709e+03 1.020000000000e+00 3.871507555516e+01 4.400000000000e+00 1.249349512985e+00 5.485425918656e+02 5.713747192597e+01 8.593504017379e+00 1.519353815465e+01 -1.902672729081e+02 -1.477602323307e+02 -2.254791345691e+01 4.435764298769e+04
2.012537103750e+03 1.020000000000e+00 3.871507555516e+01 4.400000000000e+00 1.071004386996e+00 5.424151256689e+02 5.570899978471e+01 3.398462649780e+00 1.312793405790e+01 -1.928762373589e+02 -1.450883124907e+02 -4.577008683264e+00 4.464684129015e+04
2.012537217790e+03 1.020000000000e+00 3.871507555516e+01 4.400000000000e+00 9.683830151671e-01 5.355094740152e+02 5.317540771726e+01 -1.306334676404e+00 1.222550359693e+01 -1.945159219177e+02 -1.410265793975e+02 1.339698179156e+01 4.593336598092e+04
2.012537331830e+03 1.020000000000e+00 3.871507555516e+01 4.400000000000e+00 9.061910037759e-01 5.282851044345e+02 5.082907284991e+01 -5.372007415320e+00 1.162655476920e+01 -1.951799464548e+02 -1.354599324104e+02 3.107575381044e+01 4.664412034518e+04
2.012537445870e+03 1.020000000000e+00 3.871507555516e+01 4.400000000000e+00 8.600632495899e-01 5.201551177911e+02 4.892851321059e+01 -8.726529767305e+00 1.129102619519e+01 -1.949932683658e+02 -1.283507099007e+02 4.803399148017e+01 4.769072073341e+04
2.012537559911e+03 1.020000000000e+00 3.871507555516e+01 4.400000000000e+00 8.156819815755e-01 5.124606958122e+02 4.677898126505e+01 -1.127123130237e+01 1.129920377047e+01 -1.940873534388e+02 -1.203385190237e+02 6.409246314203e+01 5.030467389203e+04
2.012537673951e+03 1.020000000000e+00 3.871507555516e+01 4.400000000000e+00 7.709986033470e-01 5.052019088210e+02 4.514504728714e+01 -1.301352840142e+01 1.114316070689e+01 -1.923013894321e+02 -1.114896408053e+02 7.895091413757e+01 5.244799957520e+04
2.012537787991e+03 1.020000000000e+00 3.871507555516e+01 4.400000000000e+00 7.288296891209e-01 4.982811253972e+02 4.451040788128e+01 -1.421977921069e+01 1.080341040938e+01 -1.895756236985e+02 -1.018699309890e+02 9.229474279494e+01 5.376577715630e+04
2.012537902031e+03 1.020000000000e+00 3.871507555516e+01 4.400000000000e+00 6.929627607856e-01 4.917484938097e+02 4.453233551514e+01 -1.506448088527e+01 1.041366441960e+01 -1.863333111007e+02 -9.185115249441e+01 1.040602094210e+02 5.448359158703e+04
2.012538016072e+03 1.020000000000e+00 3.871507555516e+01 4.400000000000e+00 6.641280901561e-01 4.855765178669e+02 4.517937825252e+01 -1.561054061604e+01 9.938248660222e+00 -1.823062351302e+02 -8.169862771360e+01 1.142445932195e+02 5.423973972403e+04
2.012538130112e+03 1.020000000000e+00 3.871507555516e+01 4.400000000000e+00 6.393029857354e-01 4.799159753431e+02 4.642871345976e+01 -1.610775008833e+01 9.413714034719e+00 -1.765476334157e+02 -7.173397867819e+01 1.228030435093e+02 5.336273814282e+04
2.012538244152e+03 1.020000000000e+00 3.871507555516e+01 4.400000000000e+00 6.179168841298e-01 4.748619476885e+02 4.788408271704e+01 -1.684508196435e+01 8.922601607637e+00 -1.702106639671e+02 -6.202148604240e+01 1.297922539975e+02 5.231651824392e+04
2.012538358192e+03 1.020000000000e+00 3.971507555516e+01 4.500000000000e+00 6.138120865957e-01 4.605550883865e+02 4.861851147607e+01 -2.091757161314e+01 8.049736284190e+00 -1.603628620017e+02 -5.208214939760e+01 1.469368496434e+02 4.753066058955e+04
2.012538472233e+03 1.020000000000e+00 3.971507555516e+01 4.500000000000e+00 5.945211527221e-01 4.555248337038e+02 5.064323025269e+01 -2.157135645092e+01 7.607883469709e+00 -1.528480742892e+02 -4.309952826204e+01 1.506929963605e+02 4.637759877992e+04
2.012538586273e+03 1.020000000000e+00 3.971507555516e+01 4.500000000000e+00 5.756896099041e-01 4.512861058247e+02 5.262085131461e+01 -2.247510750878e+01 7.300831589130e+00 -1.454686183860e+02 -3.498875435220e+01 1.531673984565e+02 4.596271879582e+04
2.012538700313e+03 1.020000000000e+00 3.971507555516e+01 4.500000000000e+00 5.561074280268e-01 4.478937801049e+02 5.437418890369e+01 -2.349846847776e+01 7.127214161762e+00 -1.384265454318e+02 -2.770297481444e+01 1.545392980139e+02 4.645465712313e+04
2.012538814353e+03 1.020000000000e+00 3.971507555516e+01 4.500000000000e+00 5.336261387490e-01 4.451244363188e+02 5.569797870507e+01 -2.455154106728e+01 7.027722247305e+00 -1.317797928603e+02 -2.111586938553e+01 1.549874571471e+02 4.774960501835e+04
2.012538928394e+03 1.020000000000e+00 3.971507555516e+01 4.500000000000e+00 5.071292946813e-01 4.427083263588e+02 5.667030338880e+01 -2.572846443638e+01 6.910412909733e+00 -1.255218208777e+02 -1.519179932811e+01 1.547215325004e+02 4.940318934174e+04
2.012539042434e+03 1.020000000000e+00 3.971507555516e+01 4.500000000000e+00 4.798419332764e-01 4.404452318796e+02 5.752565105169e+01 -2.706709625418e+01 6.729990299914e+00 -1.196480430214e+02 -9.880347128179e+00 1.538656833186e+02 5.083336300539e+04
2.012539156474e+03 1.020000000000e+00 3.971507555516e+01 4.500000000000e+00 4.547836668887e-01 4.382163952120e+02 5.848915427519e+01 -2.860779883159e+01 6.515630921356e+00 -1.142261077853e+02 -5.081313140745e+00 1.525750130221e+02 5.191762599430e+04
2.012539270514e+03 1.020000000000e+00 3.971507555516e+01 4.500000000000e+00 4.310244140808e-01 4.361528316523e+02 5.961136712449e+01 -3.027970495004e+01 6.271761738404e+00 -1.092891838634e+02 -7.173205806703e-01 1.509808564961e+02 5.272086288186e+04
2.012539384555e+03 1.020000000000e+00 3.971507555516e+01 4.500000000000e+00 4.069417414112e-01 4.341998045949e+02 6.102797629516e+01 -3.210062354820e+01 5.931326341458e+00 -1.048397258925e+02 3.240523966943e+00 1.491699577652e+02 5.279999217930e+04
2.012539498595e+03 1.020000000000e+00 3.971507555516e+01 4.500000000000e+00 3.816720527604e-01 4.322546404421e+02 6.249942527363e+01 -3.409478850733e+01 5.491071317425e+00 -1.007695305497e+02 6.835795276978e+00 1.471921605565e+02 5.210913230701e+04
2.012539612635e+03 1.020000000000e+00 3.971507555516e+01 4.500000000000e+00 3.565672518021e-01 4.303610004169e+02 6.378967460872e+01 -3.601877560843e+01 5.022154291764e+00 -9.689988983685e+01 1.013233649918e+01 1.450844626873e+02 5.101102664131e+04
2.012539726675e+03 1.020000000000e+00 3.971507555516e+01 4.500000000000e+00 3.329145672837e-01 4.284463913886e+02 6.469355787608e+01 -3.768940934958e+01 4.594498723314e+00 -9.324155785026e+01 1.319493911401e+01 1.428800211337e+02 4.999166486197e+04
2.012539840716e+03 1.020000000000e+00 3.971507555516e+01 4.500000000000e+00 3.104529154377e-01 4.264733881121e+02 6.512396929031e+01 -3.898862230816e+01 4.279968925362e+00 -8.980394937310e+01 1.613084257022e+01 1.405929270697e+02 4.997232792229e+04
2.012539954756e+03 1.020000000000e+00 3.971507555516e+01 4.500000000000e+00 2.854348919896e-01 4.243777725492e+02 6.482954371080e+01 -3.983167224977e+01 4.088108045562e+00 -8.651475255872e+01 1.919549767757e+01 1.382357055086e+02 5.194150818299e+04
2.012540068796e+03 1.020000000000e+00 3.971507555516e+01 4.500000000000e+00 2.630648580092e-01 4.219163198429e+02 6.341838066471e+01 -3.975231166978e+01 4.037748919487e+00 -8.330517993349e+01 2.273758712527e+01 1.357848364783e+02 5.566744451781e+04
2.012540182836e+03 1.020000000000e+00 3.971507555516e+01 4.500000000000e+00 2.470028234577e-01 4.189444240989e+02 6.028327516379e+01 -3.893485580663e+01 4.315661651643e+00 -8.010469429538e+01 2.699095661324e+01 1.331195077691e+02 6.335093400521e+04
2.012540296877e+03 1.020000000000e+00 3.971507555516e+01 4.500000000000e+00 2.357119722476e-01 4.150011503943e+02 5.448455195931e+01 -3.773229079089e+01 4.893939462236e+00 -7.675768148988e+01 3.195328408428e+01 1.302876823047e+02 7.526096168666e+04
2.012540410917e+03 1.020000000000e+00 3.971507555516e+01 4.500000000000e+00 2.274260158058e-01 4.102312042536e+02 4.688682229208e+01 -3.559273241118e+01 5.507411482959e+00 -7.295942846315e+01 3.766015907187e+01 1.272450235095e+02 8.778995214942e+04
2.012540524957e+03 1.020000000000e+00 3.971507555516e+01 4.500000000000e+00 2.209460252993e-01 4.046866566546e+02 3.819246133581e+01 -3.228458891108e+01 5.966918584320e+00 -6.879905004543e+01 4.396257640778e+01 1.238522999564e+02 9.795282668641e+04
2.012540638997e+03 1.020000000000e+00 3.971507555516e+01 4.500000000000e+00 2.164301449712e-01 3.988753876655e+02 2.980654368041e+01 -2.851960456071e+01 6.171072043864e+00 -6.446877235042e+01 5.036513585487e+01 1.201448554462e+02 1.035757943949e+05
2.012540753038e+03 1.020000000000e+00 3.971507555516e+01 4.500000000000e+00 2.110997826729e-01 3.928432449504e+02 2.317018001259e+01 -2.426640074508e+01 6.119135769894e+00 -6.008551703217e+01 5.631267566603e+01 1.162125195874e+02 1.054105491833e+05
2.012540867078e+03 1.020000000000e+00 3.971507555516e+01 4.500000000000e+00 2.058718741701e-01 3.870724503860e+02 1.868996006900e+01 -2.051321785158e+01 5.943707737829e+00 -5.577275498218e+01 6.140217929353e+01 1.121666912021e+02 1.050861368530e+05
2.012540981118e+03 1.020000000000e+00 3.971507555516e+01 4.500000000000e+00 2.036091077667e-01 3.821015966161e+02 1.671431740907e+01 -1.753116098445e+01 5.648302211916e+00 -5.172802392231e+01 6.547893171407e+01 1.082117905039e+02 1.012809800044e+05
2.012541095158e+03 1.020000000000e+00 4.061507555516e+01 4.600000000000e+00 2.289367198520e-01 3.754526445998e+02 1.633029159989e+01 -1.503903706574e+01 4.555423918398e+00 -4.129278794655e+01 7.053339824135e+01 1.064879644570e+02 7.287042243405e+04
2.012541209199e+03 1.020000000000e+00 4.061507555516e+01 4.600000000000e+00 2.455444709075e-01 3.733174853533e+02 1.932999782847e+01 -1.375341640701e+01 4.293823559845e+00 -3.833422183655e+01 7.243124860128e+01 1.028435799400e+02 6.404999879665e+04
2.012541323239e+03 1.020000000000e+00 4.061507555516e+01 4.600000000000e+00 2.716963412301e-01 3.715391157199e+02 2.298609300663e+01 -1.203718162926e+01 4.158571325971e+00 -3.583424230768e+01 7.373079630858e+01 9.939546453695e+01 5.608177028312e+04
2.012541437279e+03 1.020000000000e+00 4.061507555516e+01 4.600000000000e+00 3.031542633812e-01 3.699529734149e+02 2.646845566447e+01 -9.721921621287e+00 4.082682968604e+00 -3.376859559613e+01 7.462867778490e+01 9.609947282228e+01 4.934725500801e+04
2.012541551319e+03 1.020000000000e+00 4.061507555516e+01 4.600000000000e+00 3.353703369816e-01 3.683503813212e+02 2.968239977887e+01 -6.855437466754e+00 4.065699013509e+00 -3.212852175507e+01 7.526280688406e+01 9.296524144083e+01 4.441831554519e+04
2.012541665360e+03 1.020000000000e+00 4.061507555516e+01 4.600000000000e+00 3.623361937382e-01 3.666052680550e+02 3.250124907902e+01 -3.742481284361e+00 4.081607987639e+00 -3.082016880091e+01 7.567965028071e+01 9.001021263892e+01 4.123937589067e+04
2.012541779400e+03 1.020000000000e+00 4.061507555516e+01 4.600000000000e+00 3.791697116018e-01 3.648212363050e+02 3.482950005140e+01 -7.623673854614e-01 4.101927144360e+00 -2.975629824687e+01 7.593389727076e+01 8.719328813469e+01 3.955426724881e+04
2.012541893440e+03 1.020000000000e+00 4.061507555516e+01 4.600000000000e+00 3.861931463642e-01 3.630762160082e+02 3.680320303235e+01 1.549484548321e+00 4.170340261028e+00 -2.890504810057e+01 7.606800291040e+01 8.449201123794e+01 3.947946579849e+04
2.012542007480e+03 1.020000000000e+00 4.061507555516e+01 4.600000000000e+00 3.842964921596e-01 3.613723356520e+02 3.855182331481e+01 2.916346293584e+00 4.397263176879e+00 -2.822907377725e+01 7.608771915755e+01 8.190956888113e+01 4.176101213285e+04
2.012542121521e+03 1.020000000000e+00 4.061507555516e+01 4.600000000000e+00 3.762887944913e-01 3.597908172780e+02 4.012717290629e+01 3.281265646494e+00 5.132847040496e+00 -2.767543928056e+01 7.594840554414e+01 7.946278889598e+01 4.979981162803e+04
2.012542235561e+03 1.020000000000e+00 4.061507555516e+01 4.600000000000e+00 3.633312284364e-01 3.588036359706e+02 4.078857976823e+01 2.399177012701e+00 7.174055017555e+00 -2.720438847709e+01 7.559350833959e+01 7.718540586541e+01 7.226547927528e+04
2.012542349601e+03 1.020000000000e+00 4.061507555516e+01 4.600000000000e+00 3.412390037428e-01 3.587298432443e+02 4.017984106857e+01 -1.137438592701e+00 1.059286276983e+01 -2.684517007887e+01 7.498310662646e+01 7.503932049958e+01 1.135728918398e+05
2.012542463641e+03 1.020000000000e+00 4.061507555516e+01 4.600000000000e+00 3.172895583412e-01 3.598355093247e+02 3.664603617824e+01 -8.463864645427e+00 1.482330210874e+01 -2.666699017370e+01 7.409813221276e+01 7.296503668338e+01 1.703355007788e+05
2.012542577682e+03 1.020000000000e+00 4.061507555516e+01 4.600000000000e+00 2.972818222612e-01 3.625884773722e+02 2.829834306874e+01 -1.705597110315e+01 1.922437012558e+01 -2.682558193949e+01 7.277174034255e+01 7.131486687003e+01 2.349115786239e+05
2.012542691722e+03 1.020000000000e+00 4.061507555516e+01 4.600000000000e+00 2.848522285210e-01 3.656185318714e+02 1.850691114703e+01 -2.487830522213e+01 2.324472339791e+01 -2.760633321034e+01 7.109557614091e+01 7.011503076144e+01 2.959317419051e+05
2.012542805762e+03 1.020000000000e+00 4.061507555516e+01 4.600000000000e+00 2.769951323498e-01 3.680415719276e+02 8.756962675390e+00 -2.934882460579e+01 2.630187394395e+01 -2.900700031377e+01 6.903594184731e+01 6.932571637199e+01 3.440792993889e+05
2.012542919802e+03 1.020000000000e+00 4.061507555516e+01 4.600000000000e+00 2.715055066131e-01 3.700636097168e+02 1.276653574875e+00 -3.092827646199e+01 2.806523768238e+01 -3.077540257966e+01 6.694292883433e+01 6.886255396351e+01 3.743758605534e+05
2.012543033843e+03 1.020000000000e+00 4.061507555516e+01 4.600000000000e+00 2.705595110447e-01 3.715501204830e+02 -2.542112622088e+00 -3.108363219041e+01 2.872782251596e+01 -3.261075968316e+01 6.499829425430e+01 6.860220903374e+01 3.845708788490e+05
2.012543147883e+03 1.020000000000e+00 4.061507555516e+01 4.600000000000e+00 3.057484861913e-01 3.724175094667e+02 -3.536258494228e+00 -3.046696488320e+01 2.905041850637e+01 -3.426519050212e+01 6.334622162946e+01 6.831282860750e+01 3.623350117078e+05
2.012543261923e+03 1.020000000000e+00 4.061507555516e+01 4.600000000000e+00 4.801782284368e-01 3.726214406236e+02 -3.305019324284e+00 -2.834778791564e+01 2.975263155405e+01 -3.568634373950e+01 6.207585759799e+01 6.786173763723e+01 2.547100570076e+05
2.012543375963e+03 1.020000000000e+00 4.061507555516e+01 4.600000000000e+00 9.382675369903e-01 3.721172959666e+02 -2.282435241911e+00 -2.551212441309e+01 3.132670164711e+01 -3.692345557543e+01 6.113756137686e+01 6.730133119934e+01 1.294653471132e+05
2.012543490004e+03 1.020000000000e+00 4.061507555516e+01 4.600000000000e+00 1.570761953425e+00 3.711998484504e+02 -4.427885796043e-01 -2.261737237258e+01 3.404953130205e+01 -3.805596524616e+01 6.048702177948e+01 6.687334471571e+01 8.110412673550e+04
2.012543604044e+03 1.020000000000e+00 4.061507555516e+01 4.600000000000e+00 2.298306136600e+00 3.702008612934e+02 1.996561080916e+00 -2.000152540024e+01 3.779524576332e+01 -3.913370853656e+01 6.004560888168e+01 6.674635604541e+01 6.059733813761e+04
2.012543718084e+03 1.020000000000e+00 4.161507555516e+01 4.700000000000e+00 2.998965630157e+00 3.681398923321e+02 4.556267689357e+00 -1.775158919274e+01 4.220193488798e+01 -4.018640265018e+01 5.831057537231e+01 6.796555541579e+01 5.147176280986e+04
2.012543832124e+03 1.020000000000e+00 4.161507555516e+01 4.700000000000e+00 3.768044135097e+00 3.673722469752e+02 7.254159291137e+00 -1.608699544504e+01 4.574343222924e+01 -4.144287022218e+01 5.916114148372e+01 6.825452874900e+01 4.423439921738e+04
2.012543946165e+03 1.020000000000e+00 4.161507555516e+01 4.700000000000e+00 4.507463808735e+00 3.667479860274e+02 9.690666218006e+00 -1.522089369282e+01 4.862288251050e+01 -4.283935061027e+01 6.083861474265e+01 6.863023122985e+01 3.920052749305e+04
2.012544060205e+03 1.020000000000e+00 4.161507555516e+01 4.700000000000e+00 5.160225239441e+00 3.663580537261e+02 1.137877629127e+01 -1.472630862763e+01 5.099478603270e+01 -4.435609908240e+01 6.298502371942e+01 6.933460414930e+01 3.583520623255e+04
2.012544174245e+03 1.020000000000e+00 4.161507555516e+01 4.700000000000e+00 5.695016073569e+00 3.662660159538e+02 1.222952732730e+01 -1.442946476787e+01 5.371590412473e+01 -4.587621730434e+01 6.542937137974e+01 7.016694762771e+01 3.414662057166e+04
2.012544288285e+03 1.020000000000e+00 4.161507555516e+01 4.700000000000e+00 6.265034603823e+00 3.665922483438e+02 1.247627179903e+01 -1.458239228559e+01 5.988021554115e+01 -4.720106373672e+01 6.813924841199e+01 7.039732563181e+01 3.448788320422e+04
2.012544402326e+03 1.020000000000e+00 4.161507555516e+01 4.700000000000e+00 7.351562743346e+00 3.673729126229e+02 1.222233028566e+01 -1.591546605344e+01 7.567222040707e+01 -4.813156659273e+01 7.051407826409e+01 6.978496545378e+01 3.701424380647e+04
2.012544516366e+03 1.020000000000e+00 4.161507555516e+01 4.700000000000e+00 8.978996985331e+00 3.684535322398e+02 1.069786352193e+01 -1.822748806965e+01 1.022802319088e+02 -4.855881855703e+01 7.246853607363e+01 6.882704333823e+01 4.097242049380e+04
2.012544630406e+03 1.020000000000e+00 4.161507555516e+01 4.700000000000e+00 1.085044051514e+01 3.699168784550e+02 7.483408180834e+00 -2.074644599040e+01 1.364114976927e+02 -4.854221423714e+01 7.468944212214e+01 6.742119358715e+01 4.530100791588e+04
2.012544744446e+03 1.020000000000e+00 4.161507555516e+01 4.700000000000e+00 1.275758466638e+01 3.714726867190e+02 3.309236106072e+00 -2.297598514664e+01 1.746680870642e+02 -4.820343171774e+01 7.764227179804e+01 6.423585672955e+01 4.940742283122e+04
2.012544858487e+03 1.020000000000e+00 4.161507555516e+01 4.700000000000e+00 1.450330138695e+01 3.729261186496e+02 -1.010858618441e+00 -2.459306464692e+01 2.142224898485e+02 -4.768276021752e+01 8.101677761692e+01 5.823713021846e+01 5.336515309425e+04
2.012544972527e+03 1.020000000000e+00 4.161507555516e+01 4.700000000000e+00 1.566837776728e+01 3.743929318468e+02 -5.050682860596e+00 -2.548041988072e+01 2.506825724486e+02 -4.707424565987e+01 8.432626939652e+01 5.081485935819e+01 5.789178297414e+04
2.012545086567e+03 1.020000000000e+00 4.161507555516e+01 4.700000000000e+00 1.597196213977e+01 3.759534974139e+02 -8.740547368913e+00 -2.578621195830e+01 2.790227435558e+02 -4.638455565875e+01 8.716176877180e+01 4.325046512259e+01 6.326177015952e+04
2.012545200607e+03 1.020000000000e+00 4.161507555516e+01 4.700000000000e+00 1.586810838660e+01 3.775434113668e+02 -1.194348447963e+01 -2.573735626181e+01 2.974745523275e+02 -4.564837498928e+01 8.922968746927e+01 3.633423768115e+01 6.789891802689e+04
2.012545314648e+03 1.020000000000e+00 4.161507555516e+01 4.700000000000e+00 1.559204958819e+01 3.791273565912e+02 -1.456518240629e+01 -2.539984539279e+01 3.067363349081e+02 -4.492126292483e+01 9.050176010294e+01 3.046616944635e+01 7.125528579474e+04
2.012545428688e+03 1.020000000000e+00 4.161507555516e+01 4.700000000000e+00 1.511458813413e+01 3.809823631524e+02 -1.652526277585e+01 -2.433404120010e+01 3.084223104050e+02 -4.423084845700e+01 9.094608737827e+01 2.555574783730e+01 7.396415110132e+04
2.012545542728e+03 1.020000000000e+00 4.161507555516e+01 4.700000000000e+00 1.408953583608e+01 3.842325247544e+02 -1.760448165323e+01 -2.225576505043e+01 3.019696196817e+02 -4.346108370003e+01 8.976249209285e+01 2.062407342392e+01 7.778131997120e+04
2.012545656768e+03 1.020000000000e+00 4.161507555516e+01 4.700000000000e+00 1.250850366146e+01 3.899880828480e+02 -1.792883965433e+01 -1.966311377955e+01 2.841970471584e+02 -4.244566582670e+01 8.531554098705e+01 1.540445680057e+01 8.220849136758e+04
2.012545770809e+03 1.020000000000e+00 4.161507555516e+01 4.700000000000e+00 1.069863726835e+01 3.990652180292e+02 -1.736477109133e+01 -1.644468469471e+01 2.381224483221e+02 -4.082357091799e+01 7.400761715329e+01 1.051565247883e+01 8.020888632214e+04
2.012545884849e+03 1.020000000000e+00 4.161507555516e+01 4.700000000000e+00 8.806354856056e+00 4.109172398389e+02 -1.444022236751e+01 -1.217266777237e+01 1.774060562182e+02 -3.884350991840e+01 5.957531851912e+01 7.130897758341e+00 7.245918748647e+04
2.012545998889e+03 1.020000000000e+00 4.161507555516e+01 4.700000000000e+00 7.186372233961e+00 4.229031879966e+02 -9.168994648296e+00 -7.974824683294e+00 1.267452249814e+02 -3.701443641936e+01 4.683085541372e+01 4.707704332321e+00 6.358621534471e+04
2.012546112929e+03 1.020000000000e+00 4.161507555516e+01 4.700000000000e+00 6.127677511334e+00 4.317574326234e+02 -4.967121839123e+00 -5.031852773303e+00 9.639969818545e+01 -3.566237471683e+01 3.844260418516e+01 2.977291697822e+00 5.691380321887e+04
2.012546226970e+03 1.020000000000e+00 4.161507555516e+01 4.700000000000e+00 5.645589704749e+00 4.360840242424e+02 -3.019351424852e+00 -3.643981596215e+00 8.408952605080e+01 -3.484467157567e+01 3.461218109433e+01 2.053971547711e+00 5.393434546382e+04
2.012546341010e+03 1.020000000000e+00 4.161507555516e+01 4.700000000000e+00 5.427698352735e+00 4.379476639435e+02 -2.250950073029e+00 -3.102713561279e+00 7.904075608442e+01 -3.433247362514e+01 3.296723865880e+01 1.677706464921e+00 5.273701376282e+04
2.012546455050e+03 1.020000000000e+00 4.251507555516e+01 4.800000000000e+00 5.297085396855e+00 4.391374396103e+02 -1.965410748127e+00 -2.875423954439e+00 7.635367055627e+01 -3.416516665242e+01 3.215959511164e+01 1.530248405778e+00 5.220088929365e+04
2.012546569090e+03 1.020000000000e+00 4.251507555516e+01 4.800000000000e+00 5.198786371816e+00 4.398160455988e+02 -1.732681174630e+00 -2.730981975670e+00 7.422954586373e+01 -3.428612911930e+01 3.159721913837e+01 1.402075706408e+00 5.170825254189e+04
2.012546683131e+03 1.020000000000e+00 4.251507555516e+01 4.800000000000e+00 5.127905651114e+00 4.403873348602e+02 -1.505232143499e+00 -2.626746287224e+00 7.271118301880e+01 -3.436958408522e+01 3.118638973441e+01 1.291211965205e+00 5.135009047766e+04
2.012546797171e+03 1.020000000000e+00 4.251507555516e+01 4.800000000000e+00 5.099498266952e+00 4.409070113963e+02 -1.165439042142e+00 -2.546104769025e+00 7.210822429544e+01 -3.436227802127e+01 3.082323032802e+01 1.156400687274e+00 5.120744220471e+04
2.012546911211e+03 1.020000000000e+00 4.251507555516e+01 4.800000000000e+00 5.089822531618e+00 4.414196573586e+02 -7.735821196012e-01 -2.511218569423e+00 7.191137670354e+01 -3.432930563952e+01 3.051679494688e+01 9.752648931193e-01 5.116460899325e+04
2.012547025251e+03 1.020000000000e+00 4.251507555516e+01 4.800000000000e+00 5.085543523412e+00 4.419788213263e+02 -4.129866631114e-01 -2.494868652431e+00 7.184122277765e+01 -3.432368823040e+01 3.027753158910e+01 7.859447533977e-01 5.115743075562e+04
2.012547139292e+03 1.020000000000e+00 4.251507555516e+01 4.800000000000e+00 5.090360779235e+00 4.426058650040e+02 -9.712145070099e-02 -2.484897574341e+00 7.196818847462e+01 -3.436161430784e+01 3.015420510426e+01 5.992245567307e-01 5.119900661738e+04
2.012547253332e+03 1.020000000000e+00 4.251507555516e+01 4.800000000000e+00 5.106238150821e+00 4.433229300141e+02 1.737874733590e-01 -2.480288826573e+00 7.233198112500e+01 -3.444155684035e+01 3.017166913693e+01 4.134261915479e-01 5.129741066564e+04
2.012547367372e+03 1.020000000000e+00 4.251507555516e+01 4.800000000000e+00 5.136157982006e+00 4.441065408490e+02 3.718473675289e-01 -2.481848253454e+00 7.300351418271e+01 -3.455838660547e+01 3.021589927196e+01 2.315010016157e-01 5.147122406356e+04
2.012547481412e+03 1.020000000000e+00 4.251507555516e+01 4.800000000000e+00 5.188131248773e+00 4.448854642104e+02 4.677217897405e-01 -2.495836040923e+00 7.415083361158e+01 -3.470415456651e+01 3.032537766798e+01 6.243366202612e-02 5.175543477075e+04
2.012547595453e+03 1.020000000000e+00 4.251507555516e+01 4.800000000000e+00 5.264006365499e+00 4.456460373126e+02 5.052142010104e-01 -2.517918378348e+00 7.581794283406e+01 -3.486166431316e+01 3.052350442316e+01 -8.448326397952e-02 5.215567749612e+04
2.012547709493e+03 1.020000000000e+00 4.251507555516e+01 4.800000000000e+00 5.356525375479e+00 4.464685501082e+02 5.217093286882e-01 -2.541678393529e+00 7.785855861858e+01 -3.500147991794e+01 3.073167466296e+01 -2.042225488523e-01 5.263386669588e+04
2.012547823533e+03 1.020000000000e+00 4.251507555516e+01 4.800000000000e+00 5.462865753123e+00 4.473858782625e+02 5.212863965161e-01 -2.565458046442e+00 8.023028463447e+01 -3.508875236723e+01 3.091281145897e+01 -2.943485751625e-01 5.318089343477e+04
2.012547937573e+03 1.020000000000e+00 4.251507555516e+01 4.800000000000e+00 5.582800137637e+00 4.484042857053e+02 4.598270373523e-01 -2.587797316974e+00 8.293769505672e+01 -3.509363864446e+01 3.105704414108e+01 -3.542432074913e-01 5.379386991873e+04
2.012548051613e+03 1.020000000000e+00 4.251507555516e+01 4.800000000000e+00 5.716089873574e+00 4.495165681780e+02 3.381373969467e-01 -2.603606927769e+00 8.598639791672e+01 -3.500115737529e+01 3.116956893041e+01 -3.898487830093e-01 5.447016587143e+04
2.012548165654e+03 1.020000000000e+00 4.251507555516e+01 4.800000000000e+00 5.861433616244e+00 4.507147979565e+02 1.827049450392e-01 -2.619488097903e+00 8.935804371974e+01 -3.481138161726e+01 3.125701109634e+01 -4.028873441710e-01 5.520182051854e+04
2.012548279694e+03 1.020000000000e+00 4.251507555516e+01 4.800000000000e+00 6.014541497681e+00 4.520018240562e+02 6.717473779479e-03 -2.637016333629e+00 9.302153419800e+01 -3.453840200790e+01 3.132977941339e+01 -4.049067606033e-01 5.600131736039e+04
2.012548393734e+03 1.020000000000e+00 4.251507555516e+01 4.800000000000e+00 6.145164754491e+00 4.533942946761e+02 -1.826690533091e-01 -2.659059368242e+00 9.694543481387e+01 -3.420433783403e+01 3.140486353243e+01 -3.862432823085e-01 5.712209922500e+04
2.012548507774e+03 1.020000000000e+00 4.251507555516e+01 4.800000000000e+00 6.230591560790e+00 4.549054356886e+02 -3.927528823443e-01 -2.695777300925e+00 1.010885153812e+02 -3.382979469712e+01 3.149215259884e+01 -2.850418305376e-01 5.874684212021e+04
2.012548621815e+03 1.020000000000e+00 4.251507555516e+01 4.800000000000e+00 6.301864034147e+00 4.565188211263e+02 -6.503799303267e-01 -2.735594478985e+00 1.053635184171e+02 -3.342573052365e+01 3.157599092954e+01 -8.763558097024e-02 6.053893896957e+04
2.012548735855e+03 1.020000000000e+00 4.251507555516e+01 4.800000000000e+00 6.372077854281e+00 4.581853647276e+02 -9.895417924668e-01 -2.804143016680e+00 1.095968827374e+02 -3.299404221661e+01 3.160527628677e+01 1.561197283192e-01 6.227821048034e+04
2.012548849895e+03 1.020000000000e+00 4.251507555516e+01 4.800000000000e+00 6.436559838246e+00 4.598386857334e+02 -1.420777008692e+00 -2.895725769857e+00 1.135129722879e+02 -3.253873430290e+01 3.151188132848e+01 4.340250394458e-01 6.385879137327e+04
2.012548963935e+03 1.020000000000e+00 4.251507555516e+01 4.800000000000e+00 6.482090971543e+00 4.614066160153e+02 -1.916657033882e+00 -2.990679787510e+00 1.167605483473e+02 -3.206863334799e+01 3.127895076321e+01 7.405855870350e-01 6.522657204839e+04
2.012549077976e+03 1.020000000000e+00 4.251507555516e+01 4.800000000000e+00 6.486982801247e+00 4.628392346430e+02 -2.440634868446e+00 -3.070421688873e+00 1.189163061856e+02 -3.159379410978e+01 3.098563064166e+01 1.058894552332e+00 6.638312118649e+04
2.012549192016e+03 1.020000000000e+00 4.351507555516e+01 4.900000000000e+00 6.441907519558e+00 4.639877151506e+02 -2.770654000075e+00 -3.145119712749e+00 1.196976869014e+02 -3.126977913823e+01 3.055328287073e+01 1.361241000919e+00 6.728927264712e+04
2.012549306056e+03 1.020000000000e+00 4.351507555516e+01 4.900000000000e+00 6.336181751493e+00 4.651475906633e+02 -3.258346205990e+00 -3.158108555152e+00 1.193444703609e+02 -3.080660124405e+01 3.005021981299e+01 1.630025545648e+00 6.821093561279e+04
2.012549420096e+03 1.020000000000e+00 4.351507555516e+01 4.900000000000e+00 6.210946357248e+00 4.661770168613e+02 -3.620266471171e+00 -3.147586344194e+00 1.178471607121e+02 -3.033989423616e+01 2.952286004834e+01 1.830672750843e+00 6.871362647563e+04
2.012549534137e+03 1.020000000000e+00 4.351507555516e+01 4.900000000000e+00 6.069620086583e+00 4.671199159286e+02 -3.838884214911e+00 -3.108243766127e+00 1.154838349965e+02 -2.986107135967e+01 2.900058702072e+01 1.953629493891e+00 6.890418409382e+04
2.012549648177e+03 1.020000000000e+00 4.351507555516e+01 4.900000000000e+00 5.897002994290e+00 4.680170334773e+02 -3.930914980198e+00 -3.008585681428e+00 1.124557436774e+02 -2.936782162636e+01 2.848409014639e+01 2.023646256803e+00 6.906178773232e+04
2.012549762217e+03 1.020000000000e+00 4.351507555516e+01 4.900000000000e+00 5.716661057183e+00 4.688989303057e+02 -3.949657005316e+00 -2.875813978038e+00 1.091514844658e+02 -2.887428490929e+01 2.796796780834e+01 2.039380557350e+00 6.914708300984e+04
2.012549876257e+03 1.020000000000e+00 4.351507555516e+01 4.900000000000e+00 5.543159309555e+00 4.697698909530e+02 -3.939630887016e+00 -2.728980873374e+00 1.058005571146e+02 -2.840984621942e+01 2.745251546386e+01 2.023234457659e+00 6.912187689260e+04
2.012549990298e+03 1.020000000000e+00 4.351507555516e+01 4.900000000000e+00 5.384255518937e+00 4.706254679404e+02 -3.898336125868e+00 -2.584034245109e+00 1.024735897599e+02 -2.800639970549e+01 2.694063267267e+01 1.962227009739e+00 6.892396748465e+04
2.012550104338e+03 1.020000000000e+00 4.351507555516e+01 4.900000000000e+00 5.243061791415e+00 4.714640887324e+02 -3.814549904264e+00 -2.432582675643e+00 9.927712359194e+01 -2.768464983274e+01 2.643135029382e+01 1.825694979216e+00 6.857214730812e+04
2.012550218378e+03 1.020000000000e+00 4.351507555516e+01 4.900000000000e+00 5.119151856096e+00 4.722836013470e+02 -3.731486527905e+00 -2.270695180518e+00 9.623382064782e+01 -2.744922937968e+01 2.592365445444e+01 1.670064087061e+00 6.807902109486e+04
2.012550332418e+03 1.020000000000e+00 4.351507555516e+01 4.900000000000e+00 5.009418819784e+00 4.730773231519e+02 -3.653637362783e+00 -2.105314534421e+00 9.340187830231e+01 -2.729134766792e+01 2.541410925207e+01 1.515500792178e+00 6.752311373813e+04
2.012550446459e+03 1.020000000000e+00 4.351507555516e+01 4.900000000000e+00 4.909638981614e+00 4.738337987172e+02 -3.565051058061e+00 -1.944078562213e+00 9.083114691361e+01 -2.719297262063e+01 2.489580731777e+01 1.365222357625e+00 6.699920691130e+04
2.012550560499e+03 1.020000000000e+00 4.351507555516e+01 4.900000000000e+00 4.825088506210e+00 4.745403317804e+02 -3.446784013008e+00 -1.790718675269e+00 8.859038690164e+01 -2.713334077043e+01 2.435943528793e+01 1.220104527274e+00 6.649156207848e+04
2.012550674539e+03 1.020000000000e+00 4.351507555516e+01 4.900000000000e+00 4.760147797122e+00 4.752011130638e+02 -3.321056946877e+00 -1.647269076576e+00 8.654656661725e+01 -2.709406750516e+01 2.382610512761e+01 1.084016978532e+00 6.584384822369e+04
2.012550788579e+03 1.020000000000e+00 4.351507555516e+01 4.900000000000e+00 4.703758481210e+00 4.758233154262e+02 -3.198383240864e+00 -1.512773436278e+00 8.465271646875e+01 -2.706290047871e+01 2.330662870343e+01 9.601284054150e-01 6.517493459781e+04
2.012550902620e+03 1.020000000000e+00 4.351507555516e+01 4.900000000000e+00 4.648413865448e+00 4.764080005687e+02 -3.069673261768e+00 -1.386243878247e+00 8.293679897902e+01 -2.703305378201e+01 2.279672545016e+01 8.506896964477e-01 6.461392915383e+04
2.012551016660e+03 1.020000000000e+00 4.351507555516e+01 4.900000000000e+00 4.595821284578e+00 4.769535775012e+02 -2.927443780264e+00 -1.268125375473e+00 8.141757586252e+01 -2.700190306689e+01 2.229472794435e+01 7.585238751953e-01 6.415608940886e+04
2.012551130700e+03 1.020000000000e+00 4.351507555516e+01 4.900000000000e+00 4.548384407748e+00 4.774566814968e+02 -2.771630583277e+00 -1.158317333160e+00 8.008802370622e+01 -2.696991216076e+01 2.180527760873e+01 6.864670454435e-01 6.376649496622e+04
2.012551244740e+03 1.020000000000e+00 4.351507555516e+01 4.900000000000e+00 4.506655701032e+00 4.779097530540e+02 -2.609148541383e+00 -1.055398470503e+00 7.892925082895e+01 -2.693893500127e+01 2.133690848990e+01 6.365392133288e-01 6.342566896374e+04
2.012551358781e+03 1.020000000000e+00 4.351507555516e+01 4.900000000000e+00 4.470014168099e+00 4.783018735125e+02 -2.450814210292e+00 -9.565292536028e-01 7.791851016959e+01 -2.691105669644e+01 2.089757301801e+01 6.089512012653e-01 6.312666248488e+04
2.012551472821e+03 1.020000000000e+00 4.351507555516e+01 4.900000000000e+00 4.437237374817e+00 4.786239367888e+02 -2.308149952709e+00 -8.578646751532e-01 7.702262521431e+01 -2.688733366979e+01 2.049161402420e+01 5.994730795167e-01 6.286170933142e+04
2.012551586861e+03 1.020000000000e+00 4.351507555516e+01 4.900000000000e+00 4.408723249323e+00 4.788590125219e+02 -2.200950070239e+00 -7.561319251412e-01 7.624805886419e+01 -2.686826467209e+01 2.013067154658e+01 5.982339724467e-01 6.263165602496e+04
2.012551700901e+03 1.020000000000e+00 4.351507555516e+01 4.900000000000e+00 4.392331070805e+00 4.789723568395e+02 -2.161361535658e+00 -6.525349227037e-01 7.578907117213e+01 -2.685432771462e+01 1.985201346299e+01 6.074536132495e-01 6.248689716802e+04
2.012551814942e+03 1.020000000000e+00 4.351507555516e+01 4.900000000000e+00 4.380095020394e+00 4.790320973194e+02 -2.150820030641e+00 -5.510934843473e-01 7.543288898232e+01 -2.684483920150e+01 1.961159181732e+01 6.324307669681e-01 6.236707185345e+04
2.012551928982e+03 1.020000000000e+00 4.441507555516e+01 5.000000000000e+00 4.377565457829e+00 4.789884836554e+02 -2.076270318102e+00 -4.780332922446e-01 7.531136268116e+01 -2.696759401315e+01 1.945552738920e+01 6.255692676990e-01 6.230236083644e+04
2.012552043022e+03 1.020000000000e+00 4.441507555516e+01 5.000000000000e+00 4.365961702833e+00 4.789497660108e+02 -2.097654252677e+00 -3.893909564919e-01 7.498385827776e+01 -2.695426967041e+01 1.924733412961e+01 6.472850156989e-01 6.219627067220e+04
2.012552157062e+03 1.020000000000e+00 4.441507555516e+01 5.000000000000e+00 4.356411662638e+00 4.788390374763e+02 -2.160453324200e+00 -3.154365650709e-01 7.470416752952e+01 -2.694486289745e+01 1.909490189434e+01 6.526751154602e-01 6.210006250171e+04
2.012552271103e+03 1.020000000000e+00 4.441507555516e+01 5.000000000000e+00 4.349044712375e+00 4.786982685368e+02 -2.237969595401e+00 -2.607684689128e-01 7.447561104254e+01 -2.693609852491e+01 1.900207790729e+01 6.485396231100e-01 6.201494057501e+04
2.012552385143e+03 1.020000000000e+00 4.441507555516e+01 5.000000000000e+00 4.342447928065e+00 4.785281456863e+02 -2.316532487756e+00 -2.286115390531e-01 7.426033247457e+01 -2.692216465001e+01 1.892090950366e+01 6.362328222760e-01 6.192963866732e+04
2.012552499183e+03 1.020000000000e+00 4.441507555516e+01 5.000000000000e+00 4.335544208981e+00 4.783243566482e+02 -2.393167202929e+00 -2.128069576394e-01 7.403265284348e+01 -2.689869686112e+01 1.883963995880e+01 6.092433370538e-01 6.183808431658e+04
2.012552613223e+03 1.020000000000e+00 4.441507555516e+01 5.000000000000e+00 4.327793930614e+00 4.780855220754e+02 -2.471975157176e+00 -2.111731772937e-01 7.378240051372e+01 -2.686178258060e+01 1.875706032045e+01 5.618739603377e-01 6.173942444690e+04
2.012552727264e+03 1.020000000000e+00 4.441507555516e+01 5.000000000000e+00 4.318851598479e+00 4.778114397690e+02 -2.561062418288e+00 -2.221488812588e-01 7.350112880503e+01 -2.680880213867e+01 1.866984796672e+01 4.985037792772e-01 6.163143148519e+04
2.012552841304e+03 1.020000000000e+00 4.441507555516e+01 5.000000000000e+00 4.308285784837e+00 4.775040896788e+02 -2.668034647672e+00 -2.441071976677e-01 7.317672063347e+01 -2.673806028689e+01 1.857379759338e+01 4.262393721327e-01 6.150993803508e+04
2.012552955344e+03 1.020000000000e+00 4.441507555516e+01 5.000000000000e+00 4.295444384369e+00 4.771681824022e+02 -2.799889160084e+00 -2.705310678213e-01 7.279342210054e+01 -2.664816672152e+01 1.846675506048e+01 3.503618180883e-01 6.137074682551e+04
2.012553069384e+03 1.020000000000e+00 4.441507555516e+01 5.000000000000e+00 4.279532085866e+00 4.768098507099e+02 -2.961890148201e+00 -2.950897981685e-01 7.233223305090e+01 -2.653901784909e+01 1.834835936849e+01 2.738471761059e-01 6.120877258673e+04
2.012553183425e+03 1.020000000000e+00 4.441507555516e+01 5.000000000000e+00 4.259876919206e+00 4.764341043945e+02 -3.156526159053e+00 -3.147517266439e-01 7.177686851963e+01 -2.641250562323e+01 1.821969910763e+01 1.979208637410e-01 6.101917820268e+04
2.012553297465e+03 1.020000000000e+00 4.441507555516e+01 5.000000000000e+00 4.235994862614e+00 4.760429328562e+02 -3.383425398839e+00 -3.280073435896e-01 7.111521225660e+01 -2.627198834601e+01 1.808297915731e+01 1.232338066696e-01 6.079765122085e+04
2.012553411505e+03 1.020000000000e+00 4.441507555516e+01 5.000000000000e+00 4.207650588525e+00 4.756368140582e+02 -3.639385230291e+00 -3.330728433064e-01 7.034076698235e+01 -2.612089510414e+01 1.794150060623e+01 5.052520431991e-02 6.054073692152e+04
2.012553525545e+03 1.020000000000e+00 4.441507555516e+01 5.000000000000e+00 4.175258454842e+00 4.752179794003e+02 -3.917419236957e+00 -3.310611440782e-01 6.946179990092e+01 -2.596273174042e+01 1.780040184640e+01 -1.961317548547e-02 6.024810773442e+04
2.012553639586e+03 1.020000000000e+00 4.441507555516e+01 5.000000000000e+00 4.138838019284e+00 4.747784404803e+02 -4.212011872976e+00 -3.243723523798e-01 6.847611507784e+01 -2.580083043866e+01 1.765872552830e+01 -8.647226572183e-02 5.991582016081e+04
2.012553753626e+03 1.020000000000e+00 4.441507555516e+01 5.000000000000e+00 4.099473850444e+00 4.743173267965e+02 -4.513853120899e+00 -3.137405758287e-01 6.740806697423e+01 -2.563777661061e+01 1.751952746071e+01 -1.501114445246e-01 5.954760097275e+04
2.012553867666e+03 1.020000000000e+00 4.441507555516e+01 5.000000000000e+00 4.058026173771e+00 4.738286662813e+02 -4.815802248757e+00 -3.028617434203e-01 6.627644638478e+01 -2.547511933954e+01 1.738213289033e+01 -2.116386212911e-01 5.914586449123e+04
2.012553981706e+03 1.020000000000e+00 4.441507555516e+01 5.000000000000e+00 4.015267935723e+00 4.733051774075e+02 -5.112356234082e+00 -2.936042567118e-01 6.509841670799e+01 -2.531277526826e+01 1.724454847687e+01 -2.717411474428e-01 5.871313550546e+04
2.012554095747e+03 1.020000000000e+00 4.441507555516e+01 5.000000000000e+00 3.971772986150e+00 4.727386647751e+02 -5.400870535127e+00 -2.858865551651e-01 6.388724635848e+01 -2.514917102969e+01 1.710284983184e+01 -3.294223311947e-01 5.825168088156e+04
2.012554209787e+03 1.020000000000e+00 4.441507555516e+01 5.000000000000e+00 3.927987710221e+00 4.721232394693e+02 -5.682683945508e+00 -2.780950443772e-01 6.265446379778e+01 -2.498093792253e+01 1.695012940021e+01 -3.819803218798e-01 5.776436126579e+04
2.012554323827e+03 1.020000000000e+00 4.441507555516e+01 5.000000000000e+00 3.884350313696e+00 4.714610625744e+02 -5.965408094693e+00 -2.672925658597e-01 6.141366371956e+01 -2.480108285821e+01 1.677795999791e+01 -4.256278367557e-01 5.725640632755e+04
2.012554437867e+03 1.020000000000e+00 4.441507555516e+01 5.000000000000e+00 3.841308359151e+00 4.707648040683e+02 -6.264119563115e+00 -2.523318638157e-01 6.018201498554e+01 -2.459878927418e+01 1.658209045560e+01 -4.566651120703e-01 5.673673788034e+04
2.012554551908e+03 1.020000000000e+00 4.441507555516e+01 5.000000000000e+00 3.799707022515e+00 4.700520931074e+02 -6.594017319621e+00 -2.354241398369e-01 5.898915255293e+01 -2.436376693016e+01 1.636926032614e+01 -4.733770828308e-01 5.622092584323e+04
2.012554665948e+03 1.020000000000e+00 4.541507555516e+01 5.100000000000e+00 3.821892323606e+00 4.699972503600e+02 -6.515566073765e+00 -2.453648586960e-01 5.944656719573e+01 -2.443035898865e+01 1.653414607354e+01 -4.741243604115e-01 5.632460954430e+04
2.012554779988e+03 1.020000000000e+00 4.541507555516e+01 5.100000000000e+00 3.790159084468e+00 4.693376254896e+02 -6.820890127847e+00 -2.365028718728e-01 5.848961407073e+01 -2.417439864979e+01 1.637197021944e+01 -4.835164940533e-01 5.588189812654e+04
2.012554894028e+03 1.020000000000e+00 4.541507555516e+01 5.100000000000e+00 3.765971959555e+00 4.687318292395e+02 -7.063996864456e+00 -2.421688627139e-01 5.772664089715e+01 -2.392201938106e+01 1.625840888911e+01 -4.968914803679e-01 5.550747638570e+04
2.012555008069e+03 1.020000000000e+00 4.541507555516e+01 5.100000000000e+00 3.749879391428e+00 4.682405178749e+02 -7.166714497119e+00 -2.849116805690e-01 5.716898783516e+01 -2.370477939163e+01 1.619389096909e+01 -5.106606663316e-01 5.520750648463e+04
2.012555122109e+03 1.020000000000e+00 4.541507555516e+01 5.100000000000e+00 3.751856110921e+00 4.679881165387e+02 -7.130172519150e+00 -3.656240613901e-01 5.703157636117e+01 -2.354791919401e+01 1.625376799773e+01 -5.269745054417e-01 5.504620584047e+04
2.012555236149e+03 1.020000000000e+00 4.541507555516e+01 5.100000000000e+00 3.782606885798e+00 4.680162315073e+02 -6.969100889623e+00 -4.720760332861e-01 5.753966887913e+01 -2.346570610221e+01 1.653028070851e+01 -5.484103252406e-01 5.508514881903e+04
2.012555350189e+03 1.020000000000e+00 4.541507555516e+01 5.100000000000e+00 3.827783735581e+00 4.681402611315e+02 -6.644803872045e+00 -5.875424812378e-01 5.836199659764e+01 -2.346235514972e+01 1.694128135580e+01 -5.676094360565e-01 5.521300663044e+04
2.012555464230e+03 1.020000000000e+00 4.541507555516e+01 5.100000000000e+00 3.878042154666e+00 4.682759879891e+02 -6.246376439355e+00 -6.976400704761e-01 5.929850481252e+01 -2.353267279453e+01 1.740603065090e+01 -5.776486965195e-01 5.537219870901e+04
2.012555578270e+03 1.020000000000e+00 4.541507555516e+01 5.100000000000e+00 3.925617988479e+00 4.683965087789e+02 -5.831355109610e+00 -7.890619581732e-01 6.017005932596e+01 -2.365854619068e+01 1.788300758414e+01 -5.783967630146e-01 5.550549792308e+04
2.012555692310e+03 1.020000000000e+00 4.541507555516e+01 5.100000000000e+00 3.965598120747e+00 4.684753075948e+02 -5.438892688134e+00 -8.501272151576e-01 6.085515345482e+01 -2.381195310474e+01 1.832716939381e+01 -5.730625426590e-01 5.557187965800e+04
2.012555806350e+03 1.020000000000e+00 4.541507555516e+01 5.100000000000e+00 3.996225845764e+00 4.684071982070e+02 -5.091093895668e+00 -8.842606053891e-01 6.131246658623e+01 -2.396327085092e+01 1.870907772528e+01 -5.582410211118e-01 5.556045953455e+04
2.012555920391e+03 1.020000000000e+00 4.541507555516e+01 5.100000000000e+00 4.020144442242e+00 4.681724548385e+02 -4.796506070395e+00 -9.063417984480e-01 6.160571106897e+01 -2.409396518264e+01 1.902708040803e+01 -5.381309727856e-01 5.549394710463e+04
2.012556034431e+03 1.020000000000e+00 4.541507555516e+01 5.100000000000e+00 4.040515668476e+00 4.678401604361e+02 -4.554569064068e+00 -9.167790691971e-01 6.180647875709e+01 -2.419623142287e+01 1.928677878926e+01 -5.132969648010e-01 5.539396891221e+04
2.012556148471e+03 1.020000000000e+00 4.541507555516e+01 5.100000000000e+00 4.058881594052e+00 4.674321603277e+02 -4.359439803484e+00 -9.206201332946e-01 6.195370287511e+01 -2.426941686272e+01 1.948913975037e+01 -4.847642689581e-01 5.527456022672e+04
2.012556262511e+03 1.020000000000e+00 4.541507555516e+01 5.100000000000e+00 4.076125687298e+00 4.669569973979e+02 -4.200999334089e+00 -9.251223425143e-01 6.207436128675e+01 -2.431776112346e+01 1.963595832524e+01 -4.551783811966e-01 5.514786284335e+04
2.012556376552e+03 1.020000000000e+00 4.541507555516e+01 5.100000000000e+00 4.092848342455e+00 4.664212462033e+02 -4.062037122971e+00 -9.345655914920e-01 6.218334856878e+01 -2.434728504188e+01 1.973589407396e+01 -4.247727353418e-01 5.501893201689e+04
2.012556490592e+03 1.020000000000e+00 4.541507555516e+01 5.100000000000e+00 4.109956904320e+00 4.658379822506e+02 -3.926277984202e+00 -9.514744598333e-01 6.230080268691e+01 -2.436313158492e+01 1.980121706915e+01 -3.938045223902e-01 5.489328837637e+04
2.012556604632e+03 1.020000000000e+00 4.541507555516e+01 5.100000000000e+00 4.129137513319e+00 4.652319150628e+02 -3.784537443346e+00 -9.773636821491e-01 6.246578946883e+01 -2.436836506125e+01 1.984544846220e+01 -3.631975679286e-01 5.478273623096e+04
2.012556718672e+03 1.020000000000e+00 4.541507555516e+01 5.100000000000e+00 4.152320927876e+00 4.646336004531e+02 -3.630945221149e+00 -1.014868925691e+00 6.272368969991e+01 -2.436456161006e+01 1.988431182226e+01 -3.357008471184e-01 5.470136697485e+04
2.012556832713e+03 1.020000000000e+00 4.541507555516e+01 5.100000000000e+00 4.180679989737e+00 4.640659377330e+02 -3.463828763823e+00 -1.067176673510e+00 6.310362788726e+01 -2.435298732041e+01 1.992765969235e+01 -3.127395634474e-01 5.465905357571e+04
2.012556946753e+03 1.020000000000e+00 4.541507555516e+01 5.100000000000e+00 4.211895956071e+00 4.635208030228e+02 -3.270904923845e+00 -1.127902114154e+00 6.355484856004e+01 -2.433702047316e+01 1.998673199214e+01 -2.864004045955e-01 5.464178175100e+04
2.012557060793e+03 1.020000000000e+00 4.541507555516e+01 5.100000000000e+00 4.242150987697e+00 4.629649035598e+02 -3.063445011742e+00 -1.187561129426e+00 6.398701360999e+01 -2.432300384123e+01 2.005275849210e+01 -2.501219862481e-01 5.462118875610e+04
2.012557174833e+03 1.020000000000e+00 4.541507555516e+01 5.100000000000e+00 4.268734783299e+00 4.623599180691e+02 -2.890036824861e+00 -1.238108845177e+00 6.432993202545e+01 -2.431664261633e+01 2.008956325288e+01 -2.028914531863e-01 5.457223287847e+04
2.012557288874e+03 1.020000000000e+00 4.541507555516e+01 5.100000000000e+00 4.291134018618e+00 4.616827797378e+02 -2.799565500969e+00 -1.271272980027e+00 6.455990132500e+01 -2.432003281599e+01 2.004482458827e+01 -1.446201186267e-01 5.448163920585e+04
2.012557402914e+03 1.020000000000e+00 4.631507555516e+01 5.200000000000e+00 4.316234446502e+00 4.619356549048e+02 -2.807248312188e+00 -1.257326365879e+00 6.530893332820e+01 -2.451671556236e+01 1.974122395012e+01 -7.244678680034e-02 5.479568640296e+04
2.012557516954e+03 1.020000000000e+00 4.631507555516e+01 5.200000000000e+00 4.324363395100e+00 4.610984662005e+02 -2.822364959367e+00 -1.253741299944e+00 6.514225128792e+01 -2.454941398743e+01 1.947812535526e+01 1.621463130329e-02 5.455362702216e+04
2.012557630994e+03 1.020000000000e+00 4.631507555516e+01 5.200000000000e+00 4.311935979604e+00 4.600422941152e+02 -2.896095929612e+00 -1.232133663950e+00 6.448930977735e+01 -2.460332853453e+01 1.911234418133e+01 1.171366580976e-01 5.416320687870e+04
2.012557745035e+03 1.020000000000e+00 4.631507555516e+01 5.200000000000e+00 4.283599160108e+00 4.588261026417e+02 -2.987005946531e+00 -1.197731550778e+00 6.348794911230e+01 -2.467296171788e+01 1.863084814582e+01 2.149601480637e-01 5.367567657347e+04
2.012557859075e+03 1.020000000000e+00 4.631507555516e+01 5.200000000000e+00 4.242093518227e+00 4.575045099113e+02 -3.041290112352e+00 -1.163726639953e+00 6.223294787211e+01 -2.475008498088e+01 1.810209543467e+01 2.985374069772e-01 5.313021175319e+04
2.012557973115e+03 1.020000000000e+00 4.631507555516e+01 5.200000000000e+00 4.186994723042e+00 4.561050835169e+02 -3.055946218368e+00 -1.137677197325e+00 6.075281223341e+01 -2.483189498380e+01 1.759546845215e+01 3.602592457243e-01 5.254975810466e+04
