VARIABLES="time" "Distance" "lon" "lat" "density" "Vx" "Vy" "Vz" "p" "Bx" "By" "Bz" "T"
ZONE
DT=(DOUBLE DOUBLE DOUBLE DOUBLE DOUBLE DOUBLE DOUBLE DOUBLE DOUBLE DOUBLE DOUBLE DOUBLE DOUBLE )
2.012529234973e+03 1.020000000000e+00 3.591507555516e+01 4.200000000000e+00 3.652711505346e+00 4.177684221488e+02 7.070546155698e+00 -2.495022167756e+00 5.448854049228e+01 2.589592908127e+01 -8.701723017045e+00 -1.704747534736e+00 5.393331811807e+04
2.012529349013e+03 1.020000000000e+00 3.591507555516e+01 4.200000000000e+00 3.903202833374e+00 4.158196115199e+02 7.340565587187e+00 -1.329583821007e+00 5.995003876155e+01 2.288904737657e+01 -8.715980294206e+00 -5.343045652393e-01 5.552091706599e+04
2.012529463053e+03 1.020000000000e+00 3.591507555516e+01 4.200000000000e+00 4.208302510863e+00 4.143577701154e+02 7.379797602364e+00 -4.683467205378e-01 6.683595230242e+01 1.979479978681e+01 -8.630231237902e+00 4.775235883051e-01 5.741999675801e+04
2.012529577093e+03 1.020000000000e+00 3.591507555516e+01 4.200000000000e+00 4.521065477482e+00 4.130516063724e+02 7.252663438103e+00 3.731898310541e-02 7.409478726903e+01 1.679155663372e+01 -8.473536063887e+00 1.174904151339e+00 5.927367953126e+04
2.012529691134e+03 1.020000000000e+00 3.591507555516e+01 4.200000000000e+00 4.810908225710e+00 4.117652850988e+02 6.690424865382e+00 2.137844398206e-01 8.097763615994e+01 1.409177881491e+01 -8.299599059344e+00 1.511862639614e+00 6.089916541255e+04
2.012529805174e+03 1.020000000000e+00 3.591507555516e+01 4.200000000000e+00 5.066306087800e+00 4.104882391854e+02 5.506774891593e+00 1.302762661278e-01 8.715613141516e+01 1.184854255748e+01 -8.124906680124e+00 1.636758503909e+00 6.226142857226e+04
2.012529919214e+03 1.020000000000e+00 3.591507555516e+01 4.200000000000e+00 5.278334277020e+00 4.092336498352e+02 3.901115525303e+00 -3.146558901171e-01 9.236497109124e+01 1.010127823092e+01 -7.946145870004e+00 1.617046144366e+00 6.334727199225e+04
2.012530033254e+03 1.020000000000e+00 3.591507555516e+01 4.200000000000e+00 5.438415091503e+00 4.079879198204e+02 2.231460108717e+00 -9.870429345143e-01 9.657256115127e+01 8.782367248054e+00 -7.678240813423e+00 1.440013352031e+00 6.429240254744e+04
2.012530147295e+03 1.020000000000e+00 3.681507555516e+01 4.300000000000e+00 5.551844427043e+00 4.098110267439e+02 1.035310309332e+00 -2.269222294287e+00 9.760426406825e+01 1.103231125370e+01 -9.544930443406e+00 8.568938227319e-01 6.365780544410e+04
2.012530261335e+03 1.020000000000e+00 3.681507555516e+01 4.300000000000e+00 5.480315114719e+00 4.086357437318e+02 -4.146415041162e-01 -2.716695873943e+00 1.008032480619e+02 1.001309761383e+01 -8.556646803558e+00 9.343077759416e-02 6.660542502735e+04
2.012530375375e+03 1.020000000000e+00 3.681507555516e+01 4.300000000000e+00 5.363698712392e+00 4.075158606601e+02 -1.533306927925e+00 -3.111510249663e+00 1.027415884957e+02 9.054747465236e+00 -7.480332831798e+00 -5.450961592020e-01 6.936544779973e+04
2.012530489415e+03 1.020000000000e+00 3.681507555516e+01 4.300000000000e+00 5.231056537670e+00 4.062044276155e+02 -2.185394070449e+00 -3.362626547132e+00 1.028870092392e+02 8.036715483932e+00 -6.245957809711e+00 -9.397132639965e-01 7.122917171752e+04
2.012530603456e+03 1.020000000000e+00 3.681507555516e+01 4.300000000000e+00 5.082420832041e+00 4.043295967203e+02 -2.446773516704e+00 -3.452495136468e+00 1.007675057323e+02 6.846181740267e+00 -4.634230882542e+00 -1.087031378070e+00 7.180342192170e+04
2.012530717496e+03 1.020000000000e+00 3.681507555516e+01 4.300000000000e+00 4.939247001056e+00 4.020623564029e+02 -2.434429155272e+00 -3.409477804910e+00 9.782372340856e+01 5.394752258188e+00 -2.827414391575e+00 -1.103213369805e+00 7.172632430202e+04
2.012530831536e+03 1.020000000000e+00 3.681507555516e+01 4.300000000000e+00 4.814625999147e+00 3.994822715487e+02 -1.883648361949e+00 -3.057081902323e+00 9.485317488146e+01 3.622082590642e+00 -9.447161920832e-01 -9.700881785947e-01 7.134907619018e+04
2.012530945576e+03 1.020000000000e+00 3.681507555516e+01 4.300000000000e+00 4.705092723779e+00 3.965639110606e+02 -6.859141544468e-01 -2.126468138502e+00 9.207156497696e+01 1.498253453362e+00 1.040293108416e+00 -5.410757638171e-01 7.087141142185e+04
2.012531059617e+03 1.020000000000e+00 3.681507555516e+01 4.300000000000e+00 4.609692804909e+00 3.933197519942e+02 1.128613974079e+00 -8.917888371794e-01 8.933273965839e+01 -9.855418457651e-01 3.212943449818e+00 1.448772708219e-01 7.018756051560e+04
2.012531173657e+03 1.020000000000e+00 3.681507555516e+01 4.300000000000e+00 4.527716941892e+00 3.898409779434e+02 3.225825056519e+00 2.992154270556e-01 8.603117437312e+01 -3.815543421701e+00 5.577059283836e+00 8.214044579918e-01 6.882006287432e+04
2.012531287697e+03 1.020000000000e+00 3.681507555516e+01 4.300000000000e+00 4.475656873307e+00 3.862759194279e+02 5.464116923668e+00 1.268396840925e+00 8.228004584564e+01 -6.956091043268e+00 8.104027777442e+00 1.316743723617e+00 6.658260314637e+04
2.012531401737e+03 1.020000000000e+00 3.681507555516e+01 4.300000000000e+00 4.468252580304e+00 3.827392164662e+02 7.747283522377e+00 1.984929991934e+00 7.827516202661e+01 -1.032932902012e+01 1.074346158677e+01 1.624076502170e+00 6.343353455353e+04
2.012531515778e+03 1.020000000000e+00 3.681507555516e+01 4.300000000000e+00 4.476779220841e+00 3.792832619838e+02 9.993784202190e+00 2.481497751807e+00 7.381689342869e+01 -1.382130360354e+01 1.341283889296e+01 1.801306285428e+00 5.969044838787e+04
2.012531629818e+03 1.020000000000e+00 3.681507555516e+01 4.300000000000e+00 4.486806911298e+00 3.759750008771e+02 1.211212274447e+01 2.731744026441e+00 6.852158273163e+01 -1.729781835955e+01 1.605170507250e+01 1.864154580613e+00 5.526988737169e+04
2.012531743858e+03 1.020000000000e+00 3.681507555516e+01 4.300000000000e+00 4.494505364074e+00 3.729269593400e+02 1.400581479476e+01 2.789406957587e+00 6.278061309354e+01 -2.063229765246e+01 1.860940069257e+01 1.814024014872e+00 5.054326289484e+04
2.012531857898e+03 1.020000000000e+00 3.681507555516e+01 4.300000000000e+00 4.504511847086e+00 3.702176134248e+02 1.559529517384e+01 2.705992847926e+00 5.706323472897e+01 -2.372667407667e+01 2.097872817217e+01 1.604097334633e+00 4.583882010355e+04
2.012531971939e+03 1.020000000000e+00 3.681507555516e+01 4.300000000000e+00 4.524392931453e+00 3.678712696154e+02 1.682551400714e+01 2.487581224661e+00 5.179938686390e+01 -2.651097638059e+01 2.308177839019e+01 1.211588991842e+00 4.144193964050e+04
2.012532085979e+03 1.020000000000e+00 3.681507555516e+01 4.300000000000e+00 4.560386501978e+00 3.658760023997e+02 1.767192855622e+01 2.158869932051e+00 4.732954055861e+01 -2.895061529112e+01 2.489774697253e+01 6.538143053952e-01 3.758993980867e+04
2.012532200019e+03 1.020000000000e+00 3.681507555516e+01 4.300000000000e+00 4.618657107697e+00 3.642403883746e+02 1.818295397853e+01 1.864106068570e+00 4.388296019537e+01 -3.105285862506e+01 2.645913951496e+01 9.698587071857e-02 3.443159290686e+04
2.012532314059e+03 1.020000000000e+00 3.681507555516e+01 4.300000000000e+00 4.703898121533e+00 3.629515824175e+02 1.841161744729e+01 1.694979042262e+00 4.140360460448e+01 -3.283575820639e+01 2.777201555915e+01 -3.453015729354e-01 3.190817537348e+04
2.012532428100e+03 1.020000000000e+00 3.681507555516e+01 4.300000000000e+00 4.807200979168e+00 3.620716636504e+02 1.839371671767e+01 1.631291666571e+00 3.975915749455e+01 -3.433531298878e+01 2.886579193544e+01 -6.113616157930e-01 2.998531538843e+04
2.012532542140e+03 1.020000000000e+00 3.681507555516e+01 4.300000000000e+00 4.910669678895e+00 3.616399817782e+02 1.814811524217e+01 1.651665427448e+00 3.862251312530e+01 -3.558923900930e+01 2.983914167232e+01 -7.260361078165e-01 2.850241387125e+04
2.012532656180e+03 1.020000000000e+00 3.681507555516e+01 4.300000000000e+00 5.036598918385e+00 3.617452358317e+02 1.753258374770e+01 1.820799767688e+00 3.818327324388e+01 -3.662211505967e+01 3.066551044166e+01 -7.289649462350e-01 2.746967092681e+04
2.012532770220e+03 1.020000000000e+00 3.681507555516e+01 4.300000000000e+00 5.163021914869e+00 3.624776734152e+02 1.647024441799e+01 2.195823687586e+00 3.845651900774e+01 -3.743129569920e+01 3.140932159126e+01 -5.795363686765e-01 2.699007349069e+04
2.012532884261e+03 1.020000000000e+00 3.781507555516e+01 4.400000000000e+00 5.172339108698e+00 3.591512748832e+02 1.787855962699e+01 2.182765300711e+00 3.945304377993e+01 -3.629644912622e+01 3.061221774143e+01 -6.791301193301e-01 2.764483958343e+04
2.012532998301e+03 1.020000000000e+00 3.781507555516e+01 4.400000000000e+00 5.361986165386e+00 3.600837324907e+02 1.663449065745e+01 2.601428087621e+00 4.011228791584e+01 -3.714003887972e+01 3.136108046682e+01 -4.005871300465e-01 2.709623728315e+04
2.012533112341e+03 1.020000000000e+00 3.781507555516e+01 4.400000000000e+00 5.564517299888e+00 3.616889967583e+02 1.497925400856e+01 3.160077373174e+00 4.155292499490e+01 -3.777368883493e+01 3.201547945869e+01 1.694357378523e-02 2.702622158819e+04
2.012533226381e+03 1.020000000000e+00 3.781507555516e+01 4.400000000000e+00 5.778236969885e+00 3.636266007580e+02 1.303128391045e+01 3.844055293497e+00 4.345715242533e+01 -3.820740608712e+01 3.255919835354e+01 6.060096363760e-01 2.717952174160e+04
2.012533340422e+03 1.020000000000e+00 3.781507555516e+01 4.400000000000e+00 6.062678005428e+00 3.661329439553e+02 1.068660088177e+01 4.567156168892e+00 4.637255188981e+01 -3.846080271188e+01 3.285201699853e+01 1.296754893430e+00 2.762368998509e+04
2.012533454462e+03 1.020000000000e+00 3.781507555516e+01 4.400000000000e+00 6.360494194811e+00 3.689616329790e+02 8.186076365697e+00 5.261567907441e+00 4.978228596037e+01 -3.857173041602e+01 3.293204356696e+01 2.015499691376e+00 2.827259114229e+04
2.012533568502e+03 1.020000000000e+00 3.781507555516e+01 4.400000000000e+00 6.600503563847e+00 3.718115873392e+02 5.713664908121e+00 5.892864665989e+00 5.313307387421e+01 -3.858397124369e+01 3.284516151883e+01 2.688496889739e+00 2.910084948082e+04
2.012533682542e+03 1.020000000000e+00 3.781507555516e+01 4.400000000000e+00 6.741871757451e+00 3.745001543412e+02 3.372512629075e+00 6.425224561450e+00 5.614073769561e+01 -3.854287787496e+01 3.261530585756e+01 3.248320518580e+00 3.014122330683e+04
2.012533796583e+03 1.020000000000e+00 3.781507555516e+01 4.400000000000e+00 6.816924099869e+00 3.768810016053e+02 1.236626416550e+00 6.842921757171e+00 5.862259186137e+01 -3.849649535198e+01 3.222433305159e+01 3.658931638521e+00 3.117621738548e+04
2.012533910623e+03 1.020000000000e+00 3.781507555516e+01 4.400000000000e+00 6.794976720635e+00 3.788606122439e+02 -6.138303841200e-01 7.153782453439e+00 6.039285180326e+01 -3.847692221004e+01 3.169150140301e+01 3.922135215234e+00 3.224569504560e+04
2.012534024663e+03 1.020000000000e+00 3.781507555516e+01 4.400000000000e+00 6.686641771503e+00 3.804121033124e+02 -2.146163682550e+00 7.372489256861e+00 6.130624169412e+01 -3.850313251351e+01 3.110592213375e+01 4.061084482135e+00 3.325739735889e+04
2.012534138703e+03 1.020000000000e+00 3.781507555516e+01 4.400000000000e+00 6.525542079366e+00 3.815229603644e+02 -3.342170837705e+00 7.496720921820e+00 6.141493630873e+01 -3.857953846165e+01 3.050333057757e+01 4.046624659063e+00 3.412553655238e+04
2.012534252744e+03 1.020000000000e+00 3.781507555516e+01 4.400000000000e+00 6.348993535733e+00 3.821926579490e+02 -4.232447215887e+00 7.495601401018e+00 6.083299825817e+01 -3.869770368048e+01 2.987670269571e+01 3.858986125956e+00 3.472817420507e+04
2.012534366784e+03 1.020000000000e+00 3.781507555516e+01 4.400000000000e+00 6.150220751288e+00 3.824436821821e+02 -4.848203606339e+00 7.363503593898e+00 5.960802217957e+01 -3.884351936523e+01 2.933067905053e+01 3.531992355718e+00 3.509832110290e+04
2.012534480824e+03 1.020000000000e+00 3.781507555516e+01 4.400000000000e+00 5.938865266938e+00 3.822597773875e+02 -5.240902678143e+00 7.136280810044e+00 5.773120629291e+01 -3.900807849575e+01 2.890535383293e+01 3.073298958442e+00 3.516571651896e+04
2.012534594864e+03 1.020000000000e+00 3.781507555516e+01 4.400000000000e+00 5.719801584126e+00 3.816291136082e+02 -5.433032807432e+00 6.801838780200e+00 5.528152822677e+01 -3.917908750492e+01 2.857683756474e+01 2.473981639076e+00 3.492665266233e+04
2.012534708905e+03 1.020000000000e+00 3.781507555516e+01 4.400000000000e+00 5.518298975001e+00 3.807418846604e+02 -5.388042295346e+00 6.327487428106e+00 5.263878145896e+01 -3.936550419202e+01 2.834406256362e+01 1.767928389286e+00 3.443546666166e+04
2.012534822945e+03 1.020000000000e+00 3.781507555516e+01 4.400000000000e+00 5.326979854384e+00 3.794452524793e+02 -5.053527586059e+00 5.747296183782e+00 4.956484554087e+01 -3.958257558537e+01 2.824412721833e+01 1.013540603818e+00 3.355468673891e+04
2.012534936985e+03 1.020000000000e+00 3.781507555516e+01 4.400000000000e+00 5.093418113513e+00 3.771797352357e+02 -4.362044219981e+00 5.316881052905e+00 4.553380449203e+01 -3.965417179403e+01 2.829914659120e+01 4.857386882301e-01 3.222102316560e+04
2.012535051025e+03 1.020000000000e+00 3.781507555516e+01 4.400000000000e+00 4.987220382874e+00 3.767281067267e+02 -3.665496756005e+00 4.299720327746e+00 4.800154077176e+01 -3.958233739785e+01 2.872047318926e+01 -3.252157583146e-01 3.469954560528e+04
2.012535165066e+03 1.020000000000e+00 3.781507555516e+01 4.400000000000e+00 6.662593267750e+00 4.194293353740e+02 4.274530310115e+00 -1.111568706530e+01 4.039183975326e+02 -4.240074930126e+01 4.634112024388e+01 -8.598768368779e+00 1.934158278244e+05
2.012535279106e+03 1.020000000000e+00 3.781507555516e+01 4.400000000000e+00 1.298615227940e+01 5.202749535936e+02 2.238710069674e+01 -3.910143990273e+01 1.933393178440e+03 -4.847367524712e+01 1.027175802291e+02 -2.073109337168e+01 5.344933826337e+05
2.012535393146e+03 1.020000000000e+00 3.781507555516e+01 4.400000000000e+00 1.716016048154e+01 5.518128478768e+02 2.829994765998e+01 -4.551332449292e+01 2.828219491157e+03 -4.894583937135e+01 1.212281359932e+02 -2.007160874024e+01 5.970276137261e+05
2.012535507186e+03 1.020000000000e+00 3.781507555516e+01 4.400000000000e+00 1.817649815103e+01 5.527661639326e+02 2.810391551358e+01 -4.353973460612e+01 2.847747037520e+03 -4.541822602964e+01 1.163548858596e+02 -1.248196100441e+01 5.674556232102e+05
2.012535621227e+03 1.020000000000e+00 3.871507555516e+01 4.400000000000e+00 1.791827236663e+01 5.471074598781e+02 2.354255961412e+01 -3.749036449737e+01 2.681405389179e+03 -4.014039719699e+01 9.656036450040e+01 -4.984270556426e+00 5.419594851902e+05
2.012535735267e+03 1.020000000000e+00 3.871507555516e+01 4.400000000000e+00 1.745218445397e+01 5.391397173853e+02 8.997435573505e+00 -3.533776142492e+01 2.470274481826e+03 -3.445019925894e+01 5.905107088262e+01 -3.127690775893e+00 5.125995248124e+05
2.012535849307e+03 1.020000000000e+00 3.871507555516e+01 4.400000000000e+00 1.706627979466e+01 5.354092115270e+02 -8.100283453195e+00 -3.549540641350e+01 2.341288720607e+03 -3.119048699171e+01 2.013477278087e+01 -3.328624575873e+00 4.968288975095e+05
2.012535963347e+03 1.020000000000e+00 3.871507555516e+01 4.400000000000e+00 1.648223179740e+01 5.342504024883e+02 -2.330036763455e+01 -3.972082899807e+01 2.210552658385e+03 -3.004240214524e+01 -1.834003883450e+01 -1.300198912989e+01 4.857482413878e+05
2.012536077388e+03 1.020000000000e+00 3.871507555516e+01 4.400000000000e+00 1.478191194815e+01 5.330683807860e+02 -3.574035805615e+01 -4.735373464798e+01 1.911105171122e+03 -3.114867134128e+01 -5.515071533894e+01 -4.061590748504e+01 4.686287061485e+05
2.012536191428e+03 1.020000000000e+00 3.871507555516e+01 4.400000000000e+00 1.123093887638e+01 5.299469530697e+02 -4.464929512707e+01 -5.211631940828e+01 1.456487753045e+03 -3.848733808654e+01 -8.210839201322e+01 -7.192355157056e+01 4.715665684672e+05
2.012536305468e+03 1.020000000000e+00 3.871507555516e+01 4.400000000000e+00 7.274855587238e+00 5.215542555276e+02 -4.719525174696e+01 -5.422349463932e+01 9.893256350188e+02 -4.970522269566e+01 -9.287139761189e+01 -9.724992998192e+01 4.953007774555e+05
2.012536419508e+03 1.020000000000e+00 3.871507555516e+01 4.400000000000e+00 4.599868925673e+00 5.145369761232e+02 -4.658247002317e+01 -5.318633975136e+01 6.727516048474e+02 -6.167359287354e+01 -9.529226390649e+01 -1.128267690117e+02 5.313513695125e+05
2.012536533549e+03 1.020000000000e+00 3.871507555516e+01 4.400000000000e+00 3.370538916531e+00 5.116607235204e+02 -4.291590211253e+01 -4.781784881340e+01 5.084036489908e+02 -7.323207432351e+01 -9.320442241352e+01 -1.195545651264e+02 5.456777325146e+05
2.012536647589e+03 1.020000000000e+00 3.871507555516e+01 4.400000000000e+00 2.869844629267e+00 5.097917956456e+02 -3.203567036909e+01 -3.745129409622e+01 4.049051176133e+02 -8.381257703980e+01 -8.926376799849e+01 -1.222464073170e+02 5.100173439704e+05
2.012536761629e+03 1.020000000000e+00 3.871507555516e+01 4.400000000000e+00 2.670013809071e+00 5.089186493939e+02 -1.757517383327e+01 -2.676833343900e+01 3.226225712218e+02 -9.297977807578e+01 -8.518510626356e+01 -1.246116648429e+02 4.371017029258e+05
2.012536875669e+03 1.020000000000e+00 3.871507555516e+01 4.400000000000e+00 2.593559736088e+00 5.101514478928e+02 -2.768729099951e+00 -1.530157331736e+01 2.577555332241e+02 -1.005817097657e+02 -8.348047647116e+01 -1.262041042197e+02 3.597741459686e+05
2.012536989709e+03 1.020000000000e+00 3.871507555516e+01 4.400000000000e+00 2.562221377626e+00 5.148883617111e+02 1.162668546343e+01 -4.500711752522e+00 1.955709615799e+02 -1.066067331802e+02 -8.774931419546e+01 -1.262242707244e+02 2.761289535627e+05
2.012537103750e+03 1.020000000000e+00 3.871507555516e+01 4.400000000000e+00 2.457635242606e+00 5.198718051754e+02 2.414988776568e+01 5.494774009772e+00 1.308306460977e+02 -1.109029882155e+02 -9.743442041370e+01 -1.232943486956e+02 1.920366654740e+05
2.012537217790e+03 1.020000000000e+00 3.871507555516e+01 4.400000000000e+00 2.214994824093e+00 5.228947869097e+02 3.303269926937e+01 1.407524104782e+01 7.559954377624e+01 -1.144149415509e+02 -1.095672233438e+02 -1.162605644607e+02 1.227893067044e+05
2.012537331830e+03 1.020000000000e+00 3.871507555516e+01 4.400000000000e+00 1.933259373242e+00 5.236983239585e+02 3.959071095487e+01 1.890345771287e+01 4.041943759636e+01 -1.187732588657e+02 -1.208435931511e+02 -1.064990553962e+02 7.540781406914e+04
2.012537445870e+03 1.020000000000e+00 3.871507555516e+01 4.400000000000e+00 1.754638358313e+00 5.221980433971e+02 4.292694967588e+01 2.017327196577e+01 2.362430695011e+01 -1.238668907897e+02 -1.297814287125e+02 -9.549034558450e+01 4.875812050136e+04
2.012537559911e+03 1.020000000000e+00 3.871507555516e+01 4.400000000000e+00 1.621996733282e+00 5.169689290441e+02 4.310333771269e+01 1.939588811938e+01 1.650445685785e+01 -1.288340757612e+02 -1.361025497952e+02 -8.384430187210e+01 3.688914205956e+04
2.012537673951e+03 1.020000000000e+00 3.871507555516e+01 4.400000000000e+00 1.436338742072e+00 5.106529444983e+02 4.242966236945e+01 1.714492551139e+01 1.211374387872e+01 -1.333245670331e+02 -1.408858930290e+02 -7.216734777814e+01 3.057782851220e+04
2.012537787991e+03 1.020000000000e+00 3.871507555516e+01 4.400000000000e+00 1.242914242774e+00 5.044374658761e+02 4.147010283151e+01 1.519654380242e+01 8.918185252939e+00 -1.374186544399e+02 -1.445710120386e+02 -5.994289685298e+01 2.597294228545e+04
2.012537902031e+03 1.020000000000e+00 3.871507555516e+01 4.400000000000e+00 1.088204499142e+00 4.983765992778e+02 4.059128437468e+01 1.350833179947e+01 6.688754631816e+00 -1.413348520576e+02 -1.469512135510e+02 -4.722402215563e+01 2.223862134199e+04
2.012538016072e+03 1.020000000000e+00 3.871507555516e+01 4.400000000000e+00 9.963767626224e-01 4.917832688815e+02 3.983559124972e+01 1.119345310530e+01 5.558799366346e+00 -1.452290906658e+02 -1.478541695117e+02 -3.421289683032e+01 2.019227028034e+04
2.012538130112e+03 1.020000000000e+00 3.871507555516e+01 4.400000000000e+00 9.475060172671e-01 4.838591824275e+02 3.844638819586e+01 8.077224902912e+00 5.172034306390e+00 -1.491794149971e+02 -1.474107537309e+02 -2.099878746025e+01 1.975756518179e+04
2.012538244152e+03 1.020000000000e+00 3.871507555516e+01 4.400000000000e+00 9.157010638039e-01 4.757580064183e+02 3.614607752925e+01 4.670647577781e+00 5.038558945492e+00 -1.529527185435e+02 -1.461292113876e+02 -7.757892683587e+00 1.991555009788e+04
2.012538358192e+03 1.020000000000e+00 3.971507555516e+01 4.500000000000e+00 9.004220241518e-01 4.683233439143e+02 3.455277509604e+01 9.877837537816e-01 6.064244004175e+00 -1.568242689366e+02 -1.484988523073e+02 9.359713422170e+00 2.429828735054e+04
2.012538472233e+03 1.020000000000e+00 3.971507555516e+01 4.500000000000e+00 8.923584065118e-01 4.605703752633e+02 3.253179670091e+01 -1.977338153462e+00 6.560066869697e+00 -1.598183544655e+02 -1.451250600721e+02 2.304983110569e+01 2.642476846877e+04
2.012538586273e+03 1.020000000000e+00 3.971507555516e+01 4.500000000000e+00 8.862929220442e-01 4.532192169518e+02 3.118045286985e+01 -4.555339801962e+00 6.887027268559e+00 -1.620588400706e+02 -1.404851730337e+02 3.656866162917e+01 2.782201586078e+04
2.012538700313e+03 1.020000000000e+00 3.971507555516e+01 4.500000000000e+00 8.742664089500e-01 4.459167200090e+02 3.048704471599e+01 -6.679646823131e+00 6.879525940246e+00 -1.632299157150e+02 -1.345519982126e+02 4.976501224356e+01 2.808032024896e+04
2.012538814353e+03 1.020000000000e+00 3.971507555516e+01 4.500000000000e+00 8.554710187890e-01 4.394018701170e+02 2.989642157486e+01 -8.280489684193e+00 6.682217145892e+00 -1.632408921885e+02 -1.276389321284e+02 6.234699857341e+01 2.782089555960e+04
2.012538928394e+03 1.020000000000e+00 3.971507555516e+01 4.500000000000e+00 8.365531409682e-01 4.330053298100e+02 2.961434790763e+01 -9.507984666175e+00 6.382932238220e+00 -1.623084226368e+02 -1.197765747355e+02 7.405907984668e+01 2.715400058331e+04
2.012539042434e+03 1.020000000000e+00 3.971507555516e+01 4.500000000000e+00 8.252331563772e-01 4.267810044146e+02 2.979823915059e+01 -1.023304863034e+01 5.814242265013e+00 -1.606560193329e+02 -1.110823208366e+02 8.489062771051e+01 2.512176290069e+04
2.012539156474e+03 1.020000000000e+00 3.971507555516e+01 4.500000000000e+00 8.206378631179e-01 4.212248158239e+02 3.032140254816e+01 -1.040990691888e+01 5.120496608853e+00 -1.583769878808e+02 -1.018471577437e+02 9.481726650542e+01 2.232344315640e+04
2.012539270514e+03 1.020000000000e+00 3.971507555516e+01 4.500000000000e+00 8.159841958222e-01 4.164795375467e+02 3.104431326969e+01 -1.013818888850e+01 4.459804923392e+00 -1.557859725724e+02 -9.227917698865e+01 1.036744099824e+02 1.966978415317e+04
2.012539384555e+03 1.020000000000e+00 3.971507555516e+01 4.500000000000e+00 8.106824895718e-01 4.123488034414e+02 3.201339688473e+01 -9.675527992451e+00 3.871235797573e+00 -1.530402458210e+02 -8.253621935705e+01 1.113412524533e+02 1.728125736191e+04
2.012539498595e+03 1.020000000000e+00 3.971507555516e+01 4.500000000000e+00 8.056644657283e-01 4.088016016993e+02 3.306634994320e+01 -9.178922819224e+00 3.332913271056e+00 -1.496241624557e+02 -7.288696489302e+01 1.178683311489e+02 1.502407780427e+04
2.012539612635e+03 1.020000000000e+00 3.971507555516e+01 4.500000000000e+00 8.037802483492e-01 4.059104990010e+02 3.414813613378e+01 -8.518306071655e+00 2.781906982926e+00 -1.448349999761e+02 -6.365410727398e+01 1.233404528520e+02 1.259655688962e+04
2.012539726675e+03 1.020000000000e+00 3.971507555516e+01 4.500000000000e+00 8.073280343120e-01 4.036778825867e+02 3.523490939728e+01 -7.783611246576e+00 2.202742346257e+00 -1.394140321065e+02 -5.511000820700e+01 1.277516491186e+02 9.920291823462e+03
2.012539840716e+03 1.020000000000e+00 3.971507555516e+01 4.500000000000e+00 8.059221863486e-01 4.020784066979e+02 3.617824881943e+01 -7.314553662528e+00 1.635637300168e+00 -1.337261119062e+02 -4.737842548177e+01 1.312740726134e+02 7.357098416683e+03
2.012539954756e+03 1.020000000000e+00 3.971507555516e+01 4.500000000000e+00 7.970245093157e-01 4.011954228620e+02 3.694045769463e+01 -7.299868883019e+00 1.192995690095e+00 -1.279783894008e+02 -4.042421064332e+01 1.340088234460e+02 5.408271556410e+03
2.012540068796e+03 1.020000000000e+00 3.971507555516e+01 4.500000000000e+00 7.815276874709e-01 4.008400625262e+02 3.757143391180e+01 -7.717977201255e+00 9.577843199650e-01 -1.224610470217e+02 -3.416580490692e+01 1.360806914647e+02 4.424730664458e+03
2.012540182836e+03 1.020000000000e+00 3.971507555516e+01 4.500000000000e+00 7.623782757272e-01 4.006217561221e+02 3.817509534608e+01 -8.473723533543e+00 8.599582700534e-01 -1.173281378914e+02 -2.849457230415e+01 1.375693770304e+02 4.074391146072e+03
2.012540296877e+03 1.020000000000e+00 3.971507555516e+01 4.500000000000e+00 7.396527043895e-01 4.004453840740e+02 3.889968118113e+01 -9.570821267854e+00 8.128724960187e-01 -1.126161536562e+02 -2.323908220938e+01 1.385262069332e+02 3.975985955006e+03
2.012540410917e+03 1.020000000000e+00 3.971507555516e+01 4.500000000000e+00 7.083833225392e-01 4.003977982577e+02 4.012049651762e+01 -1.121009665987e+01 7.856364852281e-01 -1.083418606438e+02 -1.823459945430e+01 1.390218228233e+02 4.024068059579e+03
2.012540524957e+03 1.020000000000e+00 3.971507555516e+01 4.500000000000e+00 6.731572231575e-01 4.003927018809e+02 4.212424443214e+01 -1.326448492137e+01 7.550269729145e-01 -1.045442330079e+02 -1.338743456168e+01 1.391316710507e+02 4.083723910125e+03
2.012540638997e+03 1.020000000000e+00 3.971507555516e+01 4.500000000000e+00 6.362209057646e-01 4.003863852264e+02 4.482334133290e+01 -1.560767900033e+01 7.249869321395e-01 -1.012057466140e+02 -8.615681452955e+00 1.388962736063e+02 4.160207585403e+03
2.012540753038e+03 1.020000000000e+00 3.971507555516e+01 4.500000000000e+00 6.019414706410e-01 4.004009773697e+02 4.785361951494e+01 -1.813277107408e+01 7.136761362655e-01 -9.826881251309e+01 -3.858492927443e+00 1.383749342362e+02 4.332716197395e+03
2.012540867078e+03 1.020000000000e+00 3.971507555516e+01 4.500000000000e+00 5.668116195017e-01 4.004649740502e+02 5.069839184270e+01 -2.069984291073e+01 7.513440385245e-01 -9.564432437518e+01 9.669820876254e-01 1.375877451951e+02 4.855551493881e+03
2.012540981118e+03 1.020000000000e+00 3.971507555516e+01 4.500000000000e+00 5.180507903874e-01 4.005566119665e+02 5.291920665489e+01 -2.321010687672e+01 8.856674934325e-01 -9.323706653031e+01 5.947694073013e+00 1.365257914377e+02 6.288118260297e+03
2.012541095158e+03 1.020000000000e+00 4.061507555516e+01 4.600000000000e+00 4.537476264307e-01 3.987722800132e+02 5.311369796029e+01 -2.520285828798e+01 1.159723579900e+00 -8.653989469270e+01 9.827148130841e+00 1.406954906512e+02 9.438834965522e+03
2.012541209199e+03 1.020000000000e+00 4.061507555516e+01 4.600000000000e+00 4.012214502967e-01 3.977808327660e+02 5.334006399413e+01 -2.620536971226e+01 1.696161854235e+00 -8.416720691698e+01 1.598026996027e+01 1.390018624953e+02 1.550693808894e+04
2.012541323239e+03 1.020000000000e+00 4.061507555516e+01 4.600000000000e+00 3.739081538829e-01 3.958377811764e+02 5.158144407040e+01 -2.611194102175e+01 2.465050115470e+00 -8.173126473049e+01 2.250210316630e+01 1.369149675803e+02 2.410049362527e+04
2.012541437279e+03 1.020000000000e+00 4.061507555516e+01 4.600000000000e+00 3.583050902554e-01 3.933300548603e+02 4.778377973511e+01 -2.504935843363e+01 3.262064286728e+00 -7.917603968893e+01 2.950714221216e+01 1.344577988031e+02 3.326231456721e+04
2.012541551319e+03 1.020000000000e+00 4.061507555516e+01 4.600000000000e+00 3.474754816563e-01 3.893063583325e+02 4.277749194293e+01 -2.339990354526e+01 3.908377710919e+00 -7.624286552108e+01 3.683006045069e+01 1.315031909315e+02 4.110470977869e+04
2.012541665360e+03 1.020000000000e+00 4.061507555516e+01 4.600000000000e+00 3.400624858275e-01 3.848877766975e+02 3.734992416762e+01 -2.117340743602e+01 4.293741435232e+00 -7.277563230755e+01 4.426997822581e+01 1.282014788936e+02 4.621502817629e+04
2.012541779400e+03 1.020000000000e+00 4.061507555516e+01 4.600000000000e+00 3.341815088623e-01 3.803658301175e+02 3.245759650653e+01 -1.823505023708e+01 4.395553434515e+00 -6.894066695602e+01 5.147751876729e+01 1.245477069573e+02 4.818821617653e+04
2.012541893440e+03 1.020000000000e+00 4.061507555516e+01 4.600000000000e+00 3.285966922781e-01 3.759904967222e+02 2.911885110509e+01 -1.517729323839e+01 4.333846969171e+00 -6.498753625888e+01 5.816744668761e+01 1.205930751451e+02 4.828698789138e+04
2.012542007480e+03 1.020000000000e+00 4.061507555516e+01 4.600000000000e+00 3.281181105596e-01 3.722958877173e+02 2.760992949890e+01 -1.274083081695e+01 4.130188767770e+00 -6.103680808486e+01 6.404994148334e+01 1.164787732276e+02 4.618338091182e+04
2.012542121521e+03 1.020000000000e+00 4.061507555516e+01 4.600000000000e+00 3.391634853585e-01 3.693797555890e+02 2.733188203391e+01 -1.100204711957e+01 3.856996129244e+00 -5.719849752991e+01 6.903345221343e+01 1.123420796380e+02 4.165740405671e+04
2.012542235561e+03 1.020000000000e+00 4.061507555516e+01 4.600000000000e+00 3.592233759475e-01 3.671329802324e+02 2.863297914516e+01 -9.747476223370e+00 3.605159477234e+00 -5.357891685646e+01 7.324531359122e+01 1.082774824008e+02 3.665052634723e+04
2.012542349601e+03 1.020000000000e+00 4.061507555516e+01 4.600000000000e+00 3.849157278528e-01 3.654603418967e+02 3.139637798821e+01 -8.455809793474e+00 3.413699000526e+00 -5.025539647081e+01 7.666724902515e+01 1.043226105966e+02 3.235293673295e+04
2.012542463641e+03 1.020000000000e+00 4.061507555516e+01 4.600000000000e+00 4.081710467093e-01 3.643849528836e+02 3.463237637865e+01 -7.048998616631e+00 3.272204695382e+00 -4.725726048147e+01 7.943511986107e+01 1.004940264619e+02 2.923489212009e+04
2.012542577682e+03 1.020000000000e+00 4.061507555516e+01 4.600000000000e+00 4.230084688034e-01 3.637150704719e+02 3.802374816988e+01 -5.802279451512e+00 3.156855224684e+00 -4.457075543255e+01 8.173936770994e+01 9.679067049438e+01 2.721461199793e+04
2.012542691722e+03 1.020000000000e+00 4.061507555516e+01 4.600000000000e+00 4.266138841416e-01 3.633204594076e+02 4.118312810933e+01 -4.871350889013e+00 3.061980010865e+00 -4.219978584890e+01 8.362403673340e+01 9.327824869104e+01 2.617247822729e+04
2.012542805762e+03 1.020000000000e+00 4.061507555516e+01 4.600000000000e+00 4.205850322758e-01 3.630958803931e+02 4.390275266640e+01 -4.392384298830e+00 2.993916110801e+00 -4.013417478445e+01 8.504795560038e+01 9.005136359449e+01 2.595736386880e+04
2.012542919802e+03 1.020000000000e+00 4.061507555516e+01 4.600000000000e+00 4.108930679990e-01 3.630972645364e+02 4.567115041185e+01 -4.380421895063e+00 2.953351861923e+00 -3.834280531195e+01 8.604942073110e+01 8.710758019026e+01 2.621256583780e+04
2.012543033843e+03 1.020000000000e+00 4.061507555516e+01 4.600000000000e+00 3.980635316661e-01 3.632256085735e+02 4.639149972385e+01 -4.901509933448e+00 3.163145710022e+00 -3.682736818668e+01 8.664508715745e+01 8.440861954661e+01 2.912098080440e+04
2.012543147883e+03 1.020000000000e+00 4.061507555516e+01 4.600000000000e+00 3.763164173746e-01 3.638978558455e+02 4.599228894109e+01 -7.254417868829e+00 4.498522857607e+00 -3.560140772238e+01 8.669988499381e+01 8.200321747736e+01 4.396632962632e+04
2.012543261923e+03 1.020000000000e+00 4.061507555516e+01 4.600000000000e+00 3.508978387062e-01 3.655639968871e+02 4.353344092902e+01 -1.202425268183e+01 7.646582677207e+00 -3.474646149761e+01 8.612505531205e+01 7.989170583768e+01 7.967894701765e+04
2.012543375963e+03 1.020000000000e+00 4.061507555516e+01 4.600000000000e+00 3.314881758671e-01 3.691002285888e+02 3.681214262346e+01 -1.804217366096e+01 1.170039033921e+01 -3.416506791507e+01 8.502602420904e+01 7.837261800546e+01 1.284541206210e+05
2.012543490004e+03 1.020000000000e+00 4.061507555516e+01 4.600000000000e+00 3.180950318539e-01 3.730547051720e+02 2.739611620577e+01 -2.398008018055e+01 1.605008346238e+01 -3.379051028186e+01 8.338180117306e+01 7.728020999092e+01 1.831773258078e+05
2.012543604044e+03 1.020000000000e+00 4.061507555516e+01 4.600000000000e+00 3.107697934150e-01 3.759630670794e+02 1.629439875247e+01 -2.649957771794e+01 2.034343177239e+01 -3.378137665464e+01 8.096939461272e+01 7.683276063005e+01 2.371864329427e+05
2.012543718084e+03 1.020000000000e+00 4.161507555516e+01 4.700000000000e+00 3.278931517479e-01 3.776380612665e+02 1.089893204481e+01 -2.734516700670e+01 2.561935233254e+01 -3.307266667678e+01 7.786479408288e+01 7.824186270838e+01 2.825285065422e+05
2.012543832124e+03 1.020000000000e+00 4.161507555516e+01 4.700000000000e+00 3.458815383277e-01 3.788969008486e+02 4.338400933858e+00 -2.624896049667e+01 2.922821968046e+01 -3.457184036875e+01 7.500990125643e+01 7.820931266225e+01 3.059477042131e+05
2.012543946165e+03 1.020000000000e+00 4.161507555516e+01 4.700000000000e+00 4.108684113283e-01 3.790789120277e+02 2.168851006667e+00 -2.278335251251e+01 3.257702934545e+01 -3.591848157125e+01 7.283009453521e+01 7.784561204307e+01 2.960706896395e+05
2.012544060205e+03 1.020000000000e+00 4.161507555516e+01 4.700000000000e+00 6.669808790758e-01 3.782795022582e+02 2.163965222779e+00 -1.844550669813e+01 3.554267477174e+01 -3.706886855978e+01 7.130209839188e+01 7.709634952607e+01 2.206233068533e+05
2.012544174245e+03 1.020000000000e+00 4.161507555516e+01 4.700000000000e+00 1.352145051442e+00 3.772053275706e+02 3.347953165962e+00 -1.511559030784e+01 3.802075740730e+01 -3.809198898372e+01 7.038630606915e+01 7.628438889470e+01 1.098807600190e+05
2.012544288285e+03 1.020000000000e+00 4.161507555516e+01 4.700000000000e+00 2.295295728770e+00 3.760059947520e+02 5.090217846022e+00 -1.258148728812e+01 3.996052742453e+01 -3.900541355673e+01 6.995762479405e+01 7.568423192540e+01 6.518021738262e+04
2.012544402326e+03 1.020000000000e+00 4.161507555516e+01 4.700000000000e+00 3.284816651670e+00 3.752096704964e+02 6.675937559197e+00 -1.054660027088e+01 4.151897594501e+01 -3.981566609880e+01 7.045022657154e+01 7.548601567589e+01 4.644008134120e+04
2.012544516366e+03 1.020000000000e+00 4.161507555516e+01 4.700000000000e+00 4.181062171515e+00 3.744712631376e+02 7.856595909219e+00 -9.427256035858e+00 4.302988863219e+01 -4.047116222679e+01 7.173238708850e+01 7.522207342239e+01 3.746591900142e+04
2.012544630406e+03 1.020000000000e+00 4.161507555516e+01 4.700000000000e+00 4.895236855190e+00 3.735141287199e+02 8.488722269573e+00 -8.974782397421e+00 4.514293563798e+01 -4.099372423322e+01 7.322103554063e+01 7.467015398099e+01 3.341085460251e+04
2.012544744446e+03 1.020000000000e+00 4.161507555516e+01 4.700000000000e+00 5.543654165867e+00 3.725687590401e+02 8.626416751119e+00 -8.860290949511e+00 5.059975555923e+01 -4.142724995245e+01 7.447664824699e+01 7.391770344270e+01 3.294240625700e+04
2.012544858487e+03 1.020000000000e+00 4.161507555516e+01 4.700000000000e+00 6.564884558935e+00 3.720904606612e+02 8.365016632313e+00 -9.358311837067e+00 6.410411483244e+01 -4.174759888042e+01 7.504537557309e+01 7.292130035098e+01 3.514629145793e+04
2.012544972527e+03 1.020000000000e+00 4.161507555516e+01 4.700000000000e+00 8.015450843303e+00 3.720475388507e+02 7.128924618063e+00 -1.130056954503e+01 8.582682103794e+01 -4.191378280448e+01 7.492293099862e+01 7.150888836888e+01 3.855629905343e+04
2.012545086567e+03 1.020000000000e+00 4.161507555516e+01 4.700000000000e+00 9.638081923712e+00 3.722383313974e+02 5.042941607862e+00 -1.424894018211e+01 1.126781084914e+02 -4.200914216070e+01 7.450351577862e+01 6.929265743150e+01 4.215890080026e+04
2.012545200607e+03 1.020000000000e+00 4.161507555516e+01 4.700000000000e+00 1.126561912366e+01 3.726486964868e+02 2.550873988490e+00 -1.753168427995e+01 1.419878214070e+02 -4.213805384037e+01 7.436015946910e+01 6.647157871322e+01 4.551156123795e+04
2.012545314648e+03 1.020000000000e+00 4.161507555516e+01 4.700000000000e+00 1.273332366028e+01 3.732803160646e+02 -4.017608526208e-01 -2.046646021838e+01 1.714260202541e+02 -4.235049270878e+01 7.528098281217e+01 6.273245148123e+01 4.865342748389e+04
2.012545428688e+03 1.020000000000e+00 4.161507555516e+01 4.700000000000e+00 1.374336479835e+01 3.742973212949e+02 -3.913222019062e+00 -2.255222319753e+01 1.991230378979e+02 -4.264243347419e+01 7.772967540073e+01 5.770012808986e+01 5.241739819348e+04
2.012545542728e+03 1.020000000000e+00 4.161507555516e+01 4.700000000000e+00 1.401005747005e+01 3.754284162362e+02 -7.619168856703e+00 -2.397586198258e+01 2.238687351949e+02 -4.295499192202e+01 8.099717222367e+01 5.200192199361e+01 5.785419640283e+04
2.012545656768e+03 1.020000000000e+00 4.161507555516e+01 4.700000000000e+00 1.391557681361e+01 3.763608956632e+02 -1.116897059779e+01 -2.483682727300e+01 2.458260699304e+02 -4.324091993765e+01 8.443263918305e+01 4.619153457138e+01 6.397617263327e+04
2.012545770809e+03 1.020000000000e+00 4.161507555516e+01 4.700000000000e+00 1.369995728357e+01 3.769438908218e+02 -1.430788038841e+01 -2.520500098040e+01 2.660281222853e+02 -4.346902689006e+01 8.760652573064e+01 4.069686202012e+01 7.032645677294e+04
2.012545884849e+03 1.020000000000e+00 4.161507555516e+01 4.700000000000e+00 1.346067496880e+01 3.772905392127e+02 -1.690217642513e+01 -2.520806109133e+01 2.851915428506e+02 -4.359941314237e+01 9.024236133910e+01 3.576607319338e+01 7.673283441225e+04
2.012545998889e+03 1.020000000000e+00 4.161507555516e+01 4.700000000000e+00 1.321857402688e+01 3.773539203285e+02 -1.898603211842e+01 -2.504566401913e+01 3.023056152547e+02 -4.358272338902e+01 9.221368734420e+01 3.148770275147e+01 8.282646420600e+04
2.012546112929e+03 1.020000000000e+00 4.161507555516e+01 4.700000000000e+00 1.297853767170e+01 3.771893182080e+02 -2.059544555835e+01 -2.471546039140e+01 3.158141484603e+02 -4.340979398580e+01 9.350299920036e+01 2.780552172703e+01 8.812640815661e+04
2.012546226970e+03 1.020000000000e+00 4.161507555516e+01 4.700000000000e+00 1.274095541369e+01 3.771566331618e+02 -2.172148778994e+01 -2.386099679211e+01 3.244734325811e+02 -4.308196263317e+01 9.403251403483e+01 2.453311891159e+01 9.222916271437e+04
2.012546341010e+03 1.020000000000e+00 4.161507555516e+01 4.700000000000e+00 1.249661789122e+01 3.776315185990e+02 -2.219172506931e+01 -2.209363764097e+01 3.292660748783e+02 -4.259182422455e+01 9.361535844815e+01 2.107600209445e+01 9.542479694816e+04
2.012546455050e+03 1.020000000000e+00 4.251507555516e+01 4.800000000000e+00 1.228833234283e+01 3.790714802942e+02 -2.185303433167e+01 -2.082452196278e+01 3.330627626424e+02 -4.173624394203e+01 9.245169571458e+01 1.815628131651e+01 9.820169736184e+04
2.012546569090e+03 1.020000000000e+00 4.251507555516e+01 4.800000000000e+00 1.142968692770e+01 3.858964888559e+02 -2.139324258918e+01 -1.819967284380e+01 3.201343996673e+02 -4.085007728754e+01 8.673014860118e+01 1.365434242538e+01 1.014509471422e+05
2.012546683131e+03 1.020000000000e+00 4.251507555516e+01 4.800000000000e+00 9.750474837959e+00 3.994871193087e+02 -1.860686254023e+01 -1.457718947268e+01 2.702856733009e+02 -3.925384873184e+01 7.214162857846e+01 9.007080225751e+00 9.964086942604e+04
2.012546797171e+03 1.020000000000e+00 4.251507555516e+01 4.800000000000e+00 7.763598534080e+00 4.163148863376e+02 -1.219874027790e+01 -1.006777550676e+01 1.824726977313e+02 -3.718794592628e+01 5.393024897611e+01 5.268935264371e+00 8.406068824093e+04
2.012546911211e+03 1.020000000000e+00 4.251507555516e+01 4.800000000000e+00 6.232633377815e+00 4.309749723593e+02 -5.469336870518e+00 -5.973937086260e+00 1.129865366164e+02 -3.554260346906e+01 4.003694090045e+01 2.671429533932e+00 6.526482738484e+04
2.012547025251e+03 1.020000000000e+00 4.251507555516e+01 4.800000000000e+00 5.467547028248e+00 4.387997369709e+02 -1.868587579719e+00 -3.613805483643e+00 8.347501314537e+01 -3.462185734875e+01 3.341508776239e+01 1.263219577356e+00 5.525157230964e+04
2.012547139292e+03 1.020000000000e+00 4.251507555516e+01 4.800000000000e+00 5.204386607812e+00 4.416220269066e+02 -5.947258347864e-01 -2.816921712959e+00 7.519902541791e+01 -3.412448854059e+01 3.126819667121e+01 6.819985022303e-01 5.232453882853e+04
2.012547253332e+03 1.020000000000e+00 4.251507555516e+01 4.800000000000e+00 5.107527715168e+00 4.429987865007e+02 -4.058448498561e-02 -2.577587398275e+00 7.266648137727e+01 -3.409413474866e+01 3.058174442966e+01 4.175033507081e-01 5.152326118401e+04
2.012547367372e+03 1.020000000000e+00 4.251507555516e+01 4.800000000000e+00 5.079709356924e+00 4.439818363769e+02 1.921098383300e-01 -2.508361270617e+00 7.186470186417e+01 -3.444861840333e+01 3.031692153864e+01 2.432535229631e-01 5.123072198256e+04
2.012547481412e+03 1.020000000000e+00 4.251507555516e+01 4.800000000000e+00 5.146218092860e+00 4.449199939206e+02 3.496959082231e-01 -2.491643767981e+00 7.315048745864e+01 -3.474073322142e+01 3.022960654583e+01 7.501559005320e-02 5.147034296586e+04
2.012547595453e+03 1.020000000000e+00 4.251507555516e+01 4.800000000000e+00 5.252703819523e+00 4.457730153962e+02 4.875658902534e-01 -2.494371558814e+00 7.551846293152e+01 -3.490852455161e+01 3.039087922029e+01 -8.013603612791e-02 5.206006207055e+04
2.012547709493e+03 1.020000000000e+00 4.251507555516e+01 4.800000000000e+00 5.358967752407e+00 4.465364724657e+02 5.273039138859e-01 -2.524740094311e+00 7.792961853234e+01 -3.501476003350e+01 3.068080205587e+01 -2.057936015026e-01 5.265780873519e+04
2.012547823533e+03 1.020000000000e+00 4.251507555516e+01 4.800000000000e+00 5.464692195225e+00 4.473880276458e+02 5.275688116611e-01 -2.564446225401e+00 8.032196446470e+01 -3.508285658645e+01 3.091572740484e+01 -2.971146038190e-01 5.322410073768e+04
2.012547937573e+03 1.020000000000e+00 4.251507555516e+01 4.800000000000e+00 5.582056561763e+00 4.483859054603e+02 4.600648320088e-01 -2.590921150178e+00 8.296581057194e+01 -3.508741130486e+01 3.107130166042e+01 -3.569488627960e-01 5.381940423219e+04
2.012548051613e+03 1.020000000000e+00 4.251507555516e+01 4.800000000000e+00 5.714725181008e+00 4.495060745166e+02 3.343804171408e-01 -2.605216914356e+00 8.598273305345e+01 -3.499979975228e+01 3.117727310098e+01 -3.910265567527e-01 5.448087279704e+04
2.012548165654e+03 1.020000000000e+00 4.251507555516e+01 4.800000000000e+00 5.860282900879e+00 4.507144398819e+02 1.798621384198e-01 -2.619316213556e+00 8.935142207457e+01 -3.481234964135e+01 3.125785763639e+01 -4.034860640614e-01 5.520855893275e+04
2.012548279694e+03 1.020000000000e+00 4.251507555516e+01 4.800000000000e+00 6.013807387704e+00 4.520046785799e+02 6.389079683740e-03 -2.636010405611e+00 9.301845656591e+01 -3.453912114720e+01 3.132802127873e+01 -4.054272446020e-01 5.600631274140e+04
2.012548393734e+03 1.020000000000e+00 4.251507555516e+01 4.800000000000e+00 6.145639655266e+00 4.533960427431e+02 -1.817528574634e-01 -2.658202942892e+00 9.694411389554e+01 -3.420431093129e+01 3.140321402930e+01 -3.867023027578e-01 5.711689364557e+04
2.012548507774e+03 1.020000000000e+00 4.251507555516e+01 4.800000000000e+00 6.231160115331e+00 4.549057874009e+02 -3.919523104423e-01 -2.695421699963e+00 1.010876769081e+02 -3.382950736188e+01 3.149129315590e+01 -2.855520636358e-01 5.874100363483e+04
2.012548621815e+03 1.020000000000e+00 4.251507555516e+01 4.800000000000e+00 6.301965023318e+00 4.565188070668e+02 -6.500536147408e-01 -2.735530548801e+00 1.053629356529e+02 -3.342554800414e+01 3.157566521776e+01 -8.801965409991e-02 6.053763926612e+04
2.012548735855e+03 1.020000000000e+00 4.251507555516e+01 4.800000000000e+00 6.372009485970e+00 4.581854844149e+02 -9.894685411841e-01 -2.804052301127e+00 1.095964244415e+02 -3.299399276143e+01 3.160512362287e+01 1.559590236810e-01 6.227861834646e+04
2.012548849895e+03 1.020000000000e+00 4.251507555516e+01 4.800000000000e+00 6.436509826437e+00 4.598389141608e+02 -1.420737831983e+00 -2.895601445651e+00 1.135125235668e+02 -3.253872978956e+01 3.151175285284e+01 4.339621983058e-01 6.385903465432e+04
2.012548963935e+03 1.020000000000e+00 4.251507555516e+01 4.800000000000e+00 6.482072071884e+00 4.614068450556e+02 -1.916594641201e+00 -2.990575231740e+00 1.167600741356e+02 -3.206862370451e+01 3.127882201717e+01 7.405417046464e-01 6.522649683186e+04
2.012549077976e+03 1.020000000000e+00 4.251507555516e+01 4.800000000000e+00 6.486974247370e+00 4.628394013902e+02 -2.440571210866e+00 -3.070354695570e+00 1.189159653252e+02 -3.159378029220e+01 3.098551515809e+01 1.058852941064e+00 6.638301825857e+04
2.012549192016e+03 1.020000000000e+00 4.351507555516e+01 4.900000000000e+00 6.441900175840e+00 4.639878360156e+02 -2.770604263440e+00 -3.145078329728e+00 1.196974436104e+02 -3.126977987246e+01 3.055322147197e+01 1.361199040417e+00 6.728921260529e+04
2.012549306056e+03 1.020000000000e+00 4.351507555516e+01 4.900000000000e+00 6.336175594346e+00 4.651476767042e+02 -3.258319429704e+00 -3.158077282948e+00 1.193443309049e+02 -3.080661419442e+01 3.005022440592e+01 1.629991049110e+00 6.821092219800e+04
2.012549420096e+03 1.020000000000e+00 4.351507555516e+01 4.900000000000e+00 6.210940417938e+00 4.661770788724e+02 -3.620260910212e+00 -3.147558009151e+00 1.178470657571e+02 -3.033991638720e+01 2.952290130174e+01 1.830641982788e+00 6.871363674602e+04
2.012549534137e+03 1.020000000000e+00 4.351507555516e+01 4.900000000000e+00 6.069615857776e+00 4.671199609798e+02 -3.838894733310e+00 -3.108220964799e+00 1.154837506234e+02 -2.986109952926e+01 2.900064189211e+01 1.953600837114e+00 6.890418168150e+04
2.012549648177e+03 1.020000000000e+00 4.351507555516e+01 4.900000000000e+00 5.896999599484e+00 4.680170660266e+02 -3.930937283327e+00 -3.008569271850e+00 1.124556689341e+02 -2.936785284367e+01 2.848414739743e+01 2.023620311659e+00 6.906178152871e+04
2.012549762217e+03 1.020000000000e+00 4.351507555516e+01 4.900000000000e+00 5.716657676097e+00 4.688989531382e+02 -3.949684629112e+00 -2.875801228910e+00 1.091514144840e+02 -2.887431630668e+01 2.796802151192e+01 2.039360955921e+00 6.914707953936e+04
2.012549876257e+03 1.020000000000e+00 4.351507555516e+01 4.900000000000e+00 5.543156121368e+00 4.697699062750e+02 -3.939661531224e+00 -2.728970028647e+00 1.058005005815e+02 -2.840987563044e+01 2.745256143646e+01 2.023220209370e+00 6.912187966614e+04
2.012549990298e+03 1.020000000000e+00 4.351507555516e+01 4.900000000000e+00 5.384253160934e+00 4.706254762889e+02 -3.898374454918e+00 -2.584027693312e+00 1.024735512530e+02 -2.800642546582e+01 2.694066747448e+01 1.962235264205e+00 6.892397169996e+04
2.012550104338e+03 1.020000000000e+00 4.351507555516e+01 4.900000000000e+00 5.243060783235e+00 4.714640903691e+02 -3.814587559568e+00 -2.432586390695e+00 9.927710336352e+01 -2.768467119820e+01 2.643137511249e+01 1.825721842618e+00 6.857214644437e+04
2.012550218378e+03 1.020000000000e+00 4.351507555516e+01 4.900000000000e+00 5.119152213459e+00 4.722835968706e+02 -3.731519574965e+00 -2.270709183070e+00 9.623382075198e+01 -2.744924621889e+01 2.592367228994e+01 1.670098956549e+00 6.807901635609e+04
2.012550332418e+03 1.020000000000e+00 4.351507555516e+01 4.900000000000e+00 5.009420182616e+00 4.730773102611e+02 -3.653658039685e+00 -2.105334756159e+00 9.340192044189e+01 -2.729135994870e+01 2.541411575187e+01 1.515537230679e+00 6.752312581030e+04
2.012550446459e+03 1.020000000000e+00 4.351507555516e+01 4.900000000000e+00 4.909641338467e+00 4.738337729643e+02 -3.565044952783e+00 -1.944099704483e+00 9.083126062281e+01 -2.719298026516e+01 2.489579230292e+01 1.365255134819e+00 6.699925862960e+04
2.012550560499e+03 1.020000000000e+00 4.351507555516e+01 4.900000000000e+00 4.825093359095e+00 4.745402972851e+02 -3.446755952027e+00 -1.790737104203e+00 8.859053941754e+01 -2.713334384180e+01 2.435940408221e+01 1.220130793960e+00 6.649160972518e+04
2.012550674539e+03 1.020000000000e+00 4.351507555516e+01 4.900000000000e+00 4.760153682449e+00 4.752010818230e+02 -3.321028261729e+00 -1.647283911434e+00 8.654669929587e+01 -2.709406657844e+01 2.382607526267e+01 1.084037196076e+00 6.584386778986e+04
2.012550788579e+03 1.020000000000e+00 4.351507555516e+01 4.900000000000e+00 4.703763171000e+00 4.758232928541e+02 -3.198358688934e+00 -1.512784160701e+00 8.465282095343e+01 -2.706289685098e+01 2.330660268605e+01 9.601442504036e-01 6.517495009049e+04
2.012550902620e+03 1.020000000000e+00 4.351507555516e+01 4.900000000000e+00 4.648416871734e+00 4.764079889525e+02 -3.069653377074e+00 -1.386250792677e+00 8.293687467819e+01 -2.703304876152e+01 2.279670174374e+01 8.507037504893e-01 6.461394638426e+04
2.012551016660e+03 1.020000000000e+00 4.351507555516e+01 4.900000000000e+00 4.595822836344e+00 4.769535775835e+02 -2.927428869001e+00 -1.268129768429e+00 8.141761952402e+01 -2.700189807658e+01 2.229470538615e+01 7.585377963404e-01 6.415610220069e+04
2.012551130700e+03 1.020000000000e+00 4.351507555516e+01 4.900000000000e+00 4.548384626883e+00 4.774566919621e+02 -2.771620599848e+00 -1.158320634006e+00 8.008803254399e+01 -2.696990838287e+01 2.180525583581e+01 6.864805779392e-01 6.376649897498e+04
2.012551244740e+03 1.020000000000e+00 4.351507555516e+01 4.900000000000e+00 4.506654730290e+00 4.779097701493e+02 -2.609142886719e+00 -1.055401795466e+00 7.892922770100e+01 -2.693893298674e+01 2.133688810780e+01 6.365504907798e-01 6.342566406976e+04
2.012551358781e+03 1.020000000000e+00 4.351507555516e+01 4.900000000000e+00 4.470012352880e+00 4.783018924436e+02 -2.450811644415e+00 -9.565332856273e-01 7.791846471459e+01 -2.691105634580e+01 2.089755563467e+01 6.089579766554e-01 6.312665130869e+04
2.012551472821e+03 1.020000000000e+00 4.351507555516e+01 4.900000000000e+00 4.437235132030e+00 4.786239548636e+02 -2.308148663200e+00 -8.578696239276e-01 7.702256856339e+01 -2.688733456353e+01 2.049160096395e+01 5.994765658057e-01 6.286169486675e+04
2.012551586861e+03 1.020000000000e+00 4.351507555516e+01 4.900000000000e+00 4.408721139152e+00 4.788590274539e+02 -2.200949886350e+00 -7.561374138126e-01 7.624800553192e+01 -2.686826631487e+01 2.013066463632e+01 5.982357451572e-01 6.263164218049e+04
2.012551700901e+03 1.020000000000e+00 4.351507555516e+01 4.900000000000e+00 4.392329543264e+00 4.789723697154e+02 -2.161362561790e+00 -6.525390456578e-01 7.578903282674e+01 -2.685432982528e+01 1.985201073276e+01 6.074502959471e-01 6.248688726962e+04
2.012551814942e+03 1.020000000000e+00 4.351507555516e+01 4.900000000000e+00 4.380094105211e+00 4.790321090837e+02 -2.150821696989e+00 -5.510935004662e-01 7.543286637954e+01 -2.684484178196e+01 1.961159116734e+01 6.324264174098e-01 6.236706617916e+04
2.012551928982e+03 1.020000000000e+00 4.441507555516e+01 5.000000000000e+00 4.377565695147e+00 4.789884937052e+02 -2.076273087812e+00 -4.780237163941e-01 7.531136760617e+01 -2.696759898565e+01 1.945552927602e+01 6.255672331252e-01 6.230236151054e+04
2.012552043022e+03 1.020000000000e+00 4.441507555516e+01 5.000000000000e+00 4.365962644258e+00 4.789497703223e+02 -2.097659402013e+00 -3.893764781764e-01 7.498388097325e+01 -2.695427567924e+01 1.924733800213e+01 6.472864314507e-01 6.219627606897e+04
2.012552157062e+03 1.020000000000e+00 4.441507555516e+01 5.000000000000e+00 4.356413148216e+00 4.788390392232e+02 -2.160461275722e+00 -3.154189539494e-01 7.470420397125e+01 -2.694486977016e+01 1.909491126581e+01 6.526783966324e-01 6.210007161624e+04
2.012552271103e+03 1.020000000000e+00 4.441507555516e+01 5.000000000000e+00 4.349046407981e+00 4.786982688159e+02 -2.237978379879e+00 -2.607498923032e-01 7.447565208463e+01 -2.693610590785e+01 1.900208597637e+01 6.485434305097e-01 6.201495058025e+04
2.012552385143e+03 1.020000000000e+00 4.441507555516e+01 5.000000000000e+00 4.342449525002e+00 4.785281450845e+02 -2.316540482023e+00 -2.285944351676e-01 7.426037034015e+01 -2.692217232461e+01 1.892091484242e+01 6.362374992582e-01 6.192964748153e+04
2.012552499183e+03 1.020000000000e+00 4.441507555516e+01 5.000000000000e+00 4.335545541159e+00 4.783243555165e+02 -2.393173755400e+00 -2.127929052714e-01 7.403268403253e+01 -2.689870471810e+01 1.883964353826e+01 6.092483928730e-01 6.183809137612e+04
2.012552613223e+03 1.020000000000e+00 4.441507555516e+01 5.000000000000e+00 4.327794963709e+00 4.780855204986e+02 -2.471980340670e+00 -2.111616959090e-01 7.378242482171e+01 -2.686179044174e+01 1.875706318284e+01 5.618771189682e-01 6.173943005533e+04
2.012552727264e+03 1.020000000000e+00 4.441507555516e+01 5.000000000000e+00 4.318852382268e+00 4.778114376389e+02 -2.561066493149e+00 -2.221404455202e-01 7.350114734917e+01 -2.680880968853e+01 1.866985080471e+01 4.985046255926e-01 6.163143585319e+04
2.012552841304e+03 1.020000000000e+00 4.441507555516e+01 5.000000000000e+00 4.308286392622e+00 4.775040868374e+02 -2.668037758323e+00 -2.441018094086e-01 7.317673492099e+01 -2.673806721340e+01 1.857380090117e+01 4.262383173024e-01 6.150994136885e+04
2.012552955344e+03 1.020000000000e+00 4.441507555516e+01 5.000000000000e+00 4.295444882705e+00 4.771681787827e+02 -2.799891423880e+00 -2.705271293710e-01 7.279343363745e+01 -2.664817281208e+01 1.846675915189e+01 3.503594986252e-01 6.137074943289e+04
2.012553069384e+03 1.020000000000e+00 4.441507555516e+01 5.000000000000e+00 4.279532530954e+00 4.768098465075e+02 -2.961891766197e+00 -2.950863973466e-01 7.233224324065e+01 -2.653902303727e+01 1.834836427418e+01 2.738442361793e-01 6.120877484437e+04
2.012553183425e+03 1.020000000000e+00 4.441507555516e+01 5.000000000000e+00 4.259877356517e+00 4.764341000661e+02 -3.156527486013e+00 -3.147482976910e-01 7.177687857619e+01 -2.641251002057e+01 1.821970460197e+01 1.979178970850e-01 6.101918048914e+04
2.012553297465e+03 1.020000000000e+00 4.441507555516e+01 5.000000000000e+00 4.235995317574e+00 4.760429289378e+02 -3.383426893321e+00 -3.280035552196e-01 7.111522294591e+01 -2.627199217065e+01 1.808298481615e+01 1.232312082340e-01 6.079765383083e+04
2.012553411505e+03 1.020000000000e+00 4.441507555516e+01 5.000000000000e+00 4.207651070726e+00 4.756368109351e+02 -3.639387349700e+00 -3.330683209747e-01 7.034077862938e+01 -2.612089862209e+01 1.794150590505e+01 5.052315905351e-02 6.054074000868e+04
2.012553525545e+03 1.020000000000e+00 4.441507555516e+01 5.000000000000e+00 4.175258976423e+00 4.752179772181e+02 -3.917422335385e+00 -3.310560317556e-01 6.946181277395e+01 -2.596273518854e+01 1.780040643327e+01 -1.961471407234e-02 6.024811137378e+04
2.012553639586e+03 1.020000000000e+00 4.441507555516e+01 5.000000000000e+00 4.138838581450e+00 4.747784388844e+02 -4.212016151797e+00 -3.243664907955e-01 6.847612906434e+01 -2.580083397878e+01 1.765872927588e+01 -8.647348849242e-02 5.991582425966e+04
2.012553753626e+03 1.020000000000e+00 4.441507555516e+01 5.000000000000e+00 4.099474448011e+00 4.743173251516e+02 -4.513858427631e+00 -3.137341315120e-01 6.740808178663e+01 -2.563778023105e+01 1.751953058916e+01 -1.501126042451e-01 5.954760537586e+04
2.012553867666e+03 1.020000000000e+00 4.441507555516e+01 5.000000000000e+00 4.058026788608e+00 4.738286638966e+02 -4.815808090116e+00 -3.028549576711e-01 6.627646145553e+01 -2.547512279759e+01 1.738213586476e+01 -2.116398689804e-01 5.914586897722e+04
2.012553981706e+03 1.020000000000e+00 4.441507555516e+01 5.000000000000e+00 4.015268534073e+00 4.733051738339e+02 -5.112361878553e+00 -2.935975170459e-01 6.509843116238e+01 -2.531277817107e+01 1.724455179407e+01 -2.717426883647e-01 5.871313979075e+04
2.012554095747e+03 1.020000000000e+00 4.441507555516e+01 5.000000000000e+00 3.971773525708e+00 4.727386600077e+02 -5.400875232028e+00 -2.858807136027e-01 6.388725919605e+01 -2.514917297049e+01 1.710285373908e+01 -3.294243330172e-01 5.825168467161e+04
2.012554209787e+03 1.020000000000e+00 4.441507555516e+01 5.000000000000e+00 3.927988150865e+00 4.721232340033e+02 -5.682687125839e+00 -2.780910808670e-01 6.265447408593e+01 -2.498093860829e+01 1.695013366917e+01 -3.819825502740e-01 5.776436426887e+04
2.012554323827e+03 1.020000000000e+00 4.441507555516e+01 5.000000000000e+00 3.884350629147e+00 4.714610573145e+02 -5.965409568081e+00 -2.672897649928e-01 6.141367086970e+01 -2.480108223871e+01 1.677796395844e+01 -4.256297325579e-01 5.725640834059e+04
2.012554437867e+03 1.020000000000e+00 4.441507555516e+01 5.000000000000e+00 3.841308550561e+00 4.707648001929e+02 -6.264119568089e+00 -2.523312987967e-01 6.018201908044e+01 -2.459878756284e+01 1.658209332685e+01 -4.566661549516e-01 5.673673890903e+04
2.012554551908e+03 1.020000000000e+00 4.441507555516e+01 5.000000000000e+00 3.799707117446e+00 4.700520918115e+02 -6.594016469090e+00 -2.354251129267e-01 5.898915430088e+01 -2.436376459428e+01 1.636926185511e+01 -4.733768327666e-01 5.622092609968e+04
2.012554665948e+03 1.020000000000e+00 4.541507555516e+01 5.100000000000e+00 3.821892486455e+00 4.699972510818e+02 -6.515566741119e+00 -2.453652762872e-01 5.944657052455e+01 -2.443035706053e+01 1.653414392757e+01 -4.741227725319e-01 5.632461027833e+04
2.012554779988e+03 1.020000000000e+00 4.541507555516e+01 5.100000000000e+00 3.790159107624e+00 4.693376298001e+02 -6.820890788036e+00 -2.365037626377e-01 5.848961437597e+01 -2.417439697047e+01 1.637196393998e+01 -4.835139347325e-01 5.588189806587e+04
2.012554894028e+03 1.020000000000e+00 4.541507555516e+01 5.100000000000e+00 3.765971825842e+00 4.687318365704e+02 -7.063997130757e+00 -2.421717398452e-01 5.772663799448e+01 -2.392201813351e+01 1.625840079215e+01 -4.968866947537e-01 5.550747556367e+04
2.012555008069e+03 1.020000000000e+00 4.541507555516e+01 5.100000000000e+00 3.749879070171e+00 4.682405259611e+02 -7.166713898546e+00 -2.849155945278e-01 5.716898108703e+01 -2.370477859649e+01 1.619388204362e+01 -5.106546673280e-01 5.520750470539e+04
2.012555122109e+03 1.020000000000e+00 4.541507555516e+01 5.100000000000e+00 3.751855579307e+00 4.679881226806e+02 -7.130171086664e+00 -3.656272211692e-01 5.703156505548e+01 -2.354791879138e+01 1.625375895660e+01 -5.269695031191e-01 5.504620274004e+04
2.012555236149e+03 1.020000000000e+00 4.541507555516e+01 5.100000000000e+00 3.782606285226e+00 4.680162365492e+02 -6.969098176877e+00 -4.720782974857e-01 5.753965593856e+01 -2.346570593624e+01 1.653027316380e+01 -5.484068829375e-01 5.508514517902e+04
2.012555350189e+03 1.020000000000e+00 4.541507555516e+01 5.100000000000e+00 3.827783214672e+00 4.681402657560e+02 -6.644799620474e+00 -5.875439406220e-01 5.836198524784e+01 -2.346235500688e+01 1.694127611751e+01 -5.676074665234e-01 5.521300340393e+04
2.012555464230e+03 1.020000000000e+00 4.541507555516e+01 5.100000000000e+00 3.878041711146e+00 4.682759919168e+02 -6.246371682180e+00 -6.976407493773e-01 5.929849492992e+01 -2.353267258788e+01 1.740602800961e+01 -5.776477905367e-01 5.537219580849e+04
2.012555578270e+03 1.020000000000e+00 4.541507555516e+01 5.100000000000e+00 3.925617640643e+00 4.683965122843e+02 -5.831350866914e+00 -7.890619229793e-01 6.017005120803e+01 -2.365854599492e+01 1.788300688755e+01 -5.783962565435e-01 5.550549534597e+04
2.012555692310e+03 1.020000000000e+00 4.541507555516e+01 5.100000000000e+00 3.965597889192e+00 4.684753103303e+02 -5.438889642482e+00 -8.501266603889e-01 6.085514785564e+01 -2.381195309623e+01 1.832716976849e+01 -5.730623056148e-01 5.557187778181e+04
2.012555806350e+03 1.020000000000e+00 4.541507555516e+01 5.100000000000e+00 3.996225751243e+00 4.684071980312e+02 -5.091092251899e+00 -8.842595670381e-01 6.131246430401e+01 -2.396327111370e+01 1.870907855851e+01 -5.582413625065e-01 5.556045877115e+04
2.012555920391e+03 1.020000000000e+00 4.541507555516e+01 5.100000000000e+00 4.020144499380e+00 4.681724540479e+02 -4.796505691077e+00 -9.063403314766e-01 6.160571253080e+01 -2.409396573717e+01 1.902708143786e+01 -5.381314517275e-01 5.549394762475e+04
2.012556034431e+03 1.020000000000e+00 4.541507555516e+01 5.100000000000e+00 4.040515808525e+00 4.678401598452e+02 -4.554569595871e+00 -9.167772407661e-01 6.180648232343e+01 -2.419623218642e+01 1.928677969376e+01 -5.132972827673e-01 5.539397018246e+04
2.012556148471e+03 1.020000000000e+00 4.541507555516e+01 5.100000000000e+00 4.058881739791e+00 4.674321600256e+02 -4.359440828712e+00 -9.206183172449e-01 6.195370674571e+01 -2.426941770826e+01 1.948914032734e+01 -4.847645229461e-01 5.527456169073e+04
2.012556262511e+03 1.020000000000e+00 4.541507555516e+01 5.100000000000e+00 4.076125798444e+00 4.669569973913e+02 -4.201000464980e+00 -9.251207582732e-01 6.207436448077e+01 -2.431776193454e+01 1.963595854036e+01 -4.551785878610e-01 5.514786417341e+04
2.012556376552e+03 1.020000000000e+00 4.541507555516e+01 5.100000000000e+00 4.092848412928e+00 4.664212465304e+02 -4.062038193861e+00 -9.345643089935e-01 6.218335084340e+01 -2.434728574172e+01 1.973589393389e+01 -4.247728945817e-01 5.501893307886e+04
2.012556490592e+03 1.020000000000e+00 4.541507555516e+01 5.100000000000e+00 4.109956943903e+00 4.658379828926e+02 -3.926278979223e+00 -9.514734130944e-01 6.230080418871e+01 -2.436313218569e+01 1.980121663676e+01 -3.938046269832e-01 5.489328916788e+04
2.012556604632e+03 1.020000000000e+00 4.541507555516e+01 5.100000000000e+00 4.129137541160e+00 4.652319159227e+02 -3.784538452058e+00 -9.773627924894e-01 6.246579063652e+01 -2.436836564360e+01 1.984544782822e+01 -3.631976418686e-01 5.478273688176e+04
2.012556718672e+03 1.020000000000e+00 4.541507555516e+01 5.100000000000e+00 4.152320960631e+00 4.646336013611e+02 -3.630946372802e+00 -1.014868156554e+00 6.272369092534e+01 -2.436456224827e+01 1.988431110021e+01 -3.357009379927e-01 5.470136760748e+04
2.012556832713e+03 1.020000000000e+00 4.541507555516e+01 5.100000000000e+00 4.180680051364e+00 4.640659385183e+02 -3.463830286063e+00 -1.067175920267e+00 6.310362972075e+01 -2.435298809153e+01 1.992765896906e+01 -3.127396197087e-01 5.465905435382e+04
2.012556946753e+03 1.020000000000e+00 4.541507555516e+01 5.100000000000e+00 4.211896056677e+00 4.635208035076e+02 -3.270906847560e+00 -1.127901314759e+00 6.355485124144e+01 -2.433702140681e+01 1.998673144367e+01 -2.864004122108e-01 5.464178274741e+04
2.012557060793e+03 1.020000000000e+00 4.541507555516e+01 5.100000000000e+00 4.242151130522e+00 4.629649036420e+02 -3.063447200338e+00 -1.187560284041e+00 6.398701722771e+01 -2.432300491932e+01 2.005275823927e+01 -2.501219666127e-01 5.462119000164e+04
2.012557174833e+03 1.020000000000e+00 4.541507555516e+01 5.100000000000e+00 4.268734966409e+00 4.623599177494e+02 -2.890039052411e+00 -1.238107981232e+00 6.432993651431e+01 -2.431664378851e+01 2.008956327356e+01 -2.028914194601e-01 5.457223434370e+04
2.012557288874e+03 1.020000000000e+00 4.541507555516e+01 5.100000000000e+00 4.291134216480e+00 4.616827790059e+02 -2.799567440189e+00 -1.271272117335e+00 6.455990607058e+01 -2.432003403126e+01 2.004482489028e+01 -1.446200783621e-01 5.448164069782e+04
2.012557402914e+03 1.020000000000e+00 4.631507555516e+01 5.200000000000e+00 4.316234630852e+00 4.619356538844e+02 -2.807250044784e+00 -1.257325452154e+00 6.530893771495e+01 -2.451671684313e+01 1.974122436616e+01 -7.244674727734e-02 5.479568774410e+04
2.012557516954e+03 1.020000000000e+00 4.631507555516e+01 5.200000000000e+00 4.324363554615e+00 4.610984648705e+02 -2.822366507801e+00 -1.253740490010e+00 6.514225501990e+01 -2.454941517928e+01 1.947812586266e+01 1.621466176432e-02 5.455362813777e+04
2.012557630994e+03 1.020000000000e+00 4.631507555516e+01 5.200000000000e+00 4.311936127188e+00 4.600422928590e+02 -2.896097151408e+00 -1.232132966988e+00 6.448931315349e+01 -2.460332959232e+01 1.911234499227e+01 1.171366917853e-01 5.416320786273e+04
2.012557745035e+03 1.020000000000e+00 4.631507555516e+01 5.200000000000e+00 4.283599294737e+00 4.588261015735e+02 -2.987006987844e+00 -1.197730948574e+00 6.348795212901e+01 -2.467296264374e+01 1.863084900245e+01 2.149602050148e-01 5.367567743858e+04
2.012557859075e+03 1.020000000000e+00 4.631507555516e+01 5.200000000000e+00 4.242093633788e+00 4.575045090286e+02 -3.041291065262e+00 -1.163726117051e+00 6.223295042506e+01 -2.475008578107e+01 1.810209619121e+01 2.985374863493e-01 5.313021248660e+04
2.012557973115e+03 1.020000000000e+00 4.631507555516e+01 5.200000000000e+00 4.186994821387e+00 4.561050827877e+02 -3.055947144013e+00 -1.137676752266e+00 6.075281439177e+01 -2.483189568130e+01 1.759546912344e+01 3.602593329296e-01 5.254975873790e+04
2.012558087155e+03 1.020000000000e+00 4.631507555516e+01 5.200000000000e+00 4.117691833771e+00 4.546319800061e+02 -3.041499306888e+00 -1.123198938694e+00 5.906020355275e+01 -2.492382213275e+01 1.718900494782e+01 3.953847530236e-01 5.194597035408e+04
2.012558201196e+03 1.020000000000e+00 4.631507555516e+01 5.200000000000e+00 4.038597786009e+00 4.530977160558e+02 -2.958344480637e+00 -1.117841963191e+00 5.725783094890e+01 -2.503308710584e+01 1.689317964016e+01 4.090096949529e-01 5.134727845657e+04
2.012558315236e+03 1.020000000000e+00 4.631507555516e+01 5.200000000000e+00 3.952381198934e+00 4.515051353682e+02 -2.731986930727e+00 -1.128105614687e+00 5.539110303790e+01 -2.516232754757e+01 1.666148664663e+01 4.064318137134e-01 5.075686252443e+04
2.012558429276e+03 1.020000000000e+00 4.631507555516e+01 5.200000000000e+00 3.860907485535e+00 4.498608361128e+02 -2.368246325946e+00 -1.165087990884e+00 5.347362714156e+01 -2.531375052730e+01 1.647826169122e+01 3.915705924311e-01 5.016072719211e+04
2.012558543316e+03 1.020000000000e+00 4.631507555516e+01 5.200000000000e+00 3.766482471839e+00 4.481689884169e+02 -1.893190718118e+00 -1.235467626368e+00 5.152870947077e+01 -2.549337001355e+01 1.643264241727e+01 3.588661718690e-01 4.954806192161e+04
2.012558657356e+03 1.020000000000e+00 4.631507555516e+01 5.200000000000e+00 3.671815341615e+00 4.464212900278e+02 -1.338688059217e+00 -1.332915805418e+00 4.960618693630e+01 -2.570920576829e+01 1.652506247630e+01 2.989344176494e-01 4.892923117066e+04
2.012558771397e+03 1.020000000000e+00 4.631507555516e+01 5.200000000000e+00 3.579595696366e+00 4.446155521134e+02 -7.155921943496e-01 -1.453966834559e+00 4.770964034442e+01 -2.597350342088e+01 1.669776525600e+01 2.226986765515e-01 4.827068127699e+04
