VARIABLES="time" "Distance" "lon" "lat" "density" "Vx" "Vy" "Vz" "p" "Bx" "By" "Bz" "T"
ZONE
DT=(DOUBLE DOUBLE DOUBLE DOUBLE DOUBLE DOUBLE DOUBLE DOUBLE DOUBLE DOUBLE DOUBLE DOUBLE DOUBLE )
2.012529234973e+03 1.020000000000e+00 3.591507555516e+01 4.200000000000e+00 3.652711505346e+00 4.177684221488e+02 7.070546155698e+00 -2.495022167756e+00 5.448854049228e+01 2.589592908127e+01 -8.701723017045e+00 -1.704747534736e+00 5.393331811807e+04
2.012529349013e+03 1.020000000000e+00 3.591507555516e+01 4.200000000000e+00 3.903202833374e+00 4.158196115199e+02 7.340565587187e+00 -1.329583821007e+00 5.995003876155e+01 2.288904737657e+01 -8.715980294206e+00 -5.343045652393e-01 5.552091706599e+04
2.012529463053e+03 1.020000000000e+00 3.591507555516e+01 4.200000000000e+00 4.208302510863e+00 4.143577701154e+02 7.379797602364e+00 -4.683467205378e-01 6.683595230242e+01 1.979479978681e+01 -8.630231237902e+00 4.775235883051e-01 5.741999675801e+04
2.012529577093e+03 1.020000000000e+00 3.591507555516e+01 4.200000000000e+00 4.521065477482e+00 4.130516063724e+02 7.252663438103e+00 3.731898310541e-02 7.409478726903e+01 1.679155663372e+01 -8.473536063887e+00 1.174904151339e+00 5.927367953126e+04
2.012529691134e+03 1.020000000000e+00 3.591507555516e+01 4.200000000000e+00 4.810908225710e+00 4.117652850988e+02 6.690424865382e+00 2.137844398206e-01 8.097763615994e+01 1.409177881491e+01 -8.299599059344e+00 1.511862639614e+00 6.089916541255e+04
2.012529805174e+03 1.020000000000e+00 3.591507555516e+01 4.200000000000e+00 5.066306087800e+00 4.104882391854e+02 5.506774891593e+00 1.302762661278e-01 8.715613141516e+01 1.184854255748e+01 -8.124906680124e+00 1.636758503909e+00 6.226142857226e+04
2.012529919214e+03 1.020000000000e+00 3.591507555516e+01 4.200000000000e+00 5.278334277020e+00 4.092336498352e+02 3.901115525303e+00 -3.146558901171e-01 9.236497109124e+01 1.010127823092e+01 -7.946145870004e+00 1.617046144366e+00 6.334727199225e+04
2.012530033254e+03 1.020000000000e+00 3.591507555516e+01 4.200000000000e+00 5.438415091503e+00 4.079879198204e+02 2.231460108717e+00 -9.870429345143e-01 9.657256115127e+01 8.782367248054e+00 -7.678240813423e+00 1.440013352031e+00 6.429240254744e+04
2.012530147295e+03 1.020000000000e+00 3.681507555516e+01 4.300000000000e+00 5.551844427043e+00 4.098110267439e+02 1.035310309332e+00 -2.269222294287e+00 9.760426406825e+01 1.103231125370e+01 -9.544930443406e+00 8.568938227319e-01 6.365780544410e+04
2.012530261335e+03 1.020000000000e+00 3.681507555516e+01 4.300000000000e+00 5.480315114719e+00 4.086357437318e+02 -4.146415041162e-01 -2.716695873943e+00 1.008032480619e+02 1.001309761383e+01 -8.556646803558e+00 9.343077759416e-02 6.660542502735e+04
2.012530375375e+03 1.020000000000e+00 3.681507555516e+01 4.300000000000e+00 5.363698712392e+00 4.075158606601e+02 -1.533306927925e+00 -3.111510249663e+00 1.027415884957e+02 9.054747465236e+00 -7.480332831798e+00 -5.450961592020e-01 6.936544779973e+04
2.012530489415e+03 1.020000000000e+00 3.681507555516e+01 4.300000000000e+00 5.231056537670e+00 4.062044276155e+02 -2.185394070449e+00 -3.362626547132e+00 1.028870092392e+02 8.036715483932e+00 -6.245957809711e+00 -9.397132639965e-01 7.122917171752e+04
2.012530603456e+03 1.020000000000e+00 3.681507555516e+01 4.300000000000e+00 5.082420832041e+00 4.043295967203e+02 -2.446773516704e+00 -3.452495136468e+00 1.007675057323e+02 6.846181740267e+00 -4.634230882542e+00 -1.087031378070e+00 7.180342192170e+04
2.012530717496e+03 1.020000000000e+00 3.681507555516e+01 4.300000000000e+00 4.939247001056e+00 4.020623564029e+02 -2.434429155272e+00 -3.409477804910e+00 9.782372340856e+01 5.394752258188e+00 -2.827414391575e+00 -1.103213369805e+00 7.172632430201e+04
2.012530831536e+03 1.020000000000e+00 3.681507555516e+01 4.300000000000e+00 4.814625999147e+00 3.994822715487e+02 -1.883648361949e+00 -3.057081902323e+00 9.485317488147e+01 3.622082590642e+00 -9.447161920832e-01 -9.700881785947e-01 7.134907619018e+04
2.012530945576e+03 1.020000000000e+00 3.681507555516e+01 4.300000000000e+00 4.705092723779e+00 3.965639110606e+02 -6.859141544465e-01 -2.126468138502e+00 9.207156497696e+01 1.498253453362e+00 1.040293108416e+00 -5.410757638171e-01 7.087141142185e+04
2.012531059617e+03 1.020000000000e+00 3.681507555516e+01 4.300000000000e+00 4.609692804908e+00 3.933197519942e+02 1.128613974079e+00 -8.917888371795e-01 8.933273965839e+01 -9.855418457650e-01 3.212943449818e+00 1.448772708219e-01 7.018756051560e+04
2.012531173657e+03 1.020000000000e+00 3.681507555516e+01 4.300000000000e+00 4.527716941892e+00 3.898409779434e+02 3.225825056518e+00 2.992154270555e-01 8.603117437313e+01 -3.815543421701e+00 5.577059283836e+00 8.214044579918e-01 6.882006287432e+04
2.012531287697e+03 1.020000000000e+00 3.681507555516e+01 4.300000000000e+00 4.475656873307e+00 3.862759194279e+02 5.464116923667e+00 1.268396840924e+00 8.228004584564e+01 -6.956091043268e+00 8.104027777442e+00 1.316743723617e+00 6.658260314637e+04
2.012531401737e+03 1.020000000000e+00 3.681507555516e+01 4.300000000000e+00 4.468252580304e+00 3.827392164662e+02 7.747283522377e+00 1.984929991934e+00 7.827516202662e+01 -1.032932902012e+01 1.074346158677e+01 1.624076502170e+00 6.343353455353e+04
2.012531515778e+03 1.020000000000e+00 3.681507555516e+01 4.300000000000e+00 4.476779220841e+00 3.792832619838e+02 9.993784202191e+00 2.481497751807e+00 7.381689342870e+01 -1.382130360354e+01 1.341283889296e+01 1.801306285428e+00 5.969044838788e+04
2.012531629818e+03 1.020000000000e+00 3.681507555516e+01 4.300000000000e+00 4.486806911298e+00 3.759750008771e+02 1.211212274447e+01 2.731744026441e+00 6.852158273164e+01 -1.729781835955e+01 1.605170507250e+01 1.864154580613e+00 5.526988737170e+04
2.012531743858e+03 1.020000000000e+00 3.681507555516e+01 4.300000000000e+00 4.494505364074e+00 3.729269593400e+02 1.400581479476e+01 2.789406957586e+00 6.278061309355e+01 -2.063229765245e+01 1.860940069256e+01 1.814024014872e+00 5.054326289485e+04
2.012531857898e+03 1.020000000000e+00 3.681507555516e+01 4.300000000000e+00 4.504511847087e+00 3.702176134248e+02 1.559529517384e+01 2.705992847926e+00 5.706323472900e+01 -2.372667407667e+01 2.097872817216e+01 1.604097334632e+00 4.583882010357e+04
2.012531971939e+03 1.020000000000e+00 3.681507555516e+01 4.300000000000e+00 4.524392931453e+00 3.678712696154e+02 1.682551400714e+01 2.487581224662e+00 5.179938686391e+01 -2.651097638059e+01 2.308177839019e+01 1.211588991842e+00 4.144193964051e+04
2.012532085979e+03 1.020000000000e+00 3.681507555516e+01 4.300000000000e+00 4.560386501978e+00 3.658760023997e+02 1.767192855622e+01 2.158869932052e+00 4.732954055862e+01 -2.895061529112e+01 2.489774697253e+01 6.538143053951e-01 3.758993980867e+04
2.012532200019e+03 1.020000000000e+00 3.681507555516e+01 4.300000000000e+00 4.618657107697e+00 3.642403883746e+02 1.818295397852e+01 1.864106068570e+00 4.388296019537e+01 -3.105285862506e+01 2.645913951496e+01 9.698587071844e-02 3.443159290685e+04
2.012532314059e+03 1.020000000000e+00 3.681507555516e+01 4.300000000000e+00 4.703898121533e+00 3.629515824175e+02 1.841161744729e+01 1.694979042262e+00 4.140360460448e+01 -3.283575820639e+01 2.777201555915e+01 -3.453015729355e-01 3.190817537348e+04
2.012532428100e+03 1.020000000000e+00 3.681507555516e+01 4.300000000000e+00 4.807200979168e+00 3.620716636504e+02 1.839371671767e+01 1.631291666571e+00 3.975915749456e+01 -3.433531298878e+01 2.886579193544e+01 -6.113616157931e-01 2.998531538843e+04
2.012532542140e+03 1.020000000000e+00 3.681507555516e+01 4.300000000000e+00 4.910669678896e+00 3.616399817782e+02 1.814811524217e+01 1.651665427448e+00 3.862251312530e+01 -3.558923900930e+01 2.983914167232e+01 -7.260361078166e-01 2.850241387125e+04
2.012532656180e+03 1.020000000000e+00 3.681507555516e+01 4.300000000000e+00 5.036598918385e+00 3.617452358317e+02 1.753258374770e+01 1.820799767689e+00 3.818327324387e+01 -3.662211505967e+01 3.066551044165e+01 -7.289649462350e-01 2.746967092679e+04
2.012532770220e+03 1.020000000000e+00 3.681507555516e+01 4.300000000000e+00 5.163021914870e+00 3.624776734152e+02 1.647024441799e+01 2.195823687586e+00 3.845651900772e+01 -3.743129569920e+01 3.140932159125e+01 -5.795363686766e-01 2.699007349067e+04
2.012532884261e+03 1.020000000000e+00 3.781507555516e+01 4.400000000000e+00 5.172339108698e+00 3.591512748832e+02 1.787855962699e+01 2.182765300711e+00 3.945304377992e+01 -3.629644912622e+01 3.061221774143e+01 -6.791301193302e-01 2.764483958342e+04
2.012532998301e+03 1.020000000000e+00 3.781507555516e+01 4.400000000000e+00 5.361986165378e+00 3.600837324907e+02 1.663449065743e+01 2.601428087623e+00 4.011228791576e+01 -3.714003887972e+01 3.136108046676e+01 -4.005871300469e-01 2.709623728314e+04
2.012533112341e+03 1.020000000000e+00 3.781507555516e+01 4.400000000000e+00 5.564517300003e+00 3.616889967586e+02 1.497925400852e+01 3.160077372966e+00 4.155292499557e+01 -3.777368883493e+01 3.201547945895e+01 1.694357355758e-02 2.702622158804e+04
2.012533226381e+03 1.020000000000e+00 3.781507555516e+01 4.400000000000e+00 5.778236968316e+00 3.636266007555e+02 1.303128391112e+01 3.844055294987e+00 4.345715241906e+01 -3.820740608777e+01 3.255919835106e+01 6.060096378853e-01 2.717952174529e+04
2.012533340422e+03 1.020000000000e+00 3.781507555516e+01 4.400000000000e+00 6.062678008858e+00 3.661329439449e+02 1.068660088210e+01 4.567156171455e+00 4.637255189358e+01 -3.846080270038e+01 3.285201697718e+01 1.296754887992e+00 2.762368997009e+04
2.012533454462e+03 1.020000000000e+00 3.781507555516e+01 4.400000000000e+00 6.360494288128e+00 3.689616333896e+02 8.186076278713e+00 5.261567805726e+00 4.978228685205e+01 -3.857173049910e+01 3.293204361009e+01 2.015499604198e+00 2.827259123464e+04
2.012533568502e+03 1.020000000000e+00 3.781507555516e+01 4.400000000000e+00 6.600502889305e+00 3.718115847838e+02 5.713665597247e+00 5.892866533708e+00 5.313306744972e+01 -3.858397148090e+01 3.284516026766e+01 2.688498891206e+00 2.910084895353e+04
2.012533682542e+03 1.020000000000e+00 3.781507555516e+01 4.400000000000e+00 6.741873889291e+00 3.745001634049e+02 3.372516624000e+00 6.425225990681e+00 5.614076274094e+01 -3.854287199594e+01 3.261531135594e+01 3.248320305459e+00 3.014122701250e+04
2.012533796583e+03 1.020000000000e+00 3.781507555516e+01 4.400000000000e+00 6.816943557513e+00 3.768811191229e+02 1.236574864149e+00 6.842875701764e+00 5.862288879648e+01 -3.849653181926e+01 3.222436256102e+01 3.658910455209e+00 3.117629146752e+04
2.012533910623e+03 1.020000000000e+00 3.781507555516e+01 4.400000000000e+00 6.794872008892e+00 3.788599319147e+02 -6.136691120898e-01 7.153928398212e+00 6.039076791829e+01 -3.847687272258e+01 3.169123122593e+01 3.922272807915e+00 3.224508818846e+04
2.012534024663e+03 1.020000000000e+00 3.781507555516e+01 4.400000000000e+00 6.686548687576e+00 3.804127774092e+02 -2.144864599463e+00 7.373134867164e+00 6.130691170279e+01 -3.850159243528e+01 3.110739114783e+01 4.061538846036e+00 3.325835651741e+04
2.012534138703e+03 1.020000000000e+00 3.781507555516e+01 4.400000000000e+00 6.526408924202e+00 3.815374487284e+02 -3.345818824804e+00 7.487220084229e+00 6.144746708904e+01 -3.858971383814e+01 3.051396634778e+01 4.036489628120e+00 3.413859774805e+04
2.012534252744e+03 1.020000000000e+00 3.781507555516e+01 4.400000000000e+00 6.340450786041e+00 3.821137209839e+02 -4.245126293611e+00 7.501623361520e+00 6.066602470601e+01 -3.870716107670e+01 2.984245788538e+01 3.860513924138e+00 3.467928762051e+04
2.012534366784e+03 1.020000000000e+00 3.781507555516e+01 4.400000000000e+00 6.116084532538e+00 3.822169546342e+02 -4.868351322587e+00 7.481390093059e+00 5.920067342816e+01 -3.855914606106e+01 2.930326674611e+01 3.669449634578e+00 3.505800153691e+04
2.012534480824e+03 1.020000000000e+00 3.781507555516e+01 4.400000000000e+00 6.940518112064e+00 4.057339739630e+02 -3.053138327685e+00 -9.429742244370e-01 2.975688245483e+02 -3.977386781181e+01 3.569967412449e+01 -1.593591021449e-01 1.328882228732e+05
2.012534594864e+03 1.020000000000e+00 3.781507555516e+01 4.400000000000e+00 1.399985052246e+01 5.319628760269e+02 7.255592966854e+00 -3.893715327344e+01 2.663618887679e+03 -4.684477996667e+01 8.803244892524e+01 -1.762816894025e+01 6.781616354541e+05
2.012534708905e+03 1.020000000000e+00 3.781507555516e+01 4.400000000000e+00 1.840777857810e+01 5.898398281520e+02 1.477114707786e+01 -5.394844444525e+01 4.432875536587e+03 -4.953496247581e+01 1.254065928223e+02 -2.419186086769e+01 8.723981998655e+05
2.012534822945e+03 1.020000000000e+00 3.781507555516e+01 4.400000000000e+00 1.800487627141e+01 5.940551220062e+02 1.663486590550e+01 -5.271378026757e+01 4.314135496275e+03 -4.600078981265e+01 1.250953481990e+02 -1.901684875566e+01 8.675777718409e+05
2.012534936985e+03 1.020000000000e+00 3.781507555516e+01 4.400000000000e+00 1.699849785550e+01 5.868132791306e+02 1.545690823022e+01 -4.757960051269e+01 3.835205572085e+03 -3.920509299940e+01 1.105670356199e+02 -9.537849688698e+00 8.169495589314e+05
2.012535051025e+03 1.020000000000e+00 3.781507555516e+01 4.400000000000e+00 1.668580125623e+01 5.802189227401e+02 8.397030790374e+00 -4.500387866701e+01 3.532755420653e+03 -3.388340865476e+01 7.417654138155e+01 -5.283860152608e+00 7.668461120944e+05
2.012535165066e+03 1.020000000000e+00 3.781507555516e+01 4.400000000000e+00 1.685164021630e+01 5.812047077166e+02 -7.098461063503e+00 -4.560562211570e+01 3.432276710480e+03 -3.026412315238e+01 2.056279788028e+01 -5.843379950721e+00 7.377146886490e+05
2.012535279106e+03 1.020000000000e+00 3.781507555516e+01 4.400000000000e+00 1.645188485866e+01 5.841742826840e+02 -2.267204486327e+01 -5.122388273080e+01 3.271672626928e+03 -2.819274037111e+01 -4.267345423171e+01 -1.848862697350e+01 7.203912542342e+05
2.012535393146e+03 1.020000000000e+00 3.781507555516e+01 4.400000000000e+00 1.456475816468e+01 5.840834365630e+02 -3.251825740366e+01 -5.709474391538e+01 2.775401181814e+03 -2.982842811264e+01 -9.894207713886e+01 -4.573659488385e+01 6.919695620980e+05
2.012535507186e+03 1.020000000000e+00 3.781507555516e+01 4.400000000000e+00 1.104463569936e+01 5.798168571614e+02 -3.513278061098e+01 -5.962968478100e+01 2.119013898596e+03 -4.083649183207e+01 -1.265404614792e+02 -7.726655396873e+01 7.000351479326e+05
2.012535621227e+03 1.020000000000e+00 3.871507555516e+01 4.400000000000e+00 7.947628360889e+00 5.726359353160e+02 -3.824992047297e+01 -5.416252853196e+01 1.542168967902e+03 -5.627326423775e+01 -1.274448872445e+02 -9.599556467653e+01 7.046268731387e+05
2.012535735267e+03 1.020000000000e+00 3.871507555516e+01 4.400000000000e+00 5.713642709685e+00 5.670192798420e+02 -2.872152728866e+01 -4.656803844141e+01 1.128901874230e+03 -7.986604261799e+01 -1.169176880134e+02 -1.169057479649e+02 7.145161872703e+05
2.012535849307e+03 1.020000000000e+00 3.871507555516e+01 4.400000000000e+00 4.547237230471e+00 5.616182317903e+02 -1.875336728589e+00 -4.070808122450e+01 8.271750132306e+02 -1.010006395081e+02 -9.835082930302e+01 -1.347624754504e+02 6.568042244195e+05
2.012535963347e+03 1.020000000000e+00 3.871507555516e+01 4.400000000000e+00 3.963524068493e+00 5.576873625342e+02 2.418115418218e+01 -3.753378948852e+01 5.992291673137e+02 -1.163098209683e+02 -8.429259294374e+01 -1.473826812775e+02 5.466092553632e+05
2.012536077388e+03 1.020000000000e+00 3.871507555516e+01 4.400000000000e+00 3.739021545982e+00 5.538297957072e+02 3.941517257870e+01 -3.257832379125e+01 4.369341857876e+02 -1.271183943658e+02 -7.802319777957e+01 -1.526837229188e+02 4.229495628120e+05
2.012536191428e+03 1.020000000000e+00 3.871507555516e+01 4.400000000000e+00 3.610028380782e+00 5.508544814625e+02 4.406140354682e+01 -2.571191252450e+01 3.158867726276e+02 -1.360505650093e+02 -7.844314780405e+01 -1.531670310168e+02 3.167729405211e+05
2.012536305468e+03 1.020000000000e+00 3.871507555516e+01 4.400000000000e+00 3.458776014152e+00 5.496257694306e+02 4.396030693900e+01 -1.538714969688e+01 2.153750279260e+02 -1.438563231374e+02 -8.909855283928e+01 -1.488050758929e+02 2.251728096617e+05
2.012536419508e+03 1.020000000000e+00 3.871507555516e+01 4.400000000000e+00 3.176092953152e+00 5.486879877709e+02 4.315715979246e+01 -6.884477733838e-01 1.351512202268e+02 -1.499959144349e+02 -1.055683007565e+02 -1.368486436216e+02 1.534134947476e+05
2.012536533549e+03 1.020000000000e+00 3.871507555516e+01 4.400000000000e+00 2.768200655580e+00 5.501714367243e+02 4.259084893137e+01 1.293766927113e+01 7.955579616899e+01 -1.555477913281e+02 -1.225832462268e+02 -1.208152159710e+02 1.033143968920e+05
2.012536647589e+03 1.020000000000e+00 3.871507555516e+01 4.400000000000e+00 2.337298970404e+00 5.509151469648e+02 4.439919740759e+01 2.171455006556e+01 4.462348824185e+01 -1.610197070732e+02 -1.354780563280e+02 -1.032780438188e+02 6.856158963031e+04
2.012536761629e+03 1.020000000000e+00 3.871507555516e+01 4.400000000000e+00 1.976964585804e+00 5.491457101802e+02 4.799229110967e+01 2.467687441942e+01 2.629174644469e+01 -1.666250560149e+02 -1.434508699266e+02 -8.651577389992e+01 4.797184877694e+04
2.012536875669e+03 1.020000000000e+00 3.871507555516e+01 4.400000000000e+00 1.728800432151e+00 5.439619449434e+02 5.269468293256e+01 2.323770278078e+01 1.821760854727e+01 -1.719437612446e+02 -1.467519640509e+02 -7.079796909742e+01 3.815552310376e+04
2.012536989709e+03 1.020000000000e+00 3.871507555516e+01 4.400000000000e+00 1.523606380390e+00 5.378458411414e+02 5.636529438871e+01 1.809996738120e+01 1.409244644021e+01 -1.767183971354e+02 -1.482322478875e+02 -5.552961439563e+01 3.356382090538e+04
2.012537103750e+03 1.020000000000e+00 3.871507555516e+01 4.400000000000e+00 1.327121089831e+00 5.326071866866e+02 5.766042152774e+01 1.332405469801e+01 1.141336901691e+01 -1.810669905570e+02 -1.490093310125e+02 -3.945365763968e+01 3.131174555519e+04
2.012537217790e+03 1.020000000000e+00 3.871507555516e+01 4.400000000000e+00 1.155193123457e+00 5.268149772357e+02 5.743670473192e+01 8.975086671599e+00 9.597172427867e+00 -1.850091782068e+02 -1.482045374568e+02 -2.280981723522e+01 3.028377649066e+04
2.012537331830e+03 1.020000000000e+00 3.871507555516e+01 4.400000000000e+00 1.045885827507e+00 5.200098871202e+02 5.592649015445e+01 4.770040419370e+00 8.843396599308e+00 -1.882059731100e+02 -1.457952795560e+02 -5.996288143868e+00 3.080519490795e+04
2.012537445870e+03 1.020000000000e+00 3.871507555516e+01 4.400000000000e+00 9.839959305307e-01 5.134093385364e+02 5.387818523466e+01 8.544694014149e-01 8.569835355456e+00 -1.904976600172e+02 -1.419656946982e+02 1.076116352112e+01 3.170441057944e+04
2.012537559911e+03 1.020000000000e+00 3.871507555516e+01 4.400000000000e+00 9.429283823876e-01 5.069815269910e+02 5.172969000275e+01 -2.681184334200e+00 8.499713372485e+00 -1.915898186479e+02 -1.368591770262e+02 2.724374263941e+01 3.277341414963e+04
2.012537673951e+03 1.020000000000e+00 3.871507555516e+01 4.400000000000e+00 9.101757496226e-01 4.997096108272e+02 5.019839292524e+01 -5.780884005670e+00 8.516086517200e+00 -1.914252044777e+02 -1.302226031961e+02 4.309495166198e+01 3.397238006195e+04
2.012537787991e+03 1.020000000000e+00 3.871507555516e+01 4.400000000000e+00 8.820658072454e-01 4.927153378671e+02 4.851641241905e+01 -8.410851155119e+00 8.648834695120e+00 -1.903809582849e+02 -1.226681635968e+02 5.816261452208e+01 3.556711850437e+04
2.012537902031e+03 1.020000000000e+00 3.871507555516e+01 4.400000000000e+00 8.556086501339e-01 4.863730527818e+02 4.678907053138e+01 -1.033922534242e+01 8.796803018855e+00 -1.887600106199e+02 -1.143985107673e+02 7.239713375795e+01 3.730528598306e+04
2.012538016072e+03 1.020000000000e+00 3.871507555516e+01 4.400000000000e+00 8.272396422782e-01 4.803586587268e+02 4.581844919476e+01 -1.175008196152e+01 8.675607443876e+00 -1.863776917463e+02 -1.052952217919e+02 8.542768248363e+01 3.806407859041e+04
2.012538130112e+03 1.020000000000e+00 3.871507555516e+01 4.400000000000e+00 7.986578920435e-01 4.746857517690e+02 4.542208149357e+01 -1.282646904477e+01 8.410885596935e+00 -1.833978196418e+02 -9.565557151391e+01 9.703460421218e+01 3.821011869467e+04
2.012538244152e+03 1.020000000000e+00 3.871507555516e+01 4.400000000000e+00 7.708817714492e-01 4.693980355853e+02 4.560414982679e+01 -1.354360115629e+01 8.069550917656e+00 -1.800456863468e+02 -8.575987705749e+01 1.072236560214e+02 3.797293321471e+04
2.012538358192e+03 1.020000000000e+00 3.971507555516e+01 4.500000000000e+00 7.705113232465e-01 4.563458191345e+02 4.642861880376e+01 -1.806241982052e+01 8.428128684794e+00 -1.742555204606e+02 -7.694135953413e+01 1.274158753589e+02 3.953662691523e+04
2.012538472233e+03 1.020000000000e+00 3.971507555516e+01 4.500000000000e+00 7.426828548904e-01 4.518384792973e+02 4.822307406403e+01 -1.794604376945e+01 7.557470309201e+00 -1.676975737684e+02 -6.666272868147e+01 1.346073445539e+02 3.686996762272e+04
2.012538586273e+03 1.020000000000e+00 3.971507555516e+01 4.500000000000e+00 7.195175147458e-01 4.479810817533e+02 5.002343151485e+01 -1.781888684813e+01 6.815950704302e+00 -1.607161480659e+02 -5.692769947784e+01 1.403451929535e+02 3.434286189318e+04
2.012538700313e+03 1.020000000000e+00 3.971507555516e+01 4.500000000000e+00 6.985220630389e-01 4.446526983871e+02 5.179193913737e+01 -1.782607769206e+01 6.288090216823e+00 -1.536283840022e+02 -4.789176461307e+01 1.446759202318e+02 3.263344503789e+04
2.012538814353e+03 1.020000000000e+00 3.971507555516e+01 4.500000000000e+00 6.791114351392e-01 4.417855667928e+02 5.337618459350e+01 -1.815478920793e+01 5.962526066926e+00 -1.465796806685e+02 -3.962943782472e+01 1.477140379051e+02 3.182526685359e+04
2.012538928394e+03 1.020000000000e+00 3.971507555516e+01 4.500000000000e+00 6.575225149067e-01 4.394963546827e+02 5.469257205695e+01 -1.896411190461e+01 5.731193661295e+00 -1.397321008677e+02 -3.214917342914e+01 1.495764177852e+02 3.159272806123e+04
2.012539042434e+03 1.020000000000e+00 3.971507555516e+01 4.500000000000e+00 6.331246323643e-01 4.375665002509e+02 5.569999285136e+01 -2.023023543217e+01 5.549693621896e+00 -1.332075355149e+02 -2.540903693024e+01 1.504714993232e+02 3.177771331034e+04
2.012539156474e+03 1.020000000000e+00 3.971507555516e+01 4.500000000000e+00 6.027951317853e-01 4.357542269754e+02 5.668481941295e+01 -2.163802087721e+01 5.444888859105e+00 -1.271469171223e+02 -1.933893102175e+01 1.506479464724e+02 3.278064041790e+04
2.012539270514e+03 1.020000000000e+00 3.971507555516e+01 4.500000000000e+00 5.655152430685e-01 4.340332827586e+02 5.785124444739e+01 -2.313925864398e+01 5.381125503376e+00 -1.215218191264e+02 -1.386952883917e+01 1.502430993289e+02 3.454155829584e+04
2.012539384555e+03 1.020000000000e+00 3.971507555516e+01 4.500000000000e+00 5.287095679902e-01 4.322828846207e+02 5.934875980815e+01 -2.488362274960e+01 5.276322538811e+00 -1.162951154104e+02 -8.970541350766e+00 1.493842536895e+02 3.622014288230e+04
2.012539498595e+03 1.020000000000e+00 3.971507555516e+01 4.500000000000e+00 4.935549111707e-01 4.306194427764e+02 6.136677115521e+01 -2.686234330575e+01 5.121281200648e+00 -1.114583557690e+02 -4.624733652203e+00 1.481595590078e+02 3.765045308398e+04
2.012539612635e+03 1.020000000000e+00 3.971507555516e+01 4.500000000000e+00 4.600151627195e-01 4.289315012723e+02 6.374158182521e+01 -2.891174859125e+01 4.908381041187e+00 -1.070204849544e+02 -7.231996139980e-01 1.466642679517e+02 3.870352663465e+04
2.012539726675e+03 1.020000000000e+00 3.971507555516e+01 4.500000000000e+00 4.280511347998e-01 4.272126710038e+02 6.626793779943e+01 -3.097950675725e+01 4.599646829910e+00 -1.029744604799e+02 2.828778149778e+00 1.450080898850e+02 3.896447052540e+04
2.012539840716e+03 1.020000000000e+00 3.971507555516e+01 4.500000000000e+00 3.981080935356e-01 4.254277228760e+02 6.848317648323e+01 -3.303011748828e+01 4.271963067494e+00 -9.923408498824e+01 6.071423653504e+00 1.432218304778e+02 3.890035367624e+04
2.012539954756e+03 1.020000000000e+00 3.971507555516e+01 4.500000000000e+00 3.698405353949e-01 4.235370611622e+02 7.000211788665e+01 -3.489915259628e+01 3.967983762788e+00 -9.568895604659e+01 9.116686726144e+00 1.413246348526e+02 3.889332413812e+04
2.012540068796e+03 1.020000000000e+00 3.971507555516e+01 4.500000000000e+00 3.431712301569e-01 4.215795177441e+02 7.070250756473e+01 -3.643072519987e+01 3.736513552364e+00 -9.228852674449e+01 1.210024029940e+01 1.393386039482e+02 3.947806965021e+04
2.012540182836e+03 1.020000000000e+00 3.971507555516e+01 4.500000000000e+00 3.166325045720e-01 4.195070841582e+02 7.063136692156e+01 -3.761442252723e+01 3.587015927160e+00 -8.908484340600e+01 1.520916110746e+01 1.372906903394e+02 4.109355151040e+04
2.012540296877e+03 1.020000000000e+00 3.971507555516e+01 4.500000000000e+00 2.912388613471e-01 4.170767150112e+02 6.942561343079e+01 -3.814205090090e+01 3.566261031549e+00 -8.609740101858e+01 1.875536406532e+01 1.351291850238e+02 4.441954858618e+04
2.012540410917e+03 1.020000000000e+00 3.971507555516e+01 4.500000000000e+00 2.731479377027e-01 4.138096385027e+02 6.595561924929e+01 -3.757234746063e+01 3.843452527283e+00 -8.315303314373e+01 2.309390799820e+01 1.327486193848e+02 5.101587383760e+04
2.012540524957e+03 1.020000000000e+00 3.971507555516e+01 4.500000000000e+00 2.606270906699e-01 4.098924487076e+02 5.900050992829e+01 -3.650342682695e+01 4.381141676329e+00 -8.001843747732e+01 2.823369647542e+01 1.301512822203e+02 6.092563291040e+04
2.012540638997e+03 1.020000000000e+00 3.971507555516e+01 4.500000000000e+00 2.512877631573e-01 4.051662461266e+02 4.976970109315e+01 -3.482717702262e+01 4.940730259020e+00 -7.644825317852e+01 3.419894764164e+01 1.272540158460e+02 7.126701425589e+04
2.012540753038e+03 1.020000000000e+00 3.971507555516e+01 4.500000000000e+00 2.438592421340e-01 3.996343822452e+02 3.913922305455e+01 -3.160086147799e+01 5.375092337893e+00 -7.246865864610e+01 4.073381628467e+01 1.240621471189e+02 7.991991485223e+04
2.012540867078e+03 1.020000000000e+00 3.971507555516e+01 4.500000000000e+00 2.385113180554e-01 3.937768845193e+02 2.886892384280e+01 -2.756990877709e+01 5.598081750113e+00 -6.822124380282e+01 4.749566448840e+01 1.204939056545e+02 8.522859594299e+04
2.012540981118e+03 1.020000000000e+00 3.971507555516e+01 4.500000000000e+00 2.325918038935e-01 3.878434681954e+02 2.078265077927e+01 -2.283416231011e+01 5.574786880466e+00 -6.388083799952e+01 5.393499014859e+01 1.166584221037e+02 8.713705878425e+04
2.012541095158e+03 1.020000000000e+00 4.061507555516e+01 4.600000000000e+00 2.471100434369e-01 3.780403302387e+02 1.335564136720e+01 -1.735216376043e+01 4.938211087347e+00 -5.263626319010e+01 6.256434023545e+01 1.155465449848e+02 7.299151606091e+04
2.012541209199e+03 1.020000000000e+00 4.061507555516e+01 4.600000000000e+00 2.471930923003e-01 3.742700508123e+02 1.198758674017e+01 -1.398258191958e+01 4.623429014996e+00 -4.867799345932e+01 6.682554024923e+01 1.113507879711e+02 6.839607076461e+04
2.012541323239e+03 1.020000000000e+00 4.061507555516e+01 4.600000000000e+00 2.542769654882e-01 3.716658872889e+02 1.269399649729e+01 -1.191431083534e+01 4.321051932304e+00 -4.510125390083e+01 7.006473299569e+01 1.073365760429e+02 6.215102016770e+04
2.012541437279e+03 1.020000000000e+00 4.061507555516e+01 4.600000000000e+00 2.698931670904e-01 3.700484328928e+02 1.559516906908e+01 -1.045179357213e+01 4.094658835490e+00 -4.200416845403e+01 7.250118131630e+01 1.035080903783e+02 5.550174282200e+04
2.012541551319e+03 1.020000000000e+00 4.061507555516e+01 4.600000000000e+00 2.926476848747e-01 3.690073498725e+02 1.944487548858e+01 -8.712728496345e+00 3.958468106132e+00 -3.938628358460e+01 7.425597563624e+01 9.985155209640e+01 4.950673113705e+04
2.012541665360e+03 1.020000000000e+00 4.061507555516e+01 4.600000000000e+00 3.188359031899e-01 3.682919303152e+02 2.350317565395e+01 -6.627677382399e+00 3.875790330218e+00 -3.718706727385e+01 7.555861373041e+01 9.631678456019e+01 4.452353115458e+04
2.012541779400e+03 1.020000000000e+00 4.061507555516e+01 4.600000000000e+00 3.441868449759e-01 3.675133902943e+02 2.765393534959e+01 -4.382528811009e+00 3.814879554666e+00 -3.537113444236e+01 7.655691685600e+01 9.290822464839e+01 4.063677410308e+04
2.012541893440e+03 1.020000000000e+00 4.061507555516e+01 4.600000000000e+00 3.633834600680e-01 3.665408956807e+02 3.134911425233e+01 -1.997252624438e+00 3.765883148568e+00 -3.391812442322e+01 7.731663143330e+01 8.972662074125e+01 3.800098574447e+04
2.012542007480e+03 1.020000000000e+00 4.061507555516e+01 4.600000000000e+00 3.725110323106e-01 3.654178269324e+02 3.437831300554e+01 1.855363424217e-01 3.731101839700e+00 -3.271801359793e+01 7.789838110108e+01 8.672691791026e+01 3.670154164359e+04
2.012542121521e+03 1.020000000000e+00 4.061507555516e+01 4.600000000000e+00 3.737072300693e-01 3.642653688557e+02 3.675349623339e+01 1.786288951203e+00 3.722565801346e+00 -3.169842259036e+01 7.834503407675e+01 8.385764423978e+01 3.650719599852e+04
2.012542235561e+03 1.020000000000e+00 4.061507555516e+01 4.600000000000e+00 3.686081932651e-01 3.631379045089e+02 3.869806270446e+01 2.556030832963e+00 3.839767013844e+00 -3.082656687976e+01 7.863259868187e+01 8.113792088055e+01 3.811107378533e+04
2.012542349601e+03 1.020000000000e+00 4.061507555516e+01 4.600000000000e+00 3.599922135186e-01 3.622444936029e+02 4.008549739563e+01 2.390514146842e+00 4.501287935249e+00 -3.008348892428e+01 7.868059851456e+01 7.860700223131e+01 4.569634206423e+04
2.012542463641e+03 1.020000000000e+00 4.061507555516e+01 4.600000000000e+00 3.465726062220e-01 3.621217455042e+02 4.020374141765e+01 5.815983548917e-01 6.671988030731e+00 -2.945955251770e+01 7.837187955496e+01 7.627087016740e+01 7.045081476425e+04
2.012542577682e+03 1.020000000000e+00 4.061507555516e+01 4.600000000000e+00 3.263368390179e-01 3.629446550969e+02 3.840751395250e+01 -4.532551248076e+00 1.040186849472e+01 -2.903331815273e+01 7.772010295032e+01 7.406708515596e+01 1.164726831786e+05
2.012542691722e+03 1.020000000000e+00 4.061507555516e+01 4.600000000000e+00 3.064141760935e-01 3.654387151506e+02 3.250085278341e+01 -1.169512701375e+01 1.488964722032e+01 -2.876735600194e+01 7.659680005256e+01 7.217877372402e+01 1.768665269914e+05
2.012542805762e+03 1.020000000000e+00 4.061507555516e+01 4.600000000000e+00 2.917934340808e-01 3.686736325258e+02 2.330135052806e+01 -1.949821266102e+01 1.935368927317e+01 -2.879650169459e+01 7.500657467776e+01 7.080918160799e+01 2.407360221608e+05
2.012542919802e+03 1.020000000000e+00 4.061507555516e+01 4.600000000000e+00 2.829109282184e-01 3.713980668067e+02 1.291268558715e+01 -2.491784576784e+01 2.309437056984e+01 -2.947212606814e+01 7.288882288097e+01 6.993804434092e+01 2.959079389732e+05
2.012543033843e+03 1.020000000000e+00 4.061507555516e+01 4.600000000000e+00 2.777239061022e-01 3.737470950442e+02 3.510117693878e+00 -2.681604007116e+01 2.571668781939e+01 -3.093208423711e+01 7.048138839971e+01 6.956288632062e+01 3.353417864850e+05
2.012543147883e+03 1.020000000000e+00 4.061507555516e+01 4.600000000000e+00 2.774582681387e-01 3.755034151403e+02 -2.201187517855e+00 -2.702159712158e+01 2.723135611352e+01 -3.264561163575e+01 6.808241312212e+01 6.947686491051e+01 3.553426065399e+05
2.012543261923e+03 1.020000000000e+00 4.061507555516e+01 4.600000000000e+00 2.950718129402e-01 3.763851794343e+02 -4.039168989082e+00 -2.647396535906e+01 2.829893575191e+01 -3.424560512638e+01 6.599876798840e+01 6.931030909576e+01 3.506737567380e+05
2.012543375963e+03 1.020000000000e+00 4.061507555516e+01 4.600000000000e+00 3.867999402740e-01 3.765630560880e+02 -3.977805782416e+00 -2.480842914391e+01 2.944819404267e+01 -3.563896563079e+01 6.436180281962e+01 6.890188935033e+01 3.102205137124e+05
2.012543490004e+03 1.020000000000e+00 4.061507555516e+01 4.600000000000e+00 7.399918640787e-01 3.760291065139e+02 -2.744578721682e+00 -2.238904500655e+01 3.113456969769e+01 -3.685011883956e+01 6.318100256962e+01 6.827000396582e+01 1.692972469469e+05
2.012543604044e+03 1.020000000000e+00 4.061507555516e+01 4.600000000000e+00 1.367388864492e+00 3.749573176813e+02 -6.024093082347e-01 -1.997246276495e+01 3.356290782545e+01 -3.793811475524e+01 6.238582092303e+01 6.764791139139e+01 9.337451490212e+04
2.012543718084e+03 1.020000000000e+00 4.161507555516e+01 4.700000000000e+00 2.047040159532e+00 3.724316208944e+02 1.786335724530e+00 -1.798971099715e+01 3.719318603432e+01 -3.882104219231e+01 6.034672458536e+01 6.844464688479e+01 6.740790757159e+04
2.012543832124e+03 1.020000000000e+00 4.161507555516e+01 4.700000000000e+00 2.845951672528e+00 3.714771971738e+02 4.330590305070e+00 -1.563061162078e+01 4.060501877318e+01 -3.995199226840e+01 6.036204573725e+01 6.851019370176e+01 5.233032229484e+04
2.012543946165e+03 1.020000000000e+00 4.161507555516e+01 4.700000000000e+00 3.652849988610e+00 3.706921832175e+02 6.975385140354e+00 -1.396402626597e+01 4.379572804870e+01 -4.115295834211e+01 6.138643393661e+01 6.884728272337e+01 4.372554920063e+04
2.012544060205e+03 1.020000000000e+00 4.161507555516e+01 4.700000000000e+00 4.409592496095e+00 3.698865269618e+02 9.274628796726e+00 -1.309674181208e+01 4.643324822377e+01 -4.245014195167e+01 6.314058722908e+01 6.930311386597e+01 3.826959296955e+04
2.012544174245e+03 1.020000000000e+00 4.161507555516e+01 4.700000000000e+00 5.062204788107e+00 3.691941721798e+02 1.080504335506e+01 -1.259767047935e+01 4.878703206008e+01 -4.382737018321e+01 6.526519727980e+01 7.009780838928e+01 3.494081900232e+04
2.012544288285e+03 1.020000000000e+00 4.161507555516e+01 4.700000000000e+00 5.594138909052e+00 3.687133011472e+02 1.151375730760e+01 -1.230210954220e+01 5.176698226850e+01 -4.518024298869e+01 6.767954950788e+01 7.093305936900e+01 3.349249560217e+04
2.012544402326e+03 1.020000000000e+00 4.161507555516e+01 4.700000000000e+00 6.193789422373e+00 3.686329988027e+02 1.165836467609e+01 -1.249389886354e+01 5.861529596318e+01 -4.632347548498e+01 7.030345228973e+01 7.106293742122e+01 3.412612989005e+04
2.012544516366e+03 1.020000000000e+00 4.161507555516e+01 4.700000000000e+00 7.357108125602e+00 3.691185182565e+02 1.124232499587e+01 -1.398309257071e+01 7.548331830783e+01 -4.704910128102e+01 7.240680451994e+01 7.035805521776e+01 3.688761730052e+04
2.012544630406e+03 1.020000000000e+00 4.161507555516e+01 4.700000000000e+00 9.023313728029e+00 3.698402826218e+02 9.476664990657e+00 -1.659439470095e+01 1.025634055454e+02 -4.729768076246e+01 7.381342581785e+01 6.928729610349e+01 4.089603429653e+04
2.012544744446e+03 1.020000000000e+00 4.161507555516e+01 4.700000000000e+00 1.087865602753e+01 3.706741556327e+02 6.559759442862e+00 -1.963588062754e+01 1.361165100092e+02 -4.720587486158e+01 7.512149308950e+01 6.761448119354e+01 4.509717725893e+04
2.012544858487e+03 1.020000000000e+00 4.161507555516e+01 4.700000000000e+00 1.274089400312e+01 3.715627619111e+02 2.846710827733e+00 -2.227789840562e+01 1.732056025297e+02 -4.693263504453e+01 7.724704680265e+01 6.396240357956e+01 4.906990733811e+04
2.012544972527e+03 1.020000000000e+00 4.161507555516e+01 4.700000000000e+00 1.438740887647e+01 3.726818009733e+02 -1.276825034404e+00 -2.408504459475e+01 2.107268847793e+02 -4.658249966540e+01 8.034501026802e+01 5.816278155502e+01 5.292580233722e+04
2.012545086567e+03 1.020000000000e+00 4.161507555516e+01 4.700000000000e+00 1.539143770427e+01 3.740024642437e+02 -5.326905959336e+00 -2.512977125835e+01 2.452090187190e+02 -4.616517908634e+01 8.375868050632e+01 5.126656902058e+01 5.765142810831e+04
2.012545200607e+03 1.020000000000e+00 4.161507555516e+01 4.700000000000e+00 1.561086917472e+01 3.753255344878e+02 -9.108797339285e+00 -2.558914165217e+01 2.731558173052e+02 -4.567596854884e+01 8.693050552196e+01 4.420715349953e+01 6.336412433337e+04
2.012545314648e+03 1.020000000000e+00 4.161507555516e+01 4.700000000000e+00 1.548306019947e+01 3.765790820875e+02 -1.241710258417e+01 -2.564052260593e+01 2.932025109333e+02 -4.513314253024e+01 8.948638798305e+01 3.764253996910e+01 6.858791955849e+04
2.012545428688e+03 1.020000000000e+00 4.161507555516e+01 4.700000000000e+00 1.521194490210e+01 3.777964371020e+02 -1.514584007699e+01 -2.544417717589e+01 3.055236387906e+02 -4.458923033205e+01 9.119706288660e+01 3.197161278193e+01 7.274654107076e+04
2.012545542728e+03 1.020000000000e+00 4.161507555516e+01 4.700000000000e+00 1.482817139410e+01 3.791154863425e+02 -1.723716148044e+01 -2.487641423921e+01 3.113408976457e+02 -4.405198343245e+01 9.205321901057e+01 2.725645053393e+01 7.607036966044e+04
2.012545656768e+03 1.020000000000e+00 4.161507555516e+01 4.700000000000e+00 1.413524226203e+01 3.809169348740e+02 -1.861181326343e+01 -2.334386957609e+01 3.118073801668e+02 -4.348933203415e+01 9.196876345488e+01 2.299404637863e+01 7.997432319930e+04
2.012545770809e+03 1.020000000000e+00 4.161507555516e+01 4.700000000000e+00 1.306571906823e+01 3.846646718455e+02 -1.921932582689e+01 -2.108113472644e+01 3.033669880714e+02 -4.275225580932e+01 9.010913989785e+01 1.830746401868e+01 8.419903370063e+04
2.012545884849e+03 1.020000000000e+00 4.161507555516e+01 4.700000000000e+00 1.160118197688e+01 3.920292010569e+02 -1.904555475734e+01 -1.831827614807e+01 2.799165993159e+02 -4.169121862076e+01 8.316932699575e+01 1.319799832172e+01 8.714156881722e+04
2.012545998889e+03 1.020000000000e+00 4.161507555516e+01 4.700000000000e+00 9.758678509726e+00 4.034624290386e+02 -1.737689740680e+01 -1.464820762633e+01 2.215796415196e+02 -3.984115954762e+01 6.895422802146e+01 8.679322336696e+00 8.160717237571e+04
2.012546112929e+03 1.020000000000e+00 4.161507555516e+01 4.700000000000e+00 7.885467392858e+00 4.170395848796e+02 -1.240388609061e+01 -1.009980242730e+01 1.557102825591e+02 -3.772465298644e+01 5.331703890738e+01 5.610232722332e+00 7.093195084630e+04
2.012546226970e+03 1.020000000000e+00 4.161507555516e+01 4.700000000000e+00 6.454141252823e+00 4.288610295644e+02 -6.611337681417e+00 -6.161484357834e+00 1.081358585362e+02 -3.600515090275e+01 4.134847843050e+01 3.457893044172e+00 6.048579930592e+04
2.012546341010e+03 1.020000000000e+00 4.161507555516e+01 4.700000000000e+00 5.695508503427e+00 4.356497313936e+02 -3.369451138451e+00 -3.914248757593e+00 8.608896898929e+01 -3.495831690435e+01 3.505523896461e+01 2.150205915075e+00 5.471687683479e+04
2.012546455050e+03 1.020000000000e+00 4.251507555516e+01 4.800000000000e+00 5.398249472738e+00 4.383877450295e+02 -2.249382072118e+00 -3.124473893954e+00 7.880887635931e+01 -3.437500575117e+01 3.277728704932e+01 1.657643805731e+00 5.286673222387e+04
2.012546569090e+03 1.020000000000e+00 4.251507555516e+01 4.800000000000e+00 5.240616284399e+00 4.396968167604e+02 -1.681625001303e+00 -2.749608606215e+00 7.518021263874e+01 -3.406070197587e+01 3.168875118472e+01 1.388646477711e+00 5.195229400657e+04
2.012546683131e+03 1.020000000000e+00 4.251507555516e+01 4.800000000000e+00 5.142092835416e+00 4.404463914531e+02 -1.392645965747e+00 -2.592785017081e+00 7.303555284215e+01 -3.415683938867e+01 3.115026546345e+01 1.244987418433e+00 5.143737491052e+04
2.012546797171e+03 1.020000000000e+00 4.251507555516e+01 4.800000000000e+00 5.078139158012e+00 4.409899544419e+02 -1.170979479521e+00 -2.528164420869e+00 7.166183108086e+01 -3.430697169347e+01 3.080654352940e+01 1.133374380783e+00 5.110449630535e+04
2.012546911211e+03 1.020000000000e+00 4.251507555516e+01 4.800000000000e+00 5.067412796385e+00 4.414822235167e+02 -8.420105400002e-01 -2.504330912101e+00 7.143326274127e+01 -3.435364146394e+01 3.052355300407e+01 9.787120744040e-01 5.104850935611e+04
2.012547025251e+03 1.020000000000e+00 4.251507555516e+01 4.800000000000e+00 5.079159086793e+00 4.420016207575e+02 -4.465170122392e-01 -2.494494594402e+00 7.170243961024e+01 -3.435003071541e+01 3.028576386640e+01 7.937818559351e-01 5.112244183961e+04
2.012547139292e+03 1.020000000000e+00 4.251507555516e+01 4.800000000000e+00 5.092241912864e+00 4.426059555648e+02 -9.627154858677e-02 -2.488700265757e+00 7.200594707666e+01 -3.436908978701e+01 3.016842146818e+01 6.036909977489e-01 5.120691341698e+04
2.012547253332e+03 1.020000000000e+00 4.251507555516e+01 4.800000000000e+00 5.108949878040e+00 4.433134020615e+02 1.807674976791e-01 -2.484715577258e+00 7.238756068792e+01 -3.443889907273e+01 3.017847030118e+01 4.152597076074e-01 5.130963768594e+04
2.012547367372e+03 1.020000000000e+00 4.251507555516e+01 4.800000000000e+00 5.137489564133e+00 4.440970788393e+02 3.736205250410e-01 -2.485467800697e+00 7.303084427368e+01 -3.455548176944e+01 3.021786139527e+01 2.324234014083e-01 5.147722903737e+04
2.012547481412e+03 1.020000000000e+00 4.251507555516e+01 4.800000000000e+00 5.187948181885e+00 4.448853917079e+02 4.684363103583e-01 -2.496292199654e+00 7.414767684602e+01 -3.470356554221e+01 3.032226223148e+01 6.298307113628e-02 5.175507832433e+04
2.012547595453e+03 1.020000000000e+00 4.251507555516e+01 4.800000000000e+00 5.263305517340e+00 4.456505406903e+02 5.062489391924e-01 -2.516644483010e+00 7.580608398038e+01 -3.486209232628e+01 3.051969462369e+01 -8.445210180220e-02 5.215445131967e+04
2.012547709493e+03 1.020000000000e+00 4.251507555516e+01 4.800000000000e+00 5.355983100463e+00 4.464722902879e+02 5.228759199839e-01 -2.540710923884e+00 7.785030145128e+01 -3.500175481977e+01 3.072926481230e+01 -2.045735694533e-01 5.263359904096e+04
2.012547823533e+03 1.020000000000e+00 4.251507555516e+01 4.800000000000e+00 5.462640396290e+00 4.473874081916e+02 5.220950404566e-01 -2.565103267104e+00 8.022710105369e+01 -3.508868095376e+01 3.091172997203e+01 -2.947270897165e-01 5.318096831987e+04
2.012547937573e+03 1.020000000000e+00 4.251507555516e+01 4.800000000000e+00 5.582757590797e+00 4.484043567600e+02 4.597261516867e-01 -2.587696667294e+00 8.293754669451e+01 -3.509347408972e+01 3.105682159147e+01 -3.545214043120e-01 5.379418087356e+04
2.012548051613e+03 1.020000000000e+00 4.251507555516e+01 4.800000000000e+00 5.716114256380e+00 4.495162310814e+02 3.378434361170e-01 -2.603525449557e+00 8.598720555750e+01 -3.500107919559e+01 3.116975987979e+01 -3.900354619581e-01 5.447044554580e+04
2.012548165654e+03 1.020000000000e+00 4.251507555516e+01 4.800000000000e+00 5.861459821170e+00 4.507145774589e+02 1.825199312205e-01 -2.619465053253e+00 8.935866872799e+01 -3.481138405084e+01 3.125722674032e+01 -4.030018191359e-01 5.520196079181e+04
2.012548279694e+03 1.020000000000e+00 4.251507555516e+01 4.800000000000e+00 6.014551631913e+00 4.520017920634e+02 6.670539763565e-03 -2.636978838625e+00 9.302168586877e+01 -3.453842427038e+01 3.132984487043e+01 -4.050046167658e-01 5.600131511647e+04
2.012548393734e+03 1.020000000000e+00 4.251507555516e+01 4.800000000000e+00 6.145165974631e+00 4.533943572019e+02 -1.826415153692e-01 -2.659010849047e+00 9.694524660338e+01 -3.420434794723e+01 3.140479506650e+01 -3.863116442051e-01 5.712197760103e+04
2.012548507774e+03 1.020000000000e+00 4.251507555516e+01 4.800000000000e+00 6.230586990460e+00 4.549055113711e+02 -3.927082380477e-01 -2.695716225397e+00 1.010881937275e+02 -3.382979151052e+01 3.149203241710e+01 -2.850493048319e-01 5.874669899108e+04
2.012548621815e+03 1.020000000000e+00 4.251507555516e+01 4.800000000000e+00 6.301855059136e+00 4.565188802378e+02 -6.503446179968e-01 -2.735546282653e+00 1.053631965586e+02 -3.342572132853e+01 3.157588086589e+01 -8.763899931018e-02 6.053884021973e+04
2.012548735855e+03 1.020000000000e+00 4.251507555516e+01 4.800000000000e+00 6.372071294640e+00 4.581854069555e+02 -9.895186135274e-01 -2.804123040635e+00 1.095966188763e+02 -3.299403122910e+01 3.160519987690e+01 1.561022038980e-01 6.227812441601e+04
2.012548849895e+03 1.020000000000e+00 4.251507555516e+01 4.800000000000e+00 6.436555225040e+00 4.598387214898e+02 -1.420758399740e+00 -2.895725317019e+00 1.135127730735e+02 -3.253872282262e+01 3.151183384460e+01 4.340047906636e-01 6.385872486083e+04
2.012548963935e+03 1.020000000000e+00 4.251507555516e+01 4.800000000000e+00 6.482086274104e+00 4.614066467844e+02 -1.916640377308e+00 -2.990690189251e+00 1.167604252761e+02 -3.206862185854e+01 3.127891509630e+01 7.405704240504e-01 6.522655040871e+04
2.012549077976e+03 1.020000000000e+00 4.251507555516e+01 4.800000000000e+00 6.486978209988e+00 4.628392600705e+02 -2.440614735294e+00 -3.070438418760e+00 1.189162654907e+02 -3.159378328589e+01 3.098559825605e+01 1.058886045978e+00 6.638314535052e+04
2.012549192016e+03 1.020000000000e+00 4.351507555516e+01 4.900000000000e+00 6.441905751712e+00 4.639877326469e+02 -2.770633368063e+00 -3.145132280881e+00 1.196976927340e+02 -3.126977366026e+01 3.055326176641e+01 1.361233862973e+00 6.728929440844e+04
2.012549306056e+03 1.020000000000e+00 4.351507555516e+01 4.900000000000e+00 6.336180879510e+00 4.651476039566e+02 -3.258328293643e+00 -3.158121784267e+00 1.193445175512e+02 -3.080660014083e+01 3.005020918174e+01 1.630023698818e+00 6.821097199608e+04
2.012549420096e+03 1.020000000000e+00 4.351507555516e+01 4.900000000000e+00 6.210945841196e+00 4.661770271359e+02 -3.620254356364e+00 -3.147599181914e+00 1.178472333318e+02 -3.033989843004e+01 2.952286088751e+01 1.830674420261e+00 6.871367450455e+04
2.012549534137e+03 1.020000000000e+00 4.351507555516e+01 4.900000000000e+00 6.069620844889e+00 4.671199252952e+02 -3.838880537106e+00 -3.108253643171e+00 1.154839071638e+02 -2.986108180470e+01 2.900059980964e+01 1.953632427456e+00 6.890421844952e+04
2.012549648177e+03 1.020000000000e+00 4.351507555516e+01 4.900000000000e+00 5.897004468194e+00 4.680170448638e+02 -3.930921177029e+00 -3.008593332417e+00 1.124557862061e+02 -2.936783824514e+01 2.848411316401e+01 2.023649693485e+00 6.906179651815e+04
2.012549762217e+03 1.020000000000e+00 4.351507555516e+01 4.900000000000e+00 5.716662272986e+00 4.688989467960e+02 -3.949668064352e+00 -2.875820266113e+00 1.091515050948e+02 -2.887430607563e+01 2.796799708844e+01 2.039383025609e+00 6.914708129466e+04
2.012549876257e+03 1.020000000000e+00 4.351507555516e+01 4.900000000000e+00 5.543159665754e+00 4.697699131779e+02 -3.939645472855e+00 -2.728988260125e+00 1.058005447618e+02 -2.840986904754e+01 2.745254489868e+01 2.023236737954e+00 6.912186430176e+04
2.012549990298e+03 1.020000000000e+00 4.351507555516e+01 4.900000000000e+00 5.384255016245e+00 4.706254946601e+02 -3.898360777100e+00 -2.584044007134e+00 1.024735485370e+02 -2.800642100034e+01 2.694065620552e+01 1.962229068717e+00 6.892394611683e+04
2.012550104338e+03 1.020000000000e+00 4.351507555516e+01 4.900000000000e+00 5.243060861949e+00 4.714641174543e+02 -3.814576554086e+00 -2.432596201702e+00 9.927706516595e+01 -2.768466747662e+01 2.643136549827e+01 1.825700560372e+00 6.857211902964e+04
2.012550218378e+03 1.020000000000e+00 4.351507555516e+01 4.900000000000e+00 5.119150905437e+00 4.722836304447e+02 -3.731508859590e+00 -2.270713667885e+00 9.623375350782e+01 -2.744924279519e+01 2.592366102056e+01 1.670073018706e+00 6.807898616642e+04
2.012550332418e+03 1.020000000000e+00 4.351507555516e+01 4.900000000000e+00 5.009418044862e+00 4.730773512571e+02 -3.653650204714e+00 -2.105335952035e+00 9.340181998786e+01 -2.729135765317e+01 2.541410456097e+01 1.515510418945e+00 6.752308196794e+04
2.012550446459e+03 1.020000000000e+00 4.351507555516e+01 4.900000000000e+00 4.909638577558e+00 4.738338224540e+02 -3.565041964741e+00 -1.944098923366e+00 9.083112968127e+01 -2.719298114962e+01 2.489578274668e+01 1.365228467939e+00 6.699919970089e+04
2.012550560499e+03 1.020000000000e+00 4.351507555516e+01 4.900000000000e+00 4.825089415240e+00 4.745403519020e+02 -3.446750752538e+00 -1.790734371834e+00 8.859040748072e+01 -2.713334996456e+01 2.435939091133e+01 1.220103516342e+00 6.649156500504e+04
2.012550674539e+03 1.020000000000e+00 4.351507555516e+01 4.900000000000e+00 4.760149238565e+00 4.752011363345e+02 -3.321014046171e+00 -1.647278601600e+00 8.654658950486e+01 -2.709407912879e+01 2.382605379360e+01 1.084007619823e+00 6.584384571220e+04
2.012550788579e+03 1.020000000000e+00 4.351507555516e+01 4.900000000000e+00 4.703759207237e+00 4.758233446984e+02 -3.198338884358e+00 -1.512776718974e+00 8.465272427786e+01 -2.706291523793e+01 2.330657699372e+01 9.601102854030e-01 6.517493058443e+04
2.012550902620e+03 1.020000000000e+00 4.351507555516e+01 4.900000000000e+00 4.648413476312e+00 4.764080358716e+02 -3.069631482466e+00 -1.386242289706e+00 8.293678451045e+01 -2.703307075191e+01 2.279667695895e+01 8.506634341891e-01 6.461392333792e+04
2.012551016660e+03 1.020000000000e+00 4.351507555516e+01 4.900000000000e+00 4.595819942515e+00 4.769536170888e+02 -2.927406040650e+00 -1.268120478445e+00 8.141753905082e+01 -2.700192066300e+01 2.229468516599e+01 7.584912690587e-01 6.415607918373e+04
2.012551130700e+03 1.020000000000e+00 4.351507555516e+01 4.900000000000e+00 4.548382383920e+00 4.774567225122e+02 -2.771597399107e+00 -1.158309854442e+00 8.008796888861e+01 -2.696992844203e+01 2.180524170104e+01 6.864311649535e-01 6.376647972972e+04
2.012551244740e+03 1.020000000000e+00 4.351507555516e+01 4.900000000000e+00 4.506653300445e+00 4.779097920532e+02 -2.609120260383e+00 -1.055388496579e+00 7.892918611589e+01 -2.693894821389e+01 2.133687962977e+01 6.365023547946e-01 6.342565076814e+04
2.012551358781e+03 1.020000000000e+00 4.351507555516e+01 4.900000000000e+00 4.470011659324e+00 4.783019076655e+02 -2.450790615732e+00 -9.565166851634e-01 7.791844368701e+01 -2.691106601725e+01 2.089755083413e+01 6.089148011745e-01 6.312664406741e+04
2.012551472821e+03 1.020000000000e+00 4.351507555516e+01 4.900000000000e+00 4.437234898820e+00 4.786239655320e+02 -2.308130822070e+00 -8.578491779658e-01 7.702256103736e+01 -2.688733911607e+01 2.049159711532e+01 5.994379158385e-01 6.286169199506e+04
2.012551586861e+03 1.020000000000e+00 4.351507555516e+01 4.900000000000e+00 4.408721703855e+00 4.788590286796e+02 -2.200939675767e+00 -7.561133405905e-01 7.624802014608e+01 -2.686826700272e+01 2.013066462180e+01 5.981997835784e-01 6.263164613329e+04
2.012551700901e+03 1.020000000000e+00 4.351507555516e+01 4.900000000000e+00 4.392330603712e+00 4.789723650998e+02 -2.161357318879e+00 -6.525147043264e-01 7.578905992721e+01 -2.685432793526e+01 1.985201336871e+01 6.074219611648e-01 6.248689453204e+04
2.012551814942e+03 1.020000000000e+00 4.351507555516e+01 4.900000000000e+00 4.380094805354e+00 4.790321019998e+02 -2.150817977532e+00 -5.510735672630e-01 7.543288358334e+01 -2.684483822343e+01 1.961159421032e+01 6.324051403668e-01 6.236707044703e+04
2.012551928982e+03 1.020000000000e+00 4.441507555516e+01 5.000000000000e+00 4.377565403474e+00 4.789884875478e+02 -2.076266878202e+00 -4.780144206657e-01 7.531136055688e+01 -2.696759356289e+01 1.945552817732e+01 6.255500106850e-01 6.230235983520e+04
2.012552043022e+03 1.020000000000e+00 4.441507555516e+01 5.000000000000e+00 4.365961998868e+00 4.789497611818e+02 -2.097656213868e+00 -3.893747441149e-01 7.498386483139e+01 -2.695426949391e+01 1.924733681143e+01 6.472727193379e-01 6.219627187078e+04
2.012552157062e+03 1.020000000000e+00 4.441507555516e+01 5.000000000000e+00 4.356412368750e+00 4.788390316107e+02 -2.160460639406e+00 -3.154233441199e-01 7.470418409153e+01 -2.694486337234e+01 1.909491084815e+01 6.526672848144e-01 6.210006619441e+04
2.012552271103e+03 1.020000000000e+00 4.441507555516e+01 5.000000000000e+00 4.349045593507e+00 4.786982637219e+02 -2.237978286603e+00 -2.607577426233e-01 7.447563144634e+01 -2.693609972225e+01 1.900208559774e+01 6.485334112675e-01 6.201494500200e+04
2.012552385143e+03 1.020000000000e+00 4.441507555516e+01 5.000000000000e+00 4.342448704708e+00 4.785281420189e+02 -2.316540379047e+00 -2.286034602921e-01 7.426034992136e+01 -2.692216633872e+01 1.892091372648e+01 6.362313693716e-01 6.192964214859e+04
2.012552499183e+03 1.020000000000e+00 4.441507555516e+01 5.000000000000e+00 4.335544710572e+00 4.783243539872e+02 -2.393173307771e+00 -2.128025003186e-01 7.403266337128e+01 -2.689869860929e+01 1.883964165487e+01 6.092452885012e-01 6.183808596415e+04
2.012552613223e+03 1.020000000000e+00 4.441507555516e+01 5.000000000000e+00 4.327794129926e+00 4.780855202038e+02 -2.471979194905e+00 -2.111711168467e-01 7.378240369336e+01 -2.686178404162e+01 1.875706079678e+01 5.618759018964e-01 6.173942427003e+04
2.012552727264e+03 1.020000000000e+00 4.441507555516e+01 5.000000000000e+00 4.318851556193e+00 4.778114384373e+02 -2.561064523074e+00 -2.221496810848e-01 7.350112618584e+01 -2.680880303754e+01 1.866984802614e+01 4.985044276223e-01 6.163142989547e+04
2.012552841304e+03 1.020000000000e+00 4.441507555516e+01 5.000000000000e+00 4.308285592933e+00 4.775040887097e+02 -2.668035247151e+00 -2.441101261128e-01 7.317671440311e+01 -2.673806044132e+01 1.857379750441e+01 4.262388462575e-01 6.150993553798e+04
2.012552955344e+03 1.020000000000e+00 4.441507555516e+01 5.000000000000e+00 4.295444135823e+00 4.771681817342e+02 -2.799888789232e+00 -2.705344844184e-01 7.279341452077e+01 -2.664816613699e+01 1.846675482460e+01 3.503606436345e-01 6.137074398405e+04
2.012553069384e+03 1.020000000000e+00 4.441507555516e+01 5.000000000000e+00 4.279531851852e+00 4.768098503494e+02 -2.961889282260e+00 -2.950929836565e-01 7.233222593595e+01 -2.653901669123e+01 1.834835890579e+01 2.738459008295e-01 6.120876990984e+04
2.012553183425e+03 1.020000000000e+00 4.441507555516e+01 5.000000000000e+00 4.259876732115e+00 4.764341043475e+02 -3.156525122226e+00 -3.147544369614e-01 7.177686278287e+01 -2.641250413994e+01 1.821969835956e+01 1.979199326543e-01 6.101917600271e+04
2.012553297465e+03 1.020000000000e+00 4.441507555516e+01 5.000000000000e+00 4.235994716759e+00 4.760429331278e+02 -3.383424333020e+00 -3.280095212883e-01 7.111520790196e+01 -2.627198675223e+01 1.808297814344e+01 1.232334747166e-01 6.079764958920e+04
2.012553411505e+03 1.020000000000e+00 4.441507555516e+01 5.000000000000e+00 4.207650463134e+00 4.756368146412e+02 -3.639384172286e+00 -3.330744855519e-01 7.034076353301e+01 -2.612089358221e+01 1.794149943443e+01 5.052553092876e-02 6.054073575538e+04
2.012553525545e+03 1.020000000000e+00 4.441507555516e+01 5.000000000000e+00 4.175258340751e+00 4.752179802834e+02 -3.917418177710e+00 -3.310625392985e-01 6.946179700815e+01 -2.596273045601e+01 1.780040067289e+01 -1.961229057649e-02 6.024810687031e+04
2.012553639586e+03 1.020000000000e+00 4.441507555516e+01 5.000000000000e+00 4.138837922611e+00 4.747784416488e+02 -4.212010843739e+00 -3.243734761464e-01 6.847611272305e+01 -2.580082953301e+01 1.765872445178e+01 -8.647101220884e-02 5.991581949848e+04
2.012553753626e+03 1.020000000000e+00 4.441507555516e+01 5.000000000000e+00 4.099473780028e+00 4.743173281594e+02 -4.513852269470e+00 -3.137413416449e-01 6.740806525805e+01 -2.563777617973e+01 1.751952644204e+01 -1.501100349978e-01 5.954760047788e+04
2.012553867666e+03 1.020000000000e+00 4.441507555516e+01 5.000000000000e+00 4.058026137416e+00 4.738286677244e+02 -4.815801727035e+00 -3.028621219972e-01 6.627644544489e+01 -2.547511941515e+01 1.738213184063e+01 -2.116372388405e-01 5.914586418080e+04
2.012553981706e+03 1.020000000000e+00 4.441507555516e+01 5.000000000000e+00 4.015267932265e+00 4.733051788096e+02 -5.112356073852e+00 -2.936042362298e-01 6.509841650159e+01 -2.531277579582e+01 1.724454734361e+01 -2.717399336669e-01 5.871313536880e+04
2.012554095747e+03 1.020000000000e+00 4.441507555516e+01 5.000000000000e+00 3.971773004621e+00 4.727386660366e+02 -5.400870605510e+00 -2.858860777952e-01 6.388724662527e+01 -2.514917186923e+01 1.710284866706e+01 -3.294213945270e-01 5.825168085351e+04
2.012554209787e+03 1.020000000000e+00 4.441507555516e+01 5.000000000000e+00 3.927987735565e+00 4.721232405286e+02 -5.682684027093e+00 -2.780942464446e-01 6.265446419034e+01 -2.498093889049e+01 1.695012836426e+01 -3.819797171558e-01 5.776436125507e+04
2.012554323827e+03 1.020000000000e+00 4.441507555516e+01 5.000000000000e+00 3.884350332988e+00 4.714610634092e+02 -5.965407976696e+00 -2.672916797412e-01 6.141366394992e+01 -2.480108378115e+01 1.677795928290e+01 -4.256275289450e-01 5.725640625809e+04
2.012554437867e+03 1.020000000000e+00 4.441507555516e+01 5.000000000000e+00 3.841308364102e+00 4.707648046821e+02 -6.264119118262e+00 -2.523308276318e-01 6.018201488612e+01 -2.459879001414e+01 1.658209016664e+01 -4.566650023787e-01 5.673673771333e+04
2.012554551908e+03 1.020000000000e+00 4.441507555516e+01 5.000000000000e+00 3.799707011326e+00 4.700520935038e+02 -6.594016536221e+00 -2.354230962028e-01 5.898915211557e+01 -2.436376740950e+01 1.636926039331e+01 -4.733770634423e-01 5.622092559140e+04
2.012554665948e+03 1.020000000000e+00 4.541507555516e+01 5.100000000000e+00 3.821892309617e+00 4.699972504511e+02 -6.515564974526e+00 -2.453636897093e-01 5.944656676246e+01 -2.443035920921e+01 1.653414691173e+01 -4.741246050086e-01 5.632460933636e+04
2.012554779988e+03 1.020000000000e+00 4.541507555516e+01 5.100000000000e+00 3.790159063373e+00 4.693376252958e+02 -6.820889207670e+00 -2.365019651669e-01 5.848961362124e+01 -2.417439858655e+01 1.637197133015e+01 -4.835169165372e-01 5.588189800415e+04
2.012554894028e+03 1.020000000000e+00 4.541507555516e+01 5.100000000000e+00 3.765971946475e+00 4.687318288318e+02 -7.063996442093e+00 -2.421684976455e-01 5.772664074539e+01 -2.392201910536e+01 1.625840976256e+01 -4.968918668061e-01 5.550747642875e+04
2.012555008069e+03 1.020000000000e+00 4.541507555516e+01 5.100000000000e+00 3.749879401056e+00 4.682405174947e+02 -7.166714631715e+00 -2.849117482023e-01 5.716898827775e+01 -2.370477901875e+01 1.619389142935e+01 -5.106608376724e-01 5.520750676608e+04
2.012555122109e+03 1.020000000000e+00 4.541507555516e+01 5.100000000000e+00 3.751856144024e+00 4.679881164662e+02 -7.130173011723e+00 -3.656242568544e-01 5.703157738100e+01 -2.354791883963e+01 1.625376794800e+01 -5.269745711716e-01 5.504620633633e+04
2.012555236149e+03 1.020000000000e+00 4.541507555516e+01 5.100000000000e+00 3.782606931676e+00 4.680162316329e+02 -6.969101770970e+00 -4.720762476830e-01 5.753967018407e+01 -2.346570586469e+01 1.653028018527e+01 -5.484102681132e-01 5.508514939853e+04
2.012555350189e+03 1.020000000000e+00 4.541507555516e+01 5.100000000000e+00 3.827783794012e+00 4.681402613522e+02 -6.644805089430e+00 -5.875426440007e-01 5.836199815553e+01 -2.346235511256e+01 1.694128051241e+01 -5.676092529752e-01 5.521300726028e+04
2.012555464230e+03 1.020000000000e+00 4.541507555516e+01 5.100000000000e+00 3.878042232652e+00 4.682759883374e+02 -6.246377621441e+00 -6.976401403028e-01 5.929850675228e+01 -2.353267298441e+01 1.740602967216e+01 -5.776484475762e-01 5.537219940665e+04
2.012555578270e+03 1.020000000000e+00 4.541507555516e+01 5.100000000000e+00 3.925618069330e+00 4.683965091641e+02 -5.831355947602e+00 -7.890619901968e-01 6.017006127416e+01 -2.365854658272e+01 1.788300672345e+01 -5.783965223958e-01 5.550549857802e+04
2.012555692310e+03 1.020000000000e+00 4.541507555516e+01 5.100000000000e+00 3.965598183284e+00 4.684753080262e+02 -5.438893062681e+00 -8.501273050179e-01 6.085515492534e+01 -2.381195362823e+01 1.832716878111e+01 -5.730623358326e-01 5.557188012599e+04
2.012555806350e+03 1.020000000000e+00 4.541507555516e+01 5.100000000000e+00 3.996225879023e+00 4.684071987414e+02 -5.091093828417e+00 -8.842607142367e-01 6.131246730044e+01 -2.396327143687e+01 1.870907738182e+01 -5.582409502676e-01 5.556045972105e+04
2.012555920391e+03 1.020000000000e+00 4.541507555516e+01 5.100000000000e+00 4.020144446187e+00 4.681724553515e+02 -4.796505693279e+00 -9.063418663883e-01 6.160571104633e+01 -2.409396577453e+01 1.902708029438e+01 -5.381310117292e-01 5.549394703126e+04
2.012556034431e+03 1.020000000000e+00 4.541507555516e+01 5.100000000000e+00 4.040515653759e+00 4.678401608711e+02 -4.554568570079e+00 -9.167791727729e-01 6.180647830267e+01 -2.419623198807e+01 1.928677885840e+01 -5.132971649554e-01 5.539396870775e+04
2.012556148471e+03 1.020000000000e+00 4.541507555516e+01 5.100000000000e+00 4.058881575108e+00 4.674321606487e+02 -4.359439376737e+00 -9.206202176523e-01 6.195370235375e+01 -2.426941739455e+01 1.948913997289e+01 -4.847645484208e-01 5.527456002011e+04
2.012556262511e+03 1.020000000000e+00 4.541507555516e+01 5.100000000000e+00 4.076125676713e+00 4.669569975560e+02 -4.200999106754e+00 -9.251223854060e-01 6.207436099368e+01 -2.431776163082e+01 1.963595869258e+01 -4.551786927088e-01 5.514786272637e+04
2.012556376552e+03 1.020000000000e+00 4.541507555516e+01 5.100000000000e+00 4.092848346546e+00 4.664212461254e+02 -4.062037117578e+00 -9.345655865549e-01 6.218334864211e+01 -2.434728553456e+01 1.973589462420e+01 -4.247730488066e-01 5.501893202654e+04
2.012556490592e+03 1.020000000000e+00 4.541507555516e+01 5.100000000000e+00 4.109956926970e+00 4.658379818921e+02 -3.926278185874e+00 -9.514743976612e-01 6.230080321808e+01 -2.436313206176e+01 1.980121781712e+01 -3.938048147478e-01 5.489328854124e+04
2.012556604632e+03 1.020000000000e+00 4.541507555516e+01 5.100000000000e+00 4.129137559626e+00 4.652319144456e+02 -3.784537858424e+00 -9.773635493853e-01 6.246579055577e+01 -2.436836550716e+01 1.984544934941e+01 -3.631978155389e-01 5.478273656830e+04
2.012556718672e+03 1.020000000000e+00 4.541507555516e+01 5.100000000000e+00 4.152320998399e+00 4.646335996416e+02 -3.630945819152e+00 -1.014868693913e+00 6.272369132437e+01 -2.436456200353e+01 1.988431276875e+01 -3.357009988363e-01 5.470136746080e+04
2.012556832713e+03 1.020000000000e+00 4.541507555516e+01 5.100000000000e+00 4.180680082590e+00 4.640659368284e+02 -3.463829531992e+00 -1.067176397563e+00 6.310362998039e+01 -2.435298764385e+01 1.992766059201e+01 -3.127396312338e-01 5.465905417373e+04
2.012556946753e+03 1.020000000000e+00 4.541507555516e+01 5.100000000000e+00 4.211896049520e+00 4.635208020540e+02 -3.270905646948e+00 -1.127901859117e+00 6.355485062876e+01 -2.433702071259e+01 1.998673289360e+01 -2.864004196037e-01 5.464178231663e+04
2.012557060793e+03 1.020000000000e+00 4.541507555516e+01 5.100000000000e+00 4.242151072313e+00 4.629649026161e+02 -3.063445617808e+00 -1.187560923045e+00 6.398701546312e+01 -2.432300398995e+01 2.005275932637e+01 -2.501219561743e-01 5.462118924797e+04
2.012557174833e+03 1.020000000000e+00 4.541507555516e+01 5.100000000000e+00 4.268734855392e+00 4.623599172393e+02 -2.890037273057e+00 -1.238108708939e+00 6.432993358640e+01 -2.431664267986e+01 2.008956392101e+01 -2.028913820296e-01 5.457223328120e+04
2.012557288874e+03 1.020000000000e+00 4.541507555516e+01 5.100000000000e+00 4.291134065321e+00 4.616827790281e+02 -2.799565675413e+00 -1.271272924627e+00 6.455990230658e+01 -2.432003280445e+01 2.004482509916e+01 -1.446200112761e-01 5.448163944143e+04
2.012557402914e+03 1.020000000000e+00 4.631507555516e+01 5.200000000000e+00 4.316234490029e+00 4.619356542485e+02 -2.807248554862e+00 -1.257326390995e+00 6.530893424567e+01 -2.451671554358e+01 1.974122439544e+01 -7.244666668456e-02 5.479568661978e+04
2.012557516954e+03 1.020000000000e+00 4.631507555516e+01 5.200000000000e+00 4.324363425220e+00 4.610984658519e+02 -2.822365107560e+00 -1.253741383704e+00 6.514225191700e+01 -2.454941390623e+01 1.947812574960e+01 1.621474801927e-02 5.455362716805e+04
2.012557630994e+03 1.020000000000e+00 4.631507555516e+01 5.200000000000e+00 4.311935990886e+00 4.600422939631e+02 -2.896095925182e+00 -1.232133785762e+00 6.448931000933e+01 -2.460332840992e+01 1.911234437186e+01 1.171367686473e-01 5.416320693102e+04
2.012557745035e+03 1.020000000000e+00 4.631507555516e+01 5.200000000000e+00 4.283599153958e+00 4.588261026087e+02 -2.987005859148e+00 -1.197731687622e+00 6.348794897648e+01 -2.467296157774e+01 1.863084814540e+01 2.149602467241e-01 5.367567653523e+04
2.012557859075e+03 1.020000000000e+00 4.631507555516e+01 5.200000000000e+00 4.242093500961e+00 4.575045099607e+02 -3.041289980853e+00 -1.163726764098e+00 6.223294749460e+01 -2.475008484522e+01 1.810209532823e+01 2.985374877711e-01 5.313021164684e+04
2.012557973115e+03 1.020000000000e+00 4.631507555516e+01 5.200000000000e+00 4.186994702033e+00 4.561050836209e+02 -3.055946075043e+00 -1.137677302607e+00 6.075281176229e+01 -2.483189486561e+01 1.759546828404e+01 3.602593052929e-01 5.254975796073e+04
2.012558087155e+03 1.020000000000e+00 4.631507555516e+01 5.200000000000e+00 4.117691724948e+00 4.546319807632e+02 -3.041498312112e+00 -1.123199362052e+00 5.906020114988e+01 -2.492382142172e+01 1.718900412846e+01 3.953847120850e-01 5.194596961334e+04
2.012558201196e+03 1.020000000000e+00 4.631507555516e+01 5.200000000000e+00 4.038597683479e+00 4.530977167759e+02 -2.958343593549e+00 -1.117842308423e+00 5.725782869794e+01 -2.503308647957e+01 1.689317883960e+01 4.090096292556e-01 5.134727774167e+04
2.012558315236e+03 1.020000000000e+00 4.631507555516e+01 5.200000000000e+00 3.952381100956e+00 4.515051360846e+02 -2.731986076023e+00 -1.128105881414e+00 5.539110090610e+01 -2.516232699432e+01 1.666148586341e+01 4.064317415472e-01 5.075686182959e+04
2.012558429276e+03 1.020000000000e+00 4.631507555516e+01 5.200000000000e+00 3.860907395458e+00 4.498608368423e+02 -2.368245487151e+00 -1.165088172913e+00 5.347362518366e+01 -2.531375005259e+01 1.647826091150e+01 3.915705217157e-01 5.016072652629e+04
2.012558543316e+03 1.020000000000e+00 4.631507555516e+01 5.200000000000e+00 3.766482387054e+00 4.481689891499e+02 -1.893189892748e+00 -1.235467770922e+00 5.152870764531e+01 -2.549336962089e+01 1.643264164589e+01 3.588660811192e-01 4.954806128228e+04
