VARIABLES="time" "Distance" "lon" "lat" "density" "Vx" "Vy" "Vz" "p" "Bx" "By" "Bz" "T"
ZONE
DT=(DOUBLE DOUBLE DOUBLE DOUBLE DOUBLE DOUBLE DOUBLE DOUBLE DOUBLE DOUBLE DOUBLE DOUBLE DOUBLE )
2.012529234973e+03 1.020000000000e+00 3.591507555516e+01 4.200000000000e+00 3.652711505346e+00 4.177684221488e+02 7.070546155698e+00 -2.495022167756e+00 5.448854049228e+01 2.589592908127e+01 -8.701723017045e+00 -1.704747534736e+00 5.393331811807e+04
2.012529349013e+03 1.020000000000e+00 3.591507555516e+01 4.200000000000e+00 3.903202833374e+00 4.158196115199e+02 7.340565587187e+00 -1.329583821007e+00 5.995003876155e+01 2.288904737657e+01 -8.715980294206e+00 -5.343045652393e-01 5.552091706599e+04
2.012529463053e+03 1.020000000000e+00 3.591507555516e+01 4.200000000000e+00 4.208302510863e+00 4.143577701154e+02 7.379797602364e+00 -4.683467205378e-01 6.683595230242e+01 1.979479978681e+01 -8.630231237902e+00 4.775235883051e-01 5.741999675801e+04
2.012529577093e+03 1.020000000000e+00 3.591507555516e+01 4.200000000000e+00 4.521065477482e+00 4.130516063724e+02 7.252663438103e+00 3.731898310541e-02 7.409478726903e+01 1.679155663372e+01 -8.473536063887e+00 1.174904151339e+00 5.927367953126e+04
2.012529691134e+03 1.020000000000e+00 3.591507555516e+01 4.200000000000e+00 4.810908225710e+00 4.117652850988e+02 6.690424865382e+00 2.137844398206e-01 8.097763615994e+01 1.409177881491e+01 -8.299599059344e+00 1.511862639614e+00 6.089916541255e+04
2.012529805174e+03 1.020000000000e+00 3.591507555516e+01 4.200000000000e+00 5.066306087800e+00 4.104882391854e+02 5.506774891593e+00 1.302762661278e-01 8.715613141516e+01 1.184854255748e+01 -8.124906680124e+00 1.636758503909e+00 6.226142857226e+04
2.012529919214e+03 1.020000000000e+00 3.591507555516e+01 4.200000000000e+00 5.278334277020e+00 4.092336498352e+02 3.901115525303e+00 -3.146558901171e-01 9.236497109124e+01 1.010127823092e+01 -7.946145870004e+00 1.617046144366e+00 6.334727199225e+04
2.012530033254e+03 1.020000000000e+00 3.591507555516e+01 4.200000000000e+00 5.438415091503e+00 4.079879198204e+02 2.231460108717e+00 -9.870429345143e-01 9.657256115127e+01 8.782367248054e+00 -7.678240813423e+00 1.440013352031e+00 6.429240254744e+04
2.012530147295e+03 1.020000000000e+00 3.681507555516e+01 4.300000000000e+00 5.551844427043e+00 4.098110267439e+02 1.035310309332e+00 -2.269222294287e+00 9.760426406825e+01 1.103231125370e+01 -9.544930443406e+00 8.568938227319e-01 6.365780544410e+04
2.012530261335e+03 1.020000000000e+00 3.681507555516e+01 4.300000000000e+00 5.480315114719e+00 4.086357437318e+02 -4.146415041162e-01 -2.716695873943e+00 1.008032480619e+02 1.001309761383e+01 -8.556646803558e+00 9.343077759416e-02 6.660542502735e+04
2.012530375375e+03 1.020000000000e+00 3.681507555516e+01 4.300000000000e+00 5.363698712392e+00 4.075158606601e+02 -1.533306927925e+00 -3.111510249663e+00 1.027415884957e+02 9.054747465236e+00 -7.480332831798e+00 -5.450961592020e-01 6.936544779973e+04
2.012530489415e+03 1.020000000000e+00 3.681507555516e+01 4.300000000000e+00 5.231056537670e+00 4.062044276155e+02 -2.185394070449e+00 -3.362626547132e+00 1.028870092392e+02 8.036715483932e+00 -6.245957809711e+00 -9.397132639965e-01 7.122917171752e+04
2.012530603456e+03 1.020000000000e+00 3.681507555516e+01 4.300000000000e+00 5.082420832041e+00 4.043295967203e+02 -2.446773516704e+00 -3.452495136468e+00 1.007675057323e+02 6.846181740267e+00 -4.634230882542e+00 -1.087031378070e+00 7.180342192170e+04
2.012530717496e+03 1.020000000000e+00 3.681507555516e+01 4.300000000000e+00 4.939247001056e+00 4.020623564029e+02 -2.434429155271e+00 -3.409477804910e+00 9.782372340856e+01 5.394752258188e+00 -2.827414391575e+00 -1.103213369805e+00 7.172632430202e+04
2.012530831536e+03 1.020000000000e+00 3.681507555516e+01 4.300000000000e+00 4.814625999147e+00 3.994822715487e+02 -1.883648361949e+00 -3.057081902323e+00 9.485317488146e+01 3.622082590642e+00 -9.447161920832e-01 -9.700881785947e-01 7.134907619018e+04
2.012530945576e+03 1.020000000000e+00 3.681507555516e+01 4.300000000000e+00 4.705092723779e+00 3.965639110606e+02 -6.859141544465e-01 -2.126468138502e+00 9.207156497696e+01 1.498253453362e+00 1.040293108416e+00 -5.410757638171e-01 7.087141142185e+04
2.012531059617e+03 1.020000000000e+00 3.681507555516e+01 4.300000000000e+00 4.609692804908e+00 3.933197519942e+02 1.128613974079e+00 -8.917888371793e-01 8.933273965839e+01 -9.855418457651e-01 3.212943449818e+00 1.448772708219e-01 7.018756051559e+04
2.012531173657e+03 1.020000000000e+00 3.681507555516e+01 4.300000000000e+00 4.527716941892e+00 3.898409779434e+02 3.225825056519e+00 2.992154270556e-01 8.603117437312e+01 -3.815543421701e+00 5.577059283836e+00 8.214044579918e-01 6.882006287432e+04
2.012531287697e+03 1.020000000000e+00 3.681507555516e+01 4.300000000000e+00 4.475656873307e+00 3.862759194279e+02 5.464116923668e+00 1.268396840924e+00 8.228004584564e+01 -6.956091043268e+00 8.104027777442e+00 1.316743723617e+00 6.658260314637e+04
2.012531401737e+03 1.020000000000e+00 3.681507555516e+01 4.300000000000e+00 4.468252580304e+00 3.827392164662e+02 7.747283522378e+00 1.984929991934e+00 7.827516202661e+01 -1.032932902012e+01 1.074346158677e+01 1.624076502170e+00 6.343353455353e+04
2.012531515778e+03 1.020000000000e+00 3.681507555516e+01 4.300000000000e+00 4.476779220841e+00 3.792832619838e+02 9.993784202191e+00 2.481497751807e+00 7.381689342869e+01 -1.382130360354e+01 1.341283889296e+01 1.801306285428e+00 5.969044838787e+04
2.012531629818e+03 1.020000000000e+00 3.681507555516e+01 4.300000000000e+00 4.486806911298e+00 3.759750008771e+02 1.211212274447e+01 2.731744026441e+00 6.852158273164e+01 -1.729781835955e+01 1.605170507250e+01 1.864154580613e+00 5.526988737170e+04
2.012531743858e+03 1.020000000000e+00 3.681507555516e+01 4.300000000000e+00 4.494505364074e+00 3.729269593400e+02 1.400581479476e+01 2.789406957587e+00 6.278061309355e+01 -2.063229765245e+01 1.860940069256e+01 1.814024014872e+00 5.054326289485e+04
2.012531857898e+03 1.020000000000e+00 3.681507555516e+01 4.300000000000e+00 4.504511847087e+00 3.702176134248e+02 1.559529517384e+01 2.705992847927e+00 5.706323472900e+01 -2.372667407667e+01 2.097872817216e+01 1.604097334633e+00 4.583882010357e+04
2.012531971939e+03 1.020000000000e+00 3.681507555516e+01 4.300000000000e+00 4.524392931453e+00 3.678712696154e+02 1.682551400714e+01 2.487581224662e+00 5.179938686391e+01 -2.651097638059e+01 2.308177839019e+01 1.211588991842e+00 4.144193964051e+04
2.012532085979e+03 1.020000000000e+00 3.681507555516e+01 4.300000000000e+00 4.560386501979e+00 3.658760023997e+02 1.767192855622e+01 2.158869932052e+00 4.732954055861e+01 -2.895061529112e+01 2.489774697253e+01 6.538143053952e-01 3.758993980867e+04
2.012532200019e+03 1.020000000000e+00 3.681507555516e+01 4.300000000000e+00 4.618657107697e+00 3.642403883746e+02 1.818295397852e+01 1.864106068571e+00 4.388296019537e+01 -3.105285862506e+01 2.645913951496e+01 9.698587071847e-02 3.443159290685e+04
2.012532314059e+03 1.020000000000e+00 3.681507555516e+01 4.300000000000e+00 4.703898121533e+00 3.629515824175e+02 1.841161744729e+01 1.694979042263e+00 4.140360460448e+01 -3.283575820639e+01 2.777201555915e+01 -3.453015729355e-01 3.190817537348e+04
2.012532428100e+03 1.020000000000e+00 3.681507555516e+01 4.300000000000e+00 4.807200979168e+00 3.620716636504e+02 1.839371671767e+01 1.631291666572e+00 3.975915749456e+01 -3.433531298878e+01 2.886579193544e+01 -6.113616157930e-01 2.998531538844e+04
2.012532542140e+03 1.020000000000e+00 3.681507555516e+01 4.300000000000e+00 4.910669678895e+00 3.616399817782e+02 1.814811524217e+01 1.651665427448e+00 3.862251312531e+01 -3.558923900930e+01 2.983914167232e+01 -7.260361078165e-01 2.850241387126e+04
2.012532656180e+03 1.020000000000e+00 3.681507555516e+01 4.300000000000e+00 5.036598918385e+00 3.617452358317e+02 1.753258374770e+01 1.820799767689e+00 3.818327324388e+01 -3.662211505967e+01 3.066551044165e+01 -7.289649462350e-01 2.746967092681e+04
2.012532770220e+03 1.020000000000e+00 3.681507555516e+01 4.300000000000e+00 5.163021914869e+00 3.624776734152e+02 1.647024441799e+01 2.195823687590e+00 3.845651900773e+01 -3.743129569920e+01 3.140932159126e+01 -5.795363686734e-01 2.699007349069e+04
2.012532884261e+03 1.020000000000e+00 3.781507555516e+01 4.400000000000e+00 5.172339108744e+00 3.591512748832e+02 1.787855962695e+01 2.182765300701e+00 3.945304377998e+01 -3.629644912620e+01 3.061221774140e+01 -6.791301193483e-01 2.764483958321e+04
2.012532998301e+03 1.020000000000e+00 3.781507555516e+01 4.400000000000e+00 5.361986165545e+00 3.600837324912e+02 1.663449065738e+01 2.601428087686e+00 4.011228791641e+01 -3.714003887998e+01 3.136108046700e+01 -4.005871299016e-01 2.709623728269e+04
2.012533112341e+03 1.020000000000e+00 3.781507555516e+01 4.400000000000e+00 5.564517297095e+00 3.616889967450e+02 1.497925400866e+01 3.160077378819e+00 4.155292496852e+01 -3.777368883298e+01 3.201547945095e+01 1.694357944728e-02 2.702622158540e+04
2.012533226381e+03 1.020000000000e+00 3.781507555516e+01 4.400000000000e+00 5.778237028330e+00 3.636266009346e+02 1.303128391234e+01 3.844055238939e+00 4.345715279093e+01 -3.820740607694e+01 3.255919852211e+01 6.060095842994e-01 2.717952168853e+04
2.012533340422e+03 1.020000000000e+00 3.781507555516e+01 4.400000000000e+00 6.062677587633e+00 3.661329429720e+02 1.068660077167e+01 4.567156224427e+00 4.637254974490e+01 -3.846080297007e+01 3.285201651358e+01 1.296755142970e+00 2.762369066330e+04
2.012533454462e+03 1.020000000000e+00 3.781507555516e+01 4.400000000000e+00 6.360493663055e+00 3.689616287267e+02 8.186079906614e+00 5.261568744877e+00 4.978227950999e+01 -3.857172790929e+01 3.293204613305e+01 2.015500061905e+00 2.827258942027e+04
2.012533568502e+03 1.020000000000e+00 3.781507555516e+01 4.400000000000e+00 6.600519224983e+00 3.718116636046e+02 5.713642712605e+00 5.892824694290e+00 5.313324630715e+01 -3.858398539118e+01 3.284519425198e+01 2.688460109636e+00 2.910087508093e+04
2.012533682542e+03 1.020000000000e+00 3.781507555516e+01 4.400000000000e+00 6.741786178112e+00 3.744996704541e+02 3.372513817798e+00 6.425325412983e+00 5.613951708705e+01 -3.854292441652e+01 3.261509760508e+01 3.248386354208e+00 3.014095033783e+04
2.012533796583e+03 1.020000000000e+00 3.781507555516e+01 4.400000000000e+00 6.816762338097e+00 3.768802757619e+02 1.237107781825e+00 6.843447910898e+00 5.862139709215e+01 -3.849527082072e+01 3.222405662585e+01 3.659210928119e+00 3.117627333007e+04
2.012533910623e+03 1.020000000000e+00 3.781507555516e+01 4.400000000000e+00 6.796696874956e+00 3.788747995573e+02 -6.163367743332e-01 7.152018245005e+00 6.043235966256e+01 -3.848297488434e+01 3.169644538360e+01 3.921966196101e+00 3.225845968648e+04
2.012534024663e+03 1.020000000000e+00 3.781507555516e+01 4.400000000000e+00 6.682191517067e+00 3.803972897179e+02 -2.163570568672e+00 7.372214624626e+00 6.125486272152e+01 -3.851698076992e+01 3.108700651304e+01 4.054029221324e+00 3.324947824591e+04
2.012534138703e+03 1.020000000000e+00 3.781507555516e+01 4.400000000000e+00 6.507826656004e+00 3.812794698389e+02 -3.440613712604e+00 7.523150598459e+00 6.078683604070e+01 -3.834037773959e+01 3.042357464390e+01 4.072886517108e+00 3.387858908368e+04
2.012534252744e+03 1.020000000000e+00 3.781507555516e+01 4.400000000000e+00 7.614210447917e+00 4.110234198077e+02 -2.389898903232e+00 -2.050061654579e+00 4.077807077156e+02 -3.950597581287e+01 3.726471080283e+01 6.521774074287e-01 1.634087603275e+05
2.012534366784e+03 1.020000000000e+00 3.781507555516e+01 4.400000000000e+00 1.593252834590e+01 5.516625544083e+02 4.318081815219e+00 -4.313707718894e+01 3.616463708968e+03 -4.676404685922e+01 9.285905255338e+01 -1.716583015797e+01 8.141038108729e+05
2.012534480824e+03 1.020000000000e+00 3.781507555516e+01 4.400000000000e+00 1.932028322350e+01 6.081239755213e+02 9.354339425055e+00 -5.584922204488e+01 5.453487826278e+03 -4.918700959716e+01 1.281454616786e+02 -2.410173875415e+01 1.022598243753e+06
2.012534594864e+03 1.020000000000e+00 3.781507555516e+01 4.400000000000e+00 1.836158720973e+01 6.110331289570e+02 1.078853761270e+01 -5.331542709064e+01 5.166790757670e+03 -4.542574039502e+01 1.266876797181e+02 -1.891396702278e+01 1.018498608576e+06
2.012534708905e+03 1.020000000000e+00 3.781507555516e+01 4.400000000000e+00 1.705224171472e+01 6.027404050567e+02 1.034394011666e+01 -4.752983390432e+01 4.489059126670e+03 -3.900710423093e+01 1.118227501084e+02 -8.816594266425e+00 9.532776901176e+05
2.012534822945e+03 1.020000000000e+00 3.781507555516e+01 4.400000000000e+00 1.697039853508e+01 5.984920979984e+02 5.549197765912e+00 -4.596344446303e+01 4.200851710201e+03 -3.419044287812e+01 7.358456493565e+01 -4.723234636319e+00 8.965720392809e+05
2.012534936985e+03 1.020000000000e+00 3.781507555516e+01 4.400000000000e+00 1.742464601103e+01 6.028517915453e+02 -6.653450221678e+00 -4.904223856870e+01 4.181434926248e+03 -2.992395807337e+01 9.340403090849e+00 -7.867565137587e+00 8.691108312778e+05
2.012535051025e+03 1.020000000000e+00 3.781507555516e+01 4.400000000000e+00 1.681880616971e+01 6.070809118627e+02 -1.984712353561e+01 -5.606422600881e+01 3.936862684828e+03 -2.672213988750e+01 -6.437255483415e+01 -2.594487607259e+01 8.479593659654e+05
2.012535165066e+03 1.020000000000e+00 3.781507555516e+01 4.400000000000e+00 1.439251077258e+01 6.057703620888e+02 -2.738641836822e+01 -5.965378186403e+01 3.234208705132e+03 -2.868346511764e+01 -1.195471987146e+02 -5.406167377160e+01 8.168484214343e+05
2.012535279106e+03 1.020000000000e+00 3.781507555516e+01 4.400000000000e+00 1.082259208698e+01 5.987820761178e+02 -2.868455930046e+01 -5.612828031726e+01 2.452606311792e+03 -4.291771286509e+01 -1.377771267725e+02 -8.131672746183e+01 8.262184934598e+05
2.012535393146e+03 1.020000000000e+00 3.781507555516e+01 4.400000000000e+00 7.781033453524e+00 5.889189675528e+02 -2.264435802359e+01 -4.759456699831e+01 1.798899541735e+03 -7.045380256893e+01 -1.313725532466e+02 -1.036184719440e+02 8.393188002068e+05
2.012535507186e+03 1.020000000000e+00 3.781507555516e+01 4.400000000000e+00 5.998655657729e+00 5.789217439256e+02 -2.075546699774e+00 -4.225930289417e+01 1.337238132140e+03 -9.837962028147e+01 -1.132959198619e+02 -1.236167623777e+02 8.061895736959e+05
2.012535621227e+03 1.020000000000e+00 3.871507555516e+01 4.400000000000e+00 4.821252692494e+00 5.773150906704e+02 2.334494260840e+01 -4.278423805894e+01 9.343836335539e+02 -1.195059586151e+02 -9.137475562615e+01 -1.472320029606e+02 6.997345159240e+05
2.012535735267e+03 1.020000000000e+00 3.871507555516e+01 4.400000000000e+00 4.266210416732e+00 5.714889556599e+02 4.625736520255e+01 -4.429429233300e+01 6.559035157480e+02 -1.345991488459e+02 -7.708601769407e+01 -1.604776841174e+02 5.560470344234e+05
2.012535849307e+03 1.020000000000e+00 3.871507555516e+01 4.400000000000e+00 4.053944633652e+00 5.637541828349e+02 5.474286620435e+01 -4.349025151017e+01 4.699210460524e+02 -1.449397052780e+02 -7.198504753178e+01 -1.649770853421e+02 4.198078016418e+05
2.012535963347e+03 1.020000000000e+00 3.871507555516e+01 4.400000000000e+00 3.994118746726e+00 5.576561393886e+02 5.424192584465e+01 -3.740803863783e+01 3.444613823639e+02 -1.532805882931e+02 -7.479819044837e+01 -1.629911632238e+02 3.125083462017e+05
2.012536077388e+03 1.020000000000e+00 3.871507555516e+01 4.400000000000e+00 3.942858961219e+00 5.550893745577e+02 4.884536552056e+01 -2.134824864061e+01 2.510212658588e+02 -1.602852598281e+02 -8.923212072228e+01 -1.533473439310e+02 2.305270202843e+05
2.012536191428e+03 1.020000000000e+00 3.871507555516e+01 4.400000000000e+00 3.801818871932e+00 5.552963227605e+02 4.295320149855e+01 -2.330133592604e+00 1.772227714846e+02 -1.667482316246e+02 -1.087571747830e+02 -1.363085217623e+02 1.685706100927e+05
2.012536305468e+03 1.020000000000e+00 3.871507555516e+01 4.400000000000e+00 3.488975541083e+00 5.594707730386e+02 4.052107659265e+01 1.267843172380e+01 1.179180889820e+02 -1.722871199462e+02 -1.265179453420e+02 -1.168056161230e+02 1.217972184159e+05
2.012536419508e+03 1.020000000000e+00 3.871507555516e+01 4.400000000000e+00 2.878241491039e+00 5.630112277202e+02 4.221856010673e+01 2.105686764610e+01 7.442825173580e+01 -1.763509413797e+02 -1.382875821414e+02 -9.712857651418e+01 9.311374661728e+04
2.012536533549e+03 1.020000000000e+00 3.871507555516e+01 4.400000000000e+00 2.263945760554e+00 5.647452051730e+02 4.719094280843e+01 2.296798403817e+01 4.711138683142e+01 -1.805377925551e+02 -1.443670730000e+02 -7.821108464905e+01 7.511763834880e+04
2.012536647589e+03 1.020000000000e+00 3.871507555516e+01 4.400000000000e+00 1.803825489948e+00 5.652254327536e+02 5.200625120161e+01 2.032064433922e+01 3.180978823535e+01 -1.850334875224e+02 -1.475063039733e+02 -5.979957217361e+01 6.387950210087e+04
2.012536761629e+03 1.020000000000e+00 3.871507555516e+01 4.400000000000e+00 1.494605133484e+00 5.638272132642e+02 5.463090938180e+01 1.471617192975e+01 2.355638348085e+01 -1.888972506064e+02 -1.487715025617e+02 -4.155789171904e+01 5.718996892569e+04
2.012536875669e+03 1.020000000000e+00 3.871507555516e+01 4.400000000000e+00 1.266920435698e+00 5.592091429344e+02 5.568147725840e+01 8.996704940063e+00 1.856698513439e+01 -1.921843938351e+02 -1.476549654070e+02 -2.294875718882e+01 5.333822287626e+04
2.012536989709e+03 1.020000000000e+00 3.871507555516e+01 4.400000000000e+00 1.071529928401e+00 5.535216738746e+02 5.463087163054e+01 3.506832620781e+00 1.529097491588e+01 -1.946928730480e+02 -1.450371766361e+02 -4.264319754708e+00 5.197608645769e+04
2.012537103750e+03 1.020000000000e+00 3.871507555516e+01 4.400000000000e+00 9.439429667935e-01 5.468293572299e+02 5.218987553555e+01 -1.397531323222e+00 1.388652273647e+01 -1.963647509791e+02 -1.409323993298e+02 1.439809521731e+01 5.347937220000e+04
2.012537217790e+03 1.020000000000e+00 3.871507555516e+01 4.400000000000e+00 8.734316158626e-01 5.391490823775e+02 4.959409258534e+01 -5.712815413313e+00 1.312919835385e+01 -1.971339864021e+02 -1.352229304238e+02 3.270713689950e+01 5.457612301976e+04
2.012537331830e+03 1.020000000000e+00 3.871507555516e+01 4.400000000000e+00 8.249435795909e-01 5.305394046932e+02 4.746179294612e+01 -9.251918733898e+00 1.268349493297e+01 -1.970679222461e+02 -1.279620377664e+02 5.022066033070e+01 5.579812681672e+04
2.012537445870e+03 1.020000000000e+00 3.871507555516e+01 4.400000000000e+00 7.814689321678e-01 5.224045843796e+02 4.542746134290e+01 -1.187749108486e+01 1.258242250873e+01 -1.962374290667e+02 -1.197860827803e+02 6.669335421232e+01 5.841505104548e+04
2.012537559911e+03 1.020000000000e+00 3.871507555516e+01 4.400000000000e+00 7.388543555305e-01 5.145346257419e+02 4.427890663970e+01 -1.363920057330e+01 1.234826859221e+01 -1.943253189928e+02 -1.106919100182e+02 8.180368575773e+01 6.060628333552e+04
2.012537673951e+03 1.020000000000e+00 3.871507555516e+01 4.400000000000e+00 6.992528602738e-01 5.070735125981e+02 4.410426592801e+01 -1.479470521874e+01 1.193096452394e+01 -1.914338717194e+02 -1.008390706174e+02 9.531500091135e+01 6.185525259744e+04
2.012537787991e+03 1.020000000000e+00 3.871507555516e+01 4.400000000000e+00 6.645398289545e-01 4.999592508937e+02 4.462869795905e+01 -1.565819956325e+01 1.145530946548e+01 -1.880229470284e+02 -9.054257469758e+01 1.071570216732e+02 6.247324803076e+04
2.012537902031e+03 1.020000000000e+00 3.871507555516e+01 4.400000000000e+00 6.347335295676e-01 4.931778937307e+02 4.602205203240e+01 -1.638116423919e+01 1.091804134778e+01 -1.833132082678e+02 -8.010673818466e+01 1.172992732767e+02 6.232442522490e+04
2.012538016072e+03 1.020000000000e+00 3.871507555516e+01 4.400000000000e+00 6.085730162618e-01 4.870859181944e+02 4.778882553085e+01 -1.706594534803e+01 1.033586725156e+01 -1.770412694824e+02 -6.989511088663e+01 1.257328370446e+02 6.152693776402e+04
2.012538130112e+03 1.020000000000e+00 3.871507555516e+01 4.400000000000e+00 5.849265049247e-01 4.816176848693e+02 4.992924281095e+01 -1.788608890028e+01 9.765091947107e+00 -1.704757392160e+02 -6.004647371021e+01 1.325613273776e+02 6.046960135195e+04
2.012538244152e+03 1.020000000000e+00 3.871507555516e+01 4.400000000000e+00 5.638188881620e-01 4.766812629295e+02 5.223360115277e+01 -1.882931411482e+01 9.267127472792e+00 -1.637431759477e+02 -5.079387077681e+01 1.378691268719e+02 5.952858435763e+04
2.012538358192e+03 1.020000000000e+00 3.971507555516e+01 4.500000000000e+00 5.575223096323e-01 4.608649756300e+02 5.248118702397e+01 -2.263176676981e+01 8.292424173332e+00 -1.522714435882e+02 -4.112640163711e+01 1.530330635902e+02 5.390890188202e+04
2.012538472233e+03 1.020000000000e+00 3.971507555516e+01 4.500000000000e+00 5.381804442714e-01 4.564784675427e+02 5.397341108507e+01 -2.360086359198e+01 7.978905022552e+00 -1.447765624158e+02 -3.318308480408e+01 1.552737477523e+02 5.373542020401e+04
2.012538586273e+03 1.020000000000e+00 3.971507555516e+01 4.500000000000e+00 5.167778736962e-01 4.528102781600e+02 5.502436366387e+01 -2.465856282865e+01 7.800180047068e+00 -1.375965686985e+02 -2.601401931780e+01 1.564098740661e+02 5.471894526783e+04
2.012538700313e+03 1.020000000000e+00 3.971507555516e+01 4.500000000000e+00 4.926741727754e-01 4.495739961801e+02 5.561048465341e+01 -2.588861489575e+01 7.651467980834e+00 -1.308067896331e+02 -1.954489445525e+01 1.566826036755e+02 5.630204351620e+04
2.012538814353e+03 1.020000000000e+00 3.971507555516e+01 4.500000000000e+00 4.684199393999e-01 4.466862029778e+02 5.600196099099e+01 -2.721471302321e+01 7.474431015220e+00 -1.244752249395e+02 -1.371857343259e+01 1.562993793206e+02 5.783255174604e+04
2.012538928394e+03 1.020000000000e+00 3.971507555516e+01 4.500000000000e+00 4.452629312396e-01 4.439821811812e+02 5.642542547023e+01 -2.864120387600e+01 7.244350172331e+00 -1.186097944167e+02 -8.429788069385e+00 1.553742968746e+02 5.895088680698e+04
2.012539042434e+03 1.020000000000e+00 3.971507555516e+01 4.500000000000e+00 4.235859629628e-01 4.413730413932e+02 5.704345705577e+01 -3.018593514578e+01 6.991133709390e+00 -1.132345525936e+02 -3.630527628378e+00 1.540231705686e+02 5.978638947243e+04
2.012539156474e+03 1.020000000000e+00 3.971507555516e+01 4.500000000000e+00 4.038399068654e-01 4.389460625573e+02 5.796038811017e+01 -3.173276082246e+01 6.685410819354e+00 -1.083439218191e+02 7.406378884397e-01 1.523607364676e+02 5.995505128831e+04
2.012539270514e+03 1.020000000000e+00 3.971507555516e+01 4.500000000000e+00 3.834082206093e-01 4.366687959434e+02 5.906917509576e+01 -3.346933963214e+01 6.262450705897e+00 -1.039354594258e+02 4.737547164613e+00 1.504779376506e+02 5.914803155474e+04
2.012539384555e+03 1.020000000000e+00 3.971507555516e+01 4.500000000000e+00 3.612886872523e-01 4.345856198788e+02 6.014220753400e+01 -3.536006231470e+01 5.756061940490e+00 -9.978441376889e+01 8.377965540674e+00 1.483914828945e+02 5.768682137784e+04
2.012539498595e+03 1.020000000000e+00 3.971507555516e+01 4.500000000000e+00 3.394799065624e-01 4.325637258875e+02 6.095513706616e+01 -3.723835236540e+01 5.236617398117e+00 -9.583659074674e+01 1.169682518354e+01 1.461631985367e+02 5.585358441898e+04
2.012539612635e+03 1.020000000000e+00 3.971507555516e+01 4.500000000000e+00 3.195925816268e-01 4.305041552306e+02 6.153725091098e+01 -3.892006643261e+01 4.789896581473e+00 -9.212572395866e+01 1.478293670521e+01 1.438303596851e+02 5.427398017073e+04
2.012539726675e+03 1.020000000000e+00 3.971507555516e+01 4.500000000000e+00 3.006442608640e-01 4.283919893442e+02 6.177830051772e+01 -4.021533949858e+01 4.470104038515e+00 -8.863317819697e+01 1.777532848895e+01 1.414111487894e+02 5.387210434304e+04
2.012539840716e+03 1.020000000000e+00 3.971507555516e+01 4.500000000000e+00 2.771476267332e-01 4.261823867527e+02 6.146210879893e+01 -4.098122280947e+01 4.276997493848e+00 -8.527935170245e+01 2.091606950668e+01 1.389406651461e+02 5.596800767140e+04
2.012539954756e+03 1.020000000000e+00 3.971507555516e+01 4.500000000000e+00 2.548494908705e-01 4.236054917419e+02 6.016468650787e+01 -4.083420780970e+01 4.235244793955e+00 -8.199259076946e+01 2.450178208016e+01 1.363703535038e+02 6.029092895624e+04
2.012540068796e+03 1.020000000000e+00 3.971507555516e+01 4.500000000000e+00 2.379602680594e-01 4.206040286388e+02 5.719629011177e+01 -4.008683869637e+01 4.540548329213e+00 -7.870210512624e+01 2.870970958625e+01 1.335712462943e+02 6.919916800128e+04
2.012540182836e+03 1.020000000000e+00 3.971507555516e+01 4.500000000000e+00 2.266129322246e-01 4.167091820350e+02 5.234590851066e+01 -3.892427625531e+01 5.158158383214e+00 -7.527233268243e+01 3.357521738208e+01 1.306414565191e+02 8.251736778515e+04
2.012540296877e+03 1.020000000000e+00 3.971507555516e+01 4.500000000000e+00 2.183573244702e-01 4.122590680593e+02 4.584688069682e+01 -3.648515599408e+01 5.821701367254e+00 -7.143154019489e+01 3.915884633032e+01 1.274997477757e+02 9.666516719066e+04
2.012540410917e+03 1.020000000000e+00 3.971507555516e+01 4.500000000000e+00 2.118615526320e-01 4.070481717285e+02 3.823564794628e+01 -3.301785290713e+01 6.326162668301e+00 -6.722597108074e+01 4.527104159139e+01 1.240069029501e+02 1.083144103382e+05
2.012540524957e+03 1.020000000000e+00 3.971507555516e+01 4.500000000000e+00 2.071440775846e-01 4.014213409860e+02 3.092825551793e+01 -2.935224288691e+01 6.564017788783e+00 -6.289361460174e+01 5.143227932021e+01 1.201968716606e+02 1.151123810448e+05
2.012540638997e+03 1.020000000000e+00 3.971507555516e+01 4.500000000000e+00 2.018616862854e-01 3.954266578390e+02 2.507218457038e+01 -2.537204108489e+01 6.517678341952e+00 -5.851156131634e+01 5.711189949939e+01 1.161907255211e+02 1.174086981862e+05
2.012540753038e+03 1.020000000000e+00 3.971507555516e+01 4.500000000000e+00 1.965609140071e-01 3.895184961902e+02 2.103383318544e+01 -2.200837059584e+01 6.331183611739e+00 -5.422500984015e+01 6.193344341731e+01 1.120810317147e+02 1.172120435808e+05
2.012540867078e+03 1.020000000000e+00 3.971507555516e+01 4.500000000000e+00 1.937028186853e-01 3.846226503283e+02 1.921001537670e+01 -1.925052954678e+01 6.006248951444e+00 -5.021391462226e+01 6.579804333368e+01 1.081545765767e+02 1.131944183521e+05
2.012540981118e+03 1.020000000000e+00 3.971507555516e+01 4.500000000000e+00 1.983028278511e-01 3.807222248270e+02 1.942093988750e+01 -1.721455993129e+01 5.645118440642e+00 -4.655915839261e+01 6.868387429325e+01 1.044982487835e+02 1.044785163961e+05
2.012541095158e+03 1.020000000000e+00 4.061507555516e+01 4.600000000000e+00 2.328335172977e-01 3.750980456680e+02 2.148838881268e+01 -1.552441766794e+01 4.473648460254e+00 -3.686585709958e+01 7.239478975978e+01 1.026846755485e+02 7.040630200555e+04
2.012541209199e+03 1.020000000000e+00 4.061507555516e+01 4.600000000000e+00 2.589442055011e-01 3.728544874753e+02 2.482683857874e+01 -1.370938449002e+01 4.311629970293e+00 -3.443577574730e+01 7.350553032154e+01 9.931276854763e+01 6.101985099066e+04
2.012541323239e+03 1.020000000000e+00 4.061507555516e+01 4.600000000000e+00 2.916396928845e-01 3.707439187569e+02 2.787225185018e+01 -1.121230065889e+01 4.228453363683e+00 -3.242387935661e+01 7.418919103615e+01 9.612990112075e+01 5.312017791929e+04
2.012541437279e+03 1.020000000000e+00 4.061507555516e+01 4.600000000000e+00 3.265206484754e-01 3.687481220379e+02 3.070618274249e+01 -8.166693791748e+00 4.228222332709e+00 -3.079770621076e+01 7.464888743908e+01 9.309095806008e+01 4.741982666359e+04
2.012541551319e+03 1.020000000000e+00 4.061507555516e+01 4.600000000000e+00 3.575319056333e-01 3.666997926717e+02 3.330481300251e+01 -4.900584089699e+00 4.293738964814e+00 -2.951700356990e+01 7.494352487770e+01 9.020909376199e+01 4.393229317610e+04
2.012541665360e+03 1.020000000000e+00 4.061507555516e+01 4.600000000000e+00 3.788246176303e-01 3.646231258218e+02 3.552985542680e+01 -1.701034748116e+00 4.371472250143e+00 -2.851402934724e+01 7.508202224506e+01 8.747076596009e+01 4.214412906496e+04
2.012541779400e+03 1.020000000000e+00 4.061507555516e+01 4.600000000000e+00 3.897318732010e-01 3.625778777185e+02 3.745018629335e+01 9.751807545656e-01 4.509646024271e+00 -2.774000316224e+01 7.505601468872e+01 8.487955553861e+01 4.226110068381e+04
2.012541893440e+03 1.020000000000e+00 4.061507555516e+01 4.600000000000e+00 3.909029908168e-01 3.605649729820e+02 3.914989109209e+01 2.757429910389e+00 4.822932854962e+00 -2.714624682915e+01 7.492166678337e+01 8.242324672171e+01 4.501605625586e+04
2.012542007480e+03 1.020000000000e+00 4.061507555516e+01 4.600000000000e+00 3.836503820887e-01 3.586869008912e+02 4.074425133973e+01 3.561158415097e+00 5.548429378445e+00 -2.666468516499e+01 7.469239563869e+01 8.008438587777e+01 5.278556443658e+04
2.012542121521e+03 1.020000000000e+00 4.061507555516e+01 4.600000000000e+00 3.713901946327e-01 3.573721659235e+02 4.155140792388e+01 3.076342803912e+00 7.409713883676e+00 -2.623624508834e+01 7.431608128220e+01 7.786414662456e+01 7.298993784540e+04
2.012542235561e+03 1.020000000000e+00 4.061507555516e+01 4.600000000000e+00 3.493541660423e-01 3.567917456648e+02 4.132657894478e+01 6.567014003009e-01 1.059395454589e+01 -2.588173723042e+01 7.371563646105e+01 7.573622464748e+01 1.110364597982e+05
2.012542349601e+03 1.020000000000e+00 4.061507555516e+01 4.600000000000e+00 3.228660210633e-01 3.573254405013e+02 3.896630372182e+01 -6.189982289330e+00 1.460427848454e+01 -2.570387328918e+01 7.294106602783e+01 7.361105463764e+01 1.651565733811e+05
2.012542463641e+03 1.020000000000e+00 4.061507555516e+01 4.600000000000e+00 2.990955269954e-01 3.596127719952e+02 3.144827397499e+01 -1.506777529824e+01 1.883613457099e+01 -2.582249818593e+01 7.175206966120e+01 7.179043756942e+01 2.289675903749e+05
2.012542577682e+03 1.020000000000e+00 4.061507555516e+01 4.600000000000e+00 2.840795680954e-01 3.626250083018e+02 2.196873662008e+01 -2.392134869140e+01 2.292059991044e+01 -2.657526445009e+01 7.031349960358e+01 7.036415110254e+01 2.926782847087e+05
2.012542691722e+03 1.020000000000e+00 4.061507555516e+01 4.600000000000e+00 2.749264082121e-01 3.653433919975e+02 1.228747635494e+01 -2.995810570056e+01 2.621168249405e+01 -2.791522512009e+01 6.845436452800e+01 6.939516111480e+01 3.455466477804e+05
2.012542805762e+03 1.020000000000e+00 4.061507555516e+01 4.600000000000e+00 2.684956518022e-01 3.672462541691e+02 4.102794077318e+00 -3.256413541624e+01 2.828044295398e+01 -2.965809228988e+01 6.643946529532e+01 6.876206176339e+01 3.815412529283e+05
2.012542919802e+03 1.020000000000e+00 4.061507555516e+01 4.600000000000e+00 2.641474559120e-01 3.688583606895e+02 -9.894248527720e-01 -3.316669638273e+01 2.907297581998e+01 -3.157737624972e+01 6.454198894030e+01 6.838614030127e+01 3.985741990549e+05
2.012543033843e+03 1.020000000000e+00 4.061507555516e+01 4.600000000000e+00 2.836444038926e-01 3.698901073862e+02 -2.823099160698e+00 -3.287339467149e+01 2.909344592741e+01 -3.337184772817e+01 6.285168327768e+01 6.811827851487e+01 3.809148396521e+05
2.012543147883e+03 1.020000000000e+00 4.061507555516e+01 4.600000000000e+00 3.961213931310e-01 3.704236484469e+02 -3.020896028098e+00 -3.141448291186e+01 2.925474674035e+01 -3.492503139917e+01 6.151383836860e+01 6.775485990414e+01 3.029785855355e+05
2.012543261923e+03 1.020000000000e+00 4.061507555516e+01 4.600000000000e+00 7.658694268163e-01 3.701991027098e+02 -2.502508365705e+00 -2.865300196910e+01 3.032940678148e+01 -3.624764269463e+01 6.048092374368e+01 6.724825307284e+01 1.555341261805e+05
2.012543375963e+03 1.020000000000e+00 4.061507555516e+01 4.600000000000e+00 1.332149111054e+00 3.695074446797e+02 -1.186182561872e+00 -2.562291747037e+01 3.261336449749e+01 -3.742919719041e+01 5.975482169886e+01 6.680182575353e+01 9.213876545567e+04
2.012543490004e+03 1.020000000000e+00 4.061507555516e+01 4.600000000000e+00 2.008335624564e+00 3.685925211351e+02 8.644679190899e-01 -2.265644690781e+01 3.624432438123e+01 -3.854922539860e+01 5.921912945658e+01 6.661561516692e+01 6.665068880481e+04
2.012543604044e+03 1.020000000000e+00 4.061507555516e+01 4.600000000000e+00 2.749157807580e+00 3.676198870298e+02 3.427832241420e+00 -2.016220548755e+01 4.058186102904e+01 -3.966657581329e+01 5.888217143690e+01 6.670967472126e+01 5.407839680749e+04
2.012543718084e+03 1.020000000000e+00 4.161507555516e+01 4.700000000000e+00 3.449442291866e+00 3.657528343278e+02 6.029067976432e+00 -1.804863997380e+01 4.511948986580e+01 -4.087446946715e+01 5.736785986307e+01 6.802781297130e+01 4.771030550307e+04
2.012543832124e+03 1.020000000000e+00 4.161507555516e+01 4.700000000000e+00 4.205001570638e+00 3.651858074428e+02 8.679434709190e+00 -1.678306104633e+01 4.861532494658e+01 -4.225752946907e+01 5.854745196749e+01 6.841470608937e+01 4.206076484745e+04
2.012543946165e+03 1.020000000000e+00 4.161507555516e+01 4.700000000000e+00 4.912782642333e+00 3.648385720723e+02 1.082364611927e+01 -1.613368180892e+01 5.133275252257e+01 -4.379607230015e+01 6.044518994479e+01 6.896612374261e+01 3.793187087223e+04
2.012544060205e+03 1.020000000000e+00 4.161507555516e+01 4.700000000000e+00 5.512291006532e+00 3.648009343267e+02 1.218093831517e+01 -1.573628084834e+01 5.365752603758e+01 -4.540752592516e+01 6.273866931741e+01 6.977282062466e+01 3.527317706389e+04
2.012544174245e+03 1.020000000000e+00 4.161507555516e+01 4.700000000000e+00 6.026142462838e+00 3.651188160107e+02 1.276465503457e+01 -1.558927043908e+01 5.720367066602e+01 -4.692515429530e+01 6.537206046822e+01 7.036934719919e+01 3.433423561275e+04
2.012544288285e+03 1.020000000000e+00 4.161507555516e+01 4.700000000000e+00 6.754691859120e+00 3.658582377267e+02 1.283199363839e+01 -1.615601609918e+01 6.669857939316e+01 -4.813023773362e+01 6.811099126802e+01 7.014270591812e+01 3.557185348485e+04
2.012544402326e+03 1.020000000000e+00 4.161507555516e+01 4.700000000000e+00 8.092809400195e+00 3.669724157998e+02 1.220485584565e+01 -1.786248792966e+01 8.730542098470e+01 -4.886828273179e+01 7.053130351932e+01 6.936580361515e+01 3.878979739063e+04
2.012544516366e+03 1.020000000000e+00 4.161507555516e+01 4.700000000000e+00 9.841113261542e+00 3.686304318391e+02 9.801659788671e+00 -2.015633018513e+01 1.174516925074e+02 -4.908460399858e+01 7.290966631774e+01 6.828062866654e+01 4.296327495351e+04
2.012544630406e+03 1.020000000000e+00 4.161507555516e+01 4.700000000000e+00 1.174704375140e+01 3.704777923116e+02 5.854168302839e+00 -2.239823130297e+01 1.539692632474e+02 -4.889292428369e+01 7.586434140294e+01 6.606839726548e+01 4.725883811567e+04
2.012544744446e+03 1.020000000000e+00 4.161507555516e+01 4.700000000000e+00 1.362498392946e+01 3.721951752435e+02 1.378928855105e+00 -2.424434853291e+01 1.938608621719e+02 -4.844345216759e+01 7.934720017657e+01 6.108020906971e+01 5.136775541450e+04
2.012544858487e+03 1.020000000000e+00 4.161507555516e+01 4.700000000000e+00 1.523335489324e+01 3.738351122786e+02 -2.872724499304e+00 -2.536884365723e+01 2.337214025991e+02 -4.785545142999e+01 8.283569851710e+01 5.401347880726e+01 5.546859470439e+04
2.012544972527e+03 1.020000000000e+00 4.161507555516e+01 4.700000000000e+00 1.602839007173e+01 3.755284422625e+02 -6.724089684120e+00 -2.582932499548e+01 2.673884612522e+02 -4.715583085749e+01 8.585127368923e+01 4.632502151547e+01 6.039151387745e+04
2.012545086567e+03 1.020000000000e+00 4.161507555516e+01 4.700000000000e+00 1.611636751107e+01 3.772730021401e+02 -1.012593919734e+01 -2.586671099358e+01 2.909037440949e+02 -4.637368216444e+01 8.808289850746e+01 3.898572829982e+01 6.537338642617e+04
2.012545200607e+03 1.020000000000e+00 4.161507555516e+01 4.700000000000e+00 1.592042339180e+01 3.789984818086e+02 -1.298826114536e+01 -2.559098096131e+01 3.038776090736e+02 -4.556921332361e+01 8.949873927556e+01 3.257515876995e+01 6.913290158170e+04
2.012545314648e+03 1.020000000000e+00 4.161507555516e+01 4.700000000000e+00 1.552872119875e+01 3.809412505880e+02 -1.523163007660e+01 -2.472899371074e+01 3.075467063517e+02 -4.476252797160e+01 9.011823623453e+01 2.718616728098e+01 7.176006162390e+04
2.012545428688e+03 1.020000000000e+00 4.161507555516e+01 4.700000000000e+00 1.468606129750e+01 3.840770881804e+02 -1.658536021084e+01 -2.277964593849e+01 3.022087299449e+02 -4.389035709794e+01 8.921690327041e+01 2.200532409421e+01 7.469571138729e+04
2.012545542728e+03 1.020000000000e+00 4.161507555516e+01 4.700000000000e+00 1.307697220860e+01 3.893214845450e+02 -1.715110401214e+01 -2.025508452757e+01 2.865383337385e+02 -4.276792010021e+01 8.570546553106e+01 1.662690009833e+01 7.935326047615e+04
2.012545656768e+03 1.020000000000e+00 4.161507555516e+01 4.700000000000e+00 1.120729024739e+01 3.972782564644e+02 -1.695165207989e+01 -1.724774839015e+01 2.458349823523e+02 -4.117427647820e+01 7.596390750440e+01 1.154905387331e+01 7.914294372990e+04
2.012545770809e+03 1.020000000000e+00 4.161507555516e+01 4.700000000000e+00 9.324121632900e+00 4.079107650868e+02 -1.503070470858e+01 -1.324820921062e+01 1.888306082615e+02 -3.938132676746e+01 6.266059922227e+01 7.974495537731e+00 7.292735399620e+04
2.012545884849e+03 1.020000000000e+00 4.161507555516e+01 4.700000000000e+00 7.655175077434e+00 4.194015241622e+02 -1.048425572855e+01 -9.055993541326e+00 1.384247926161e+02 -3.764674680258e+01 5.009910028630e+01 5.475353979147e+00 6.517496038713e+04
2.012545998889e+03 1.020000000000e+00 4.161507555516e+01 4.700000000000e+00 6.453216216501e+00 4.288380536385e+02 -6.128134986506e+00 -5.853637602929e+00 1.043487024800e+02 -3.619096161390e+01 4.090611919327e+01 3.574114690187e+00 5.846682799125e+04
2.012546112929e+03 1.020000000000e+00 4.161507555516e+01 4.700000000000e+00 5.831838462844e+00 4.344156238975e+02 -3.663671462980e+00 -4.101346231929e+00 8.832541222610e+01 -3.521066981446e+01 3.604797424888e+01 2.389042063936e+00 5.483578461164e+04
2.012546226970e+03 1.020000000000e+00 4.161507555516e+01 4.700000000000e+00 5.551977187490e+00 4.368970708133e+02 -2.632808554124e+00 -3.369460951151e+00 8.177188043292e+01 -3.459511301899e+01 3.391625710302e+01 1.880808492729e+00 5.333711219694e+04
2.012546341010e+03 1.020000000000e+00 4.161507555516e+01 4.700000000000e+00 5.398390135135e+00 4.381194524590e+02 -2.193654417864e+00 -3.047805571012e+00 7.836224144655e+01 -3.426842785449e+01 3.283440745507e+01 1.651837413636e+00 5.256862669034e+04
2.012546455050e+03 1.020000000000e+00 4.251507555516e+01 4.800000000000e+00 5.285733722120e+00 4.391028933883e+02 -2.014030799164e+00 -2.887189487600e+00 7.610188456882e+01 -3.428506338354e+01 3.218860113777e+01 1.550414040111e+00 5.214056353756e+04
2.012546569090e+03 1.020000000000e+00 4.251507555516e+01 4.800000000000e+00 5.194476122427e+00 4.397490705120e+02 -1.800360058982e+00 -2.757985770878e+00 7.413609901869e+01 -3.438187660116e+01 3.166562265424e+01 1.427604842449e+00 5.168593246424e+04
2.012546683131e+03 1.020000000000e+00 4.251507555516e+01 4.800000000000e+00 5.134241683415e+00 4.403488703783e+02 -1.526216369784e+00 -2.642094998347e+00 7.284717120437e+01 -3.439307201775e+01 3.122252063725e+01 1.302806477827e+00 5.138261510194e+04
2.012546797171e+03 1.020000000000e+00 4.251507555516e+01 4.800000000000e+00 5.107720433949e+00 4.408864266259e+02 -1.142672603552e+00 -2.550944490134e+00 7.228575381324e+01 -3.435130499078e+01 3.081820959110e+01 1.153845377186e+00 5.125108459739e+04
2.012546911211e+03 1.020000000000e+00 4.251507555516e+01 4.800000000000e+00 5.092254283619e+00 4.414171094284e+02 -7.551661472556e-01 -2.510896794270e+00 7.196518077793e+01 -3.431765877922e+01 3.050706838776e+01 9.699241736391e-01 5.117855626832e+04
2.012547025251e+03 1.020000000000e+00 4.251507555516e+01 4.800000000000e+00 5.084649096038e+00 4.419836176082e+02 -4.073604760122e-01 -2.492507836565e+00 7.182397195870e+01 -3.432020902849e+01 3.026938867624e+01 7.830240202123e-01 5.115415140244e+04
2.012547139292e+03 1.020000000000e+00 4.251507555516e+01 4.800000000000e+00 5.089224753826e+00 4.426101386171e+02 -9.817959639420e-02 -2.482796679453e+00 7.194549379478e+01 -3.436252590980e+01 3.015061468452e+01 5.983150805422e-01 5.119426977640e+04
2.012547253332e+03 1.020000000000e+00 4.251507555516e+01 4.800000000000e+00 5.105575706828e+00 4.433270410820e+02 1.734262687574e-01 -2.478757104225e+00 7.231889734296e+01 -3.444277064696e+01 3.017042675407e+01 4.131341667368e-01 5.129477163024e+04
2.012547367372e+03 1.020000000000e+00 4.251507555516e+01 4.800000000000e+00 5.135955493616e+00 4.441092477324e+02 3.725843500522e-01 -2.481280955167e+00 7.299856126994e+01 -3.455869590607e+01 3.021526399673e+01 2.312127834226e-01 5.146974366331e+04
2.012547481412e+03 1.020000000000e+00 4.251507555516e+01 4.800000000000e+00 5.188333697318e+00 4.448844842511e+02 4.678103808552e-01 -2.496487409176e+00 7.415383378957e+01 -3.470398351889e+01 3.032676720027e+01 6.224785792908e-02 5.175551188212e+04
2.012547595453e+03 1.020000000000e+00 4.251507555516e+01 4.800000000000e+00 5.264312223413e+00 4.456442580160e+02 5.050043039222e-01 -2.518429848418e+00 7.582178697863e+01 -3.486152811349e+01 3.052485820762e+01 -8.442631348004e-02 5.215529679887e+04
2.012547709493e+03 1.020000000000e+00 4.251507555516e+01 4.800000000000e+00 5.356698482993e+00 4.464675940546e+02 5.214296535987e-01 -2.541857703712e+00 7.786050865215e+01 -3.500149098939e+01 3.073227541720e+01 -2.040653616112e-01 5.263348721327e+04
2.012547823533e+03 1.020000000000e+00 4.251507555516e+01 4.800000000000e+00 5.462917904958e+00 4.473856823809e+02 5.210931161433e-01 -2.565495746984e+00 8.023074557686e+01 -3.508881980556e+01 3.091295609237e+01 -2.942272868997e-01 5.318069261129e+04
2.012547937573e+03 1.020000000000e+00 4.251507555516e+01 4.800000000000e+00 5.582801653695e+00 4.484043763325e+02 4.598964215859e-01 -2.587830770462e+00 8.293752665607e+01 -3.509368582117e+01 3.105702734301e+01 -3.541688793535e-01 5.379374620174e+04
2.012548051613e+03 1.020000000000e+00 4.251507555516e+01 4.800000000000e+00 5.716078388788e+00 4.495166494944e+02 3.382354157815e-01 -2.603648124112e+00 8.598614042703e+01 -3.500117189599e+01 3.116950876361e+01 -3.898051223209e-01 5.447011194295e+04
2.012548165654e+03 1.020000000000e+00 4.251507555516e+01 4.800000000000e+00 5.861423304021e+00 4.507148034890e+02 1.827517900509e-01 -2.619511907382e+00 8.935789376205e+01 -3.481138391356e+01 3.125696363997e+01 -4.028577971377e-01 5.520182489961e+04
2.012548279694e+03 1.020000000000e+00 4.251507555516e+01 4.800000000000e+00 6.014535882269e+00 4.520017833297e+02 6.717474655056e-03 -2.637033935151e+00 9.302148955922e+01 -3.453840552759e+01 3.132976263391e+01 -4.048819284015e-01 5.600134288735e+04
2.012548393734e+03 1.020000000000e+00 4.251507555516e+01 4.800000000000e+00 6.145167221656e+00 4.533942430320e+02 -1.826904403204e-01 -2.659073104292e+00 9.694544440661e+01 -3.420434363744e+01 3.140487116887e+01 -3.862336093279e-01 5.712208173361e+04
2.012548507774e+03 1.020000000000e+00 4.251507555516e+01 4.800000000000e+00 6.230597096020e+00 4.549053924157e+02 -3.927757772669e-01 -2.695796457312e+00 1.010885525093e+02 -3.382980050508e+01 3.149217231625e+01 -2.850613576572e-01 5.874681119837e+04
2.012548621815e+03 1.020000000000e+00 4.251507555516e+01 4.800000000000e+00 6.301870300123e+00 4.565187930810e+02 -6.503937922992e-01 -2.735614620826e+00 1.053635870508e+02 -3.342573630564e+01 3.157601465827e+01 -8.765271373110e-02 6.053891807855e+04
2.012548735855e+03 1.020000000000e+00 4.251507555516e+01 4.800000000000e+00 6.372084025944e+00 4.581853519907e+02 -9.895430523153e-01 -2.804160086919e+00 1.095969936454e+02 -3.299404902608e+01 3.160530037312e+01 1.561167859696e-01 6.227821309001e+04
2.012548849895e+03 1.020000000000e+00 4.251507555516e+01 4.800000000000e+00 6.436567056051e+00 4.598386837093e+02 -1.420765934002e+00 -2.895741434770e+00 1.135131289454e+02 -3.253874244278e+01 3.151190404630e+01 4.340313904370e-01 6.385880781559e+04
2.012548963935e+03 1.020000000000e+00 4.251507555516e+01 4.800000000000e+00 6.482099768015e+00 4.614066208144e+02 -1.916634980810e+00 -2.990692718766e+00 1.167607362020e+02 -3.206864234328e+01 3.127897180279e+01 7.405954267841e-01 6.522658843250e+04
2.012549077976e+03 1.020000000000e+00 4.251507555516e+01 4.800000000000e+00 6.486992204800e+00 4.628392409270e+02 -2.440604394214e+00 -3.070428241222e+00 1.189165100005e+02 -3.159380331640e+01 3.098565058661e+01 1.058904508773e+00 6.638313877442e+04
2.012549192016e+03 1.020000000000e+00 4.351507555516e+01 4.900000000000e+00 6.441914439361e+00 4.639877176633e+02 -2.770631732710e+00 -3.145118639725e+00 1.196978504738e+02 -3.126978944456e+01 3.055329815405e+01 1.361252582305e+00 6.728929237315e+04
2.012549306056e+03 1.020000000000e+00 4.351507555516e+01 4.900000000000e+00 6.336187139074e+00 4.651475929856e+02 -3.258327437629e+00 -3.158100709409e+00 1.193445996999e+02 -3.080661277402e+01 3.005023485055e+01 1.630034609064e+00 6.821095157289e+04
2.012549420096e+03 1.020000000000e+00 4.351507555516e+01 4.900000000000e+00 6.210950992628e+00 4.661770176734e+02 -3.620255222846e+00 -3.147574809789e+00 1.178472456639e+02 -3.033990713298e+01 2.952287569239e+01 1.830677815197e+00 6.871362479970e+04
2.012549534137e+03 1.020000000000e+00 4.351507555516e+01 4.900000000000e+00 6.069622207690e+00 4.671199148457e+02 -3.838883274052e+00 -3.108220422412e+00 1.154838650852e+02 -2.986108536312e+01 2.900060333123e+01 1.953631206759e+00 6.890417805602e+04
2.012549648177e+03 1.020000000000e+00 4.351507555516e+01 4.900000000000e+00 5.897002084412e+00 4.680170323199e+02 -3.930923961701e+00 -3.008556713482e+00 1.124557138303e+02 -2.936783547274e+01 2.848410596305e+01 2.023648062585e+00 6.906178016951e+04
2.012549762217e+03 1.020000000000e+00 4.351507555516e+01 4.900000000000e+00 5.716657971767e+00 4.688989315826e+02 -3.949670302604e+00 -2.875788376445e+00 1.091514293996e+02 -2.887429748275e+01 2.796798140417e+01 2.039380734863e+00 6.914708548197e+04
2.012549876257e+03 1.020000000000e+00 4.351507555516e+01 4.900000000000e+00 5.543155097992e+00 4.697698953524e+02 -3.939646463486e+00 -2.728963310073e+00 1.058004782068e+02 -2.840985716351e+01 2.745252418076e+01 2.023235629644e+00 6.912187785160e+04
2.012549990298e+03 1.020000000000e+00 4.351507555516e+01 4.900000000000e+00 5.384251262737e+00 4.706254757277e+02 -3.898356536161e+00 -2.584025703626e+00 1.024735037996e+02 -2.800640898477e+01 2.694063501227e+01 1.962235076365e+00 6.892396411822e+04
2.012550104338e+03 1.020000000000e+00 4.351507555516e+01 4.900000000000e+00 5.243058295964e+00 4.714640987171e+02 -3.814569165390e+00 -2.432583028339e+00 9.927704393292e+01 -2.768465782745e+01 2.643134828244e+01 1.825711148236e+00 6.857213794887e+04
2.012550218378e+03 1.020000000000e+00 4.351507555516e+01 4.900000000000e+00 5.119149499702e+00 4.722836109251e+02 -3.731502176112e+00 -2.270701903125e+00 9.623375765011e+01 -2.744923649325e+01 2.592365098827e+01 1.670084525247e+00 6.807900781336e+04
2.012550332418e+03 1.020000000000e+00 4.351507555516e+01 4.900000000000e+00 5.009417451729e+00 4.730773273777e+02 -3.653646059239e+00 -2.105323533292e+00 9.340184860972e+01 -2.729135388611e+01 2.541410323386e+01 1.515520958200e+00 6.752311068468e+04
2.012550446459e+03 1.020000000000e+00 4.351507555516e+01 4.900000000000e+00 4.909638655765e+00 4.738337918365e+02 -3.565046163698e+00 -1.944086139512e+00 9.083118190310e+01 -2.719297763228e+01 2.489579454364e+01 1.365238463360e+00 6.699923715470e+04
2.012550560499e+03 1.020000000000e+00 4.351507555516e+01 4.900000000000e+00 4.825090929165e+00 4.745403138958e+02 -3.446770035076e+00 -1.790723430233e+00 8.859046706188e+01 -2.713334400331e+01 2.435942040724e+01 1.220115158080e+00 6.649158888160e+04
2.012550674539e+03 1.020000000000e+00 4.351507555516e+01 4.900000000000e+00 4.760151543417e+00 4.752010914298e+02 -3.321048968979e+00 -1.647271756802e+00 8.654664152997e+01 -2.709406851056e+01 2.382610009962e+01 1.084023503340e+00 6.584385340352e+04
2.012550788579e+03 1.020000000000e+00 4.351507555516e+01 4.900000000000e+00 4.703761374480e+00 4.758232950624e+02 -3.198384951000e+00 -1.512774953088e+00 8.465277374114e+01 -2.706289935872e+01 2.330663456661e+01 9.601328808182e-01 6.517493860654e+04
2.012550902620e+03 1.020000000000e+00 4.351507555516e+01 4.900000000000e+00 4.648415435207e+00 4.764079850451e+02 -3.069684079608e+00 -1.386245293350e+00 8.293683592619e+01 -2.703305098186e+01 2.279673878802e+01 8.506939722936e-01 6.461393613108e+04
2.012551016660e+03 1.020000000000e+00 4.351507555516e+01 4.900000000000e+00 4.595821743651e+00 4.769535690900e+02 -2.927461631713e+00 -1.268127362737e+00 8.141758961166e+01 -2.700189934824e+01 2.229474432499e+01 7.585284707000e-01 6.415609385047e+04
2.012551130700e+03 1.020000000000e+00 4.351507555516e+01 4.900000000000e+00 4.548383937048e+00 4.774566806825e+02 -2.771652298506e+00 -1.158319489531e+00 8.008801304951e+01 -2.696990849364e+01 2.180529308446e+01 6.864709257680e-01 6.376649309393e+04
2.012551244740e+03 1.020000000000e+00 4.351507555516e+01 4.900000000000e+00 4.506654494760e+00 4.779097584645e+02 -2.609170406251e+00 -1.055400084649e+00 7.892921960282e+01 -2.693893220772e+01 2.133692048300e+01 6.365406489254e-01 6.342566085478e+04
2.012551358781e+03 1.020000000000e+00 4.351507555516e+01 4.900000000000e+00 4.470012580226e+00 4.783018826051e+02 -2.450833144575e+00 -9.565292170208e-01 7.791846821931e+01 -2.691105526373e+01 2.089758107969e+01 6.089488105990e-01 6.312665091810e+04
2.012551472821e+03 1.020000000000e+00 4.351507555516e+01 4.900000000000e+00 4.437235815122e+00 4.786239471967e+02 -2.308164005649e+00 -8.578620730838e-01 7.702258386273e+01 -2.688733369126e+01 2.049161916395e+01 5.994682527321e-01 6.286169768239e+04
2.012551586861e+03 1.020000000000e+00 4.351507555516e+01 4.900000000000e+00 4.408721776461e+00 4.788590257181e+02 -2.200958093031e+00 -7.561261494770e-01 7.624802038796e+01 -2.686826613542e+01 2.013067286535e+01 5.982282082693e-01 6.263164534249e+04
2.012551700901e+03 1.020000000000e+00 4.351507555516e+01 4.900000000000e+00 4.392329945366e+00 4.789723715159e+02 -2.161366716487e+00 -6.525255628691e-01 7.578904248135e+01 -2.685433055626e+01 1.985201261551e+01 6.074456293307e-01 6.248688951267e+04
2.012551814942e+03 1.020000000000e+00 4.351507555516e+01 4.900000000000e+00 4.380094515727e+00 4.790321116535e+02 -2.150824607315e+00 -5.510806878981e-01 7.543287694712e+01 -2.684484324760e+01 1.961159018342e+01 6.324241053983e-01 6.236706907684e+04
2.012551928982e+03 1.020000000000e+00 4.441507555516e+01 5.000000000000e+00 4.377565808272e+00 4.789884944692e+02 -2.076275186482e+00 -4.780145279484e-01 7.531137151699e+01 -2.696760013572e+01 1.945552557901e+01 6.255637319490e-01 6.230236315190e+04
2.012552043022e+03 1.020000000000e+00 4.441507555516e+01 5.000000000000e+00 4.365962281103e+00 4.789497697255e+02 -2.097659055035e+00 -3.893743212671e-01 7.498387267771e+01 -2.695427609922e+01 1.924733199245e+01 6.472817526824e-01 6.219627437506e+04
2.012552157062e+03 1.020000000000e+00 4.441507555516e+01 5.000000000000e+00 4.356412312943e+00 4.788390367180e+02 -2.160457826848e+00 -3.154237328895e-01 7.470418401995e+01 -2.694486875408e+01 1.909490052370e+01 6.526725958641e-01 6.210006694328e+04
2.012552271103e+03 1.020000000000e+00 4.441507555516e+01 5.000000000000e+00 4.349045280196e+00 4.786982652647e+02 -2.237973252851e+00 -2.607600625050e-01 7.447562547524e+01 -2.693610314534e+01 1.900207839243e+01 6.485372469917e-01 6.201494450429e+04
2.012552385143e+03 1.020000000000e+00 4.441507555516e+01 5.000000000000e+00 4.342448328235e+00 4.785281412598e+02 -2.316535024947e+00 -2.286069655300e-01 7.426034249313e+01 -2.692216778521e+01 1.892091133000e+01 6.362309005417e-01 6.192964132474e+04
2.012552499183e+03 1.020000000000e+00 4.441507555516e+01 5.000000000000e+00 4.335544444741e+00 4.783243523056e+02 -2.393168630279e+00 -2.128054021574e-01 7.403265848435e+01 -2.689869861196e+01 1.883964221108e+01 6.092418985570e-01 6.183808567441e+04
2.012552613223e+03 1.020000000000e+00 4.441507555516e+01 5.000000000000e+00 4.327794035436e+00 4.780855187913e+02 -2.471975708679e+00 -2.111733836160e-01 7.378240279241e+01 -2.686178325815e+01 1.875706218373e+01 5.618723509812e-01 6.173942486545e+04
2.012552727264e+03 1.020000000000e+00 4.441507555516e+01 5.000000000000e+00 4.318851591325e+00 4.778114380422e+02 -2.561062386004e+00 -2.221510129817e-01 7.350112834257e+01 -2.680880203628e+01 1.866984890415e+01 4.985025235692e-01 6.163143120606e+04
2.012552841304e+03 1.020000000000e+00 4.441507555516e+01 5.000000000000e+00 4.308285661198e+00 4.775040895865e+02 -2.668034051295e+00 -2.441108580577e-01 7.317671720056e+01 -2.673805960055e+01 1.857379737420e+01 4.262388484659e-01 6.150993692058e+04
2.012552955344e+03 1.020000000000e+00 4.441507555516e+01 5.000000000000e+00 4.295444136255e+00 4.771681837267e+02 -2.799887776992e+00 -2.705354073395e-01 7.279341540882e+01 -2.664816559899e+01 1.846675383797e+01 3.503620728323e-01 6.137074473321e+04
2.012553069384e+03 1.020000000000e+00 4.441507555516e+01 5.000000000000e+00 4.279531716529e+00 4.768098530757e+02 -2.961887805002e+00 -2.950944864554e-01 7.233222320534e+01 -2.653901642994e+01 1.834835756423e+01 2.738479529403e-01 6.120876953993e+04
2.012553183425e+03 1.020000000000e+00 4.441507555516e+01 5.000000000000e+00 4.259876456891e+00 4.764341073899e+02 -3.156522961704e+00 -3.147564883783e-01 7.177685632426e+01 -2.641250408764e+01 1.821969719382e+01 1.979218345674e-01 6.101917445657e+04
2.012553297465e+03 1.020000000000e+00 4.441507555516e+01 5.000000000000e+00 4.235994368626e+00 4.760429361160e+02 -3.383421818875e+00 -3.280117341248e-01 7.111519937579e+01 -2.627198692921e+01 1.808297750700e+01 1.232347700521e-01 6.079764729498e+04
2.012553411505e+03 1.020000000000e+00 4.441507555516e+01 5.000000000000e+00 4.207650149692e+00 4.756368172458e+02 -3.639382053268e+00 -3.330757260293e-01 7.034075563362e+01 -2.612089409213e+01 1.794149943022e+01 5.052609681399e-02 6.054073346196e+04
2.012553525545e+03 1.020000000000e+00 4.441507555516e+01 5.000000000000e+00 4.175258164764e+00 4.752179821374e+02 -3.917417289936e+00 -3.310629179122e-01 6.946179234110e+01 -2.596273143299e+01 1.780040122467e+01 -1.961244533636e-02 6.024810535576e+04
2.012553639586e+03 1.020000000000e+00 4.441507555516e+01 5.000000000000e+00 4.138837965343e+00 4.747784424163e+02 -4.212011704808e+00 -3.243725809362e-01 6.847611334765e+01 -2.580083112019e+01 1.765872560032e+01 -8.647168359366e-02 5.991581942061e+04
2.012553753626e+03 1.020000000000e+00 4.441507555516e+01 5.000000000000e+00 4.099474062352e+00 4.743173274381e+02 -4.513854901602e+00 -3.137387494725e-01 6.740807171867e+01 -2.563777837956e+01 1.751952835804e+01 -1.501110605678e-01 5.954760207973e+04
2.012553867666e+03 1.020000000000e+00 4.441507555516e+01 5.000000000000e+00 4.058026620707e+00 4.738286651921e+02 -4.815805648345e+00 -3.028581777508e-01 6.627645680727e+01 -2.547512199558e+01 1.738213477711e+01 -2.116385641443e-01 5.914586727398e+04
2.012553981706e+03 1.020000000000e+00 4.441507555516e+01 5.000000000000e+00 4.015268542945e+00 4.733051744019e+02 -5.112360525381e+00 -2.935994262188e-01 6.509843097310e+01 -2.531277838059e+01 1.724455147608e+01 -2.717416021249e-01 5.871313948964e+04
2.012554095747e+03 1.020000000000e+00 4.441507555516e+01 5.000000000000e+00 3.971773660517e+00 4.727386600553e+02 -5.400874878089e+00 -2.858809633877e-01 6.388726222243e+01 -2.514917409462e+01 1.710285387167e+01 -3.294234850536e-01 5.825168545399e+04
2.012554209787e+03 1.020000000000e+00 4.441507555516e+01 5.000000000000e+00 3.927988365710e+00 4.721232336334e+02 -5.682687684418e+00 -2.780899394727e-01 6.265447920988e+01 -2.498094050665e+01 1.695013409604e+01 -3.819820923052e-01 5.776436583391e+04
2.012554323827e+03 1.020000000000e+00 4.441507555516e+01 5.000000000000e+00 3.884350887500e+00 4.714610565188e+02 -5.965410893991e+00 -2.672882270469e-01 6.141367719111e+01 -2.480108470574e+01 1.677796470558e+01 -4.256297792556e-01 5.725641042679e+04
2.012554437867e+03 1.020000000000e+00 4.441507555516e+01 5.000000000000e+00 3.841308819186e+00 4.707647988585e+02 -6.264121444812e+00 -2.523290391474e-01 6.018202577791e+01 -2.459879032118e+01 1.658209448858e+01 -4.566667291420e-01 5.673674125630e+04
2.012554551908e+03 1.020000000000e+00 4.441507555516e+01 5.000000000000e+00 3.799707372165e+00 4.700520897797e+02 -6.594018638909e+00 -2.354225232877e-01 5.898916076976e+01 -2.436376732707e+01 1.636926337780e+01 -4.733779172494e-01 5.622092849609e+04
2.012554665948e+03 1.020000000000e+00 4.541507555516e+01 5.100000000000e+00 3.821892766647e+00 4.699972483260e+02 -6.515569116491e+00 -2.453624211671e-01 5.944657764065e+01 -2.443035991968e+01 1.653414653792e+01 -4.741244973831e-01 5.632461288613e+04
2.012554779988e+03 1.020000000000e+00 4.541507555516e+01 5.100000000000e+00 3.790159417311e+00 4.693376260709e+02 -6.820893307593e+00 -2.365007377398e-01 5.848962205996e+01 -2.417439948635e+01 1.637196752696e+01 -4.835159002779e-01 5.588190082995e+04
2.012554894028e+03 1.020000000000e+00 4.541507555516e+01 5.100000000000e+00 3.765972164638e+00 4.687318320998e+02 -7.063999722575e+00 -2.421683800028e-01 5.772664611591e+01 -2.392202022082e+01 1.625840472102e+01 -4.968891709394e-01 5.550747836522e+04
2.012555008069e+03 1.020000000000e+00 4.541507555516e+01 5.100000000000e+00 3.749879437402e+00 4.682405215629e+02 -7.166716551790e+00 -2.849123950258e-01 5.716898960815e+01 -2.370478021053e+01 1.619388597764e+01 -5.106570152584e-01 5.520750751304e+04
2.012555122109e+03 1.020000000000e+00 4.541507555516e+01 5.100000000000e+00 3.751855966706e+00 4.679881194333e+02 -7.130173801650e+00 -3.656244924083e-01 5.703157390999e+01 -2.354791992151e+01 1.625376273883e+01 -5.269713030683e-01 5.504620559585e+04
2.012555236149e+03 1.020000000000e+00 4.541507555516e+01 5.100000000000e+00 3.782606628918e+00 4.680162339588e+02 -6.969100901970e+00 -4.720761180246e-01 5.753966378710e+01 -2.346570666270e+01 1.653027642692e+01 -5.484081320807e-01 5.508514768870e+04
2.012555350189e+03 1.020000000000e+00 4.541507555516e+01 5.100000000000e+00 3.827783477027e+00 4.681402633612e+02 -6.644802177828e+00 -5.875423430497e-01 5.836199122350e+01 -2.346235545541e+01 1.694127860605e+01 -5.676082909055e-01 5.521300527676e+04
2.012555464230e+03 1.020000000000e+00 4.541507555516e+01 5.100000000000e+00 3.878041905480e+00 4.682759898364e+02 -6.246373841457e+00 -6.976397303716e-01 5.929849932220e+01 -2.353267284817e+01 1.740602974399e+01 -5.776483519882e-01 5.537219713837e+04
2.012555578270e+03 1.020000000000e+00 4.541507555516e+01 5.100000000000e+00 3.925617782802e+00 4.683965104082e+02 -5.831352533222e+00 -7.890614058749e-01 6.017005449025e+01 -2.365854611675e+01 1.788300802947e+01 -5.783967159191e-01 5.550549636579e+04
2.012555692310e+03 1.020000000000e+00 4.541507555516e+01 5.100000000000e+00 3.965597990773e+00 4.684753086622e+02 -5.438890823360e+00 -8.501265002020e-01 6.085515026912e+01 -2.381195308036e+01 1.832717053529e+01 -5.730627087922e-01 5.557187856367e+04
2.012555806350e+03 1.020000000000e+00 4.541507555516e+01 5.100000000000e+00 3.996225819619e+00 4.684071974449e+02 -5.091093023698e+00 -8.842596425274e-01 6.131246594226e+01 -2.396327099111e+01 1.870907908871e+01 -5.582415905257e-01 5.556045930663e+04
2.012555920391e+03 1.020000000000e+00 4.541507555516e+01 5.100000000000e+00 4.020144530174e+00 4.681724537378e+02 -4.796506150459e+00 -9.063406045508e-01 6.160571327387e+01 -2.409396554883e+01 1.902708175412e+01 -5.381315911984e-01 5.549394787043e+04
2.012556034431e+03 1.020000000000e+00 4.541507555516e+01 5.100000000000e+00 4.040515818595e+00 4.678401595757e+02 -4.554569838528e+00 -9.167777060146e-01 6.180648256918e+01 -2.419623198142e+01 1.928677986978e+01 -5.132974352852e-01 5.539397026602e+04
2.012556148471e+03 1.020000000000e+00 4.541507555516e+01 5.100000000000e+00 4.058881746652e+00 4.674321598186e+02 -4.359440938598e+00 -9.206188488893e-01 6.195370688256e+01 -2.426941752504e+01 1.948914042221e+01 -4.847646537258e-01 5.527456172082e+04
2.012556262511e+03 1.020000000000e+00 4.541507555516e+01 5.100000000000e+00 4.076125808236e+00 4.669569972682e+02 -4.201000521591e+00 -9.251212744629e-01 6.207436464649e+01 -2.431776180016e+01 1.963595857954e+01 -4.551786984280e-01 5.514786418976e+04
2.012556376552e+03 1.020000000000e+00 4.541507555516e+01 5.100000000000e+00 4.092848423458e+00 4.664212464683e+02 -4.062038216155e+00 -9.345647686674e-01 6.218335101673e+01 -2.434728567712e+01 1.973589395265e+01 -4.247729890119e-01 5.501893309219e+04
2.012556490592e+03 1.020000000000e+00 4.541507555516e+01 5.100000000000e+00 4.109956953418e+00 4.658379828631e+02 -3.926278975947e+00 -9.514738179371e-01 6.230080435454e+01 -2.436313218956e+01 1.980121665184e+01 -3.938047117481e-01 5.489328918832e+04
2.012556604632e+03 1.020000000000e+00 4.541507555516e+01 5.100000000000e+00 4.129137548622e+00 4.652319159055e+02 -3.784538443259e+00 -9.773631416192e-01 6.246579077152e+01 -2.436836569576e+01 1.984544784664e+01 -3.631977131434e-01 5.478273690244e+04
2.012556718672e+03 1.020000000000e+00 4.541507555516e+01 5.100000000000e+00 4.152320967308e+00 4.646336013351e+02 -3.630946374880e+00 -1.014868402076e+00 6.272369105927e+01 -2.436456233648e+01 1.988431114644e+01 -3.357009593294e-01 5.470136763758e+04
2.012556832713e+03 1.020000000000e+00 4.541507555516e+01 5.100000000000e+00 4.180680059357e+00 4.640659384668e+02 -3.463830311433e+00 -1.067176060683e+00 6.310362990884e+01 -2.435298819918e+01 1.992765906262e+01 -3.127396082005e-01 5.465905441332e+04
2.012556946753e+03 1.020000000000e+00 4.541507555516e+01 5.100000000000e+00 4.211896065572e+00 4.635208033877e+02 -3.270906874045e+00 -1.127901388838e+00 6.355485146878e+01 -2.433702152815e+01 1.998673162406e+01 -2.864004001224e-01 5.464178282810e+04
2.012557060793e+03 1.020000000000e+00 4.541507555516e+01 5.100000000000e+00 4.242151143442e+00 4.629649034373e+02 -3.063447262819e+00 -1.187560316790e+00 6.398701754394e+01 -2.432300505196e+01 2.005275848865e+01 -2.501219663522e-01 5.462119010544e+04
2.012557174833e+03 1.020000000000e+00 4.541507555516e+01 5.100000000000e+00 4.268734985242e+00 4.623599174670e+02 -2.890039178621e+00 -1.238107980551e+00 6.432993695125e+01 -2.431664392679e+01 2.008956356289e+01 -2.028914311295e-01 5.457223447317e+04
2.012557288874e+03 1.020000000000e+00 4.541507555516e+01 5.100000000000e+00 4.291134245906e+00 4.616827786965e+02 -2.799567646245e+00 -1.271272091567e+00 6.455990673664e+01 -2.432003416916e+01 2.004482516111e+01 -1.446201014303e-01 5.448164088560e+04
2.012557402914e+03 1.020000000000e+00 4.631507555516e+01 5.200000000000e+00 4.316234672923e+00 4.619356535861e+02 -2.807250301447e+00 -1.257325433424e+00 6.530893868061e+01 -2.451671698089e+01 1.974122459369e+01 -7.244679150014e-02 5.479568801979e+04
2.012557516954e+03 1.020000000000e+00 4.631507555516e+01 5.200000000000e+00 4.324363599655e+00 4.610984645525e+02 -2.822366788061e+00 -1.253740453304e+00 6.514225604988e+01 -2.454941531555e+01 1.947812608878e+01 1.621462509701e-02 5.455362843196e+04
2.012557630994e+03 1.020000000000e+00 4.631507555516e+01 5.200000000000e+00 4.311936169013e+00 4.600422925455e+02 -2.896097421677e+00 -1.232132906951e+00 6.448931409570e+01 -2.460332970868e+01 1.911234522360e+01 1.171366660680e-01 5.416320812866e+04
2.012557745035e+03 1.020000000000e+00 4.631507555516e+01 5.200000000000e+00 4.283599328795e+00 4.588261012908e+02 -2.987007193697e+00 -1.197730868683e+00 6.348795288634e+01 -2.467296272499e+01 1.863084918825e+01 2.149601903866e-01 5.367567765207e+04
2.012557859075e+03 1.020000000000e+00 4.631507555516e+01 5.200000000000e+00 4.242093657725e+00 4.575045088015e+02 -3.041291213816e+00 -1.163726032324e+00 6.223295094762e+01 -2.475008582278e+01 1.810209630742e+01 2.985374805171e-01 5.313021263289e+04
2.012557973115e+03 1.020000000000e+00 4.631507555516e+01 5.200000000000e+00 4.186994834228e+00 4.561050826295e+02 -3.055947270227e+00 -1.137676666709e+00 6.075281466519e+01 -2.483189569028e+01 1.759546919289e+01 3.602593337912e-01 5.254975881314e+04
2.012558087155e+03 1.020000000000e+00 4.631507555516e+01 5.200000000000e+00 4.117691837998e+00 4.546319799258e+02 -3.041499392787e+00 -1.123198848497e+00 5.906020364210e+01 -2.492382211953e+01 1.718900499040e+01 3.953847552198e-01 5.194597037921e+04
2.012558201196e+03 1.020000000000e+00 4.631507555516e+01 5.200000000000e+00 4.038597783334e+00 4.530977160419e+02 -2.958344438191e+00 -1.117841875319e+00 5.725783090197e+01 -2.503308707667e+01 1.689317967013e+01 4.090096929270e-01 5.134727844828e+04
2.012558315236e+03 1.020000000000e+00 4.631507555516e+01 5.200000000000e+00 3.952381190853e+00 4.515051354034e+02 -2.731986786461e+00 -1.128105535234e+00 5.539110288363e+01 -2.516232750471e+01 1.666148665737e+01 4.064318072265e-01 5.075686248662e+04
2.012558429276e+03 1.020000000000e+00 4.631507555516e+01 5.200000000000e+00 3.860907474751e+00 4.498608361855e+02 -2.368246177835e+00 -1.165087931745e+00 5.347362693338e+01 -2.531375047771e+01 1.647826165215e+01 3.915705815414e-01 5.016072713681e+04
2.012558543316e+03 1.020000000000e+00 4.631507555516e+01 5.200000000000e+00 3.766482461208e+00 4.481689885231e+02 -1.893190583350e+00 -1.235467593856e+00 5.152870926810e+01 -2.549336996769e+01 1.643264225379e+01 3.588661460389e-01 4.954806186650e+04
2.012558657356e+03 1.020000000000e+00 4.631507555516e+01 5.200000000000e+00 3.671815330843e+00 4.464212901631e+02 -1.338687928966e+00 -1.332915797213e+00 4.960618672773e+01 -2.570920573312e+01 1.652506230911e+01 2.989343821178e-01 4.892923110848e+04
2.012558771397e+03 1.020000000000e+00 4.631507555516e+01 5.200000000000e+00 3.579595686228e+00 4.446155522615e+02 -7.155920777769e-01 -1.453966847729e+00 4.770964015786e+01 -2.597350339844e+01 1.669776511939e+01 2.226986388136e-01 4.827068122499e+04
2.012558885437e+03 1.020000000000e+00 4.631507555516e+01 5.200000000000e+00 3.492182735681e+00 4.427594084377e+02 -4.597085536693e-03 -1.602402466619e+00 4.587650271299e+01 -2.630255339928e+01 1.694461327897e+01 1.361116438733e-01 4.757755553243e+04
