VARIABLES="time" "Distance" "lon" "lat" "density" "Vx" "Vy" "Vz" "p" "Bx" "By" "Bz" "T"
ZONE
DT=(DOUBLE DOUBLE DOUBLE DOUBLE DOUBLE DOUBLE DOUBLE DOUBLE DOUBLE DOUBLE DOUBLE DOUBLE DOUBLE )
2.012529234973e+03 1.020000000000e+00 3.591507555516e+01 4.200000000000e+00 3.652711505346e+00 4.177684221488e+02 7.070546155698e+00 -2.495022167756e+00 5.448854049228e+01 2.589592908127e+01 -8.701723017045e+00 -1.704747534736e+00 5.393331811807e+04
2.012529349013e+03 1.020000000000e+00 3.591507555516e+01 4.200000000000e+00 3.903202833374e+00 4.158196115199e+02 7.340565587187e+00 -1.329583821007e+00 5.995003876155e+01 2.288904737657e+01 -8.715980294206e+00 -5.343045652393e-01 5.552091706599e+04
2.012529463053e+03 1.020000000000e+00 3.591507555516e+01 4.200000000000e+00 4.208302510863e+00 4.143577701154e+02 7.379797602364e+00 -4.683467205378e-01 6.683595230242e+01 1.979479978681e+01 -8.630231237902e+00 4.775235883051e-01 5.741999675801e+04
2.012529577093e+03 1.020000000000e+00 3.591507555516e+01 4.200000000000e+00 4.521065477482e+00 4.130516063724e+02 7.252663438103e+00 3.731898310541e-02 7.409478726903e+01 1.679155663372e+01 -8.473536063887e+00 1.174904151339e+00 5.927367953126e+04
2.012529691134e+03 1.020000000000e+00 3.591507555516e+01 4.200000000000e+00 4.810908225710e+00 4.117652850988e+02 6.690424865382e+00 2.137844398206e-01 8.097763615994e+01 1.409177881491e+01 -8.299599059344e+00 1.511862639614e+00 6.089916541255e+04
2.012529805174e+03 1.020000000000e+00 3.591507555516e+01 4.200000000000e+00 5.066306087800e+00 4.104882391854e+02 5.506774891593e+00 1.302762661278e-01 8.715613141516e+01 1.184854255748e+01 -8.124906680124e+00 1.636758503909e+00 6.226142857226e+04
2.012529919214e+03 1.020000000000e+00 3.591507555516e+01 4.200000000000e+00 5.278334277020e+00 4.092336498352e+02 3.901115525303e+00 -3.146558901171e-01 9.236497109124e+01 1.010127823092e+01 -7.946145870004e+00 1.617046144366e+00 6.334727199225e+04
2.012530033254e+03 1.020000000000e+00 3.591507555516e+01 4.200000000000e+00 5.438415091503e+00 4.079879198204e+02 2.231460108717e+00 -9.870429345143e-01 9.657256115127e+01 8.782367248054e+00 -7.678240813423e+00 1.440013352031e+00 6.429240254744e+04
2.012530147295e+03 1.020000000000e+00 3.681507555516e+01 4.300000000000e+00 5.551844427043e+00 4.098110267439e+02 1.035310309332e+00 -2.269222294287e+00 9.760426406825e+01 1.103231125370e+01 -9.544930443406e+00 8.568938227319e-01 6.365780544410e+04
2.012530261335e+03 1.020000000000e+00 3.681507555516e+01 4.300000000000e+00 5.480315114719e+00 4.086357437318e+02 -4.146415041162e-01 -2.716695873943e+00 1.008032480619e+02 1.001309761383e+01 -8.556646803558e+00 9.343077759416e-02 6.660542502735e+04
2.012530375375e+03 1.020000000000e+00 3.681507555516e+01 4.300000000000e+00 5.363698712392e+00 4.075158606601e+02 -1.533306927925e+00 -3.111510249663e+00 1.027415884957e+02 9.054747465236e+00 -7.480332831798e+00 -5.450961592020e-01 6.936544779973e+04
2.012530489415e+03 1.020000000000e+00 3.681507555516e+01 4.300000000000e+00 5.231056537670e+00 4.062044276155e+02 -2.185394070449e+00 -3.362626547132e+00 1.028870092392e+02 8.036715483932e+00 -6.245957809711e+00 -9.397132639965e-01 7.122917171752e+04
2.012530603456e+03 1.020000000000e+00 3.681507555516e+01 4.300000000000e+00 5.082420832041e+00 4.043295967203e+02 -2.446773516704e+00 -3.452495136468e+00 1.007675057323e+02 6.846181740267e+00 -4.634230882542e+00 -1.087031378070e+00 7.180342192170e+04
2.012530717496e+03 1.020000000000e+00 3.681507555516e+01 4.300000000000e+00 4.939247001056e+00 4.020623564029e+02 -2.434429155272e+00 -3.409477804910e+00 9.782372340856e+01 5.394752258188e+00 -2.827414391575e+00 -1.103213369805e+00 7.172632430202e+04
2.012530831536e+03 1.020000000000e+00 3.681507555516e+01 4.300000000000e+00 4.814625999147e+00 3.994822715487e+02 -1.883648361950e+00 -3.057081902323e+00 9.485317488146e+01 3.622082590642e+00 -9.447161920832e-01 -9.700881785947e-01 7.134907619018e+04
2.012530945576e+03 1.020000000000e+00 3.681507555516e+01 4.300000000000e+00 4.705092723779e+00 3.965639110606e+02 -6.859141544468e-01 -2.126468138502e+00 9.207156497695e+01 1.498253453362e+00 1.040293108416e+00 -5.410757638171e-01 7.087141142184e+04
2.012531059617e+03 1.020000000000e+00 3.681507555516e+01 4.300000000000e+00 4.609692804909e+00 3.933197519942e+02 1.128613974079e+00 -8.917888371793e-01 8.933273965838e+01 -9.855418457651e-01 3.212943449818e+00 1.448772708219e-01 7.018756051559e+04
2.012531173657e+03 1.020000000000e+00 3.681507555516e+01 4.300000000000e+00 4.527716941893e+00 3.898409779434e+02 3.225825056518e+00 2.992154270557e-01 8.603117437312e+01 -3.815543421701e+00 5.577059283836e+00 8.214044579918e-01 6.882006287432e+04
2.012531287697e+03 1.020000000000e+00 3.681507555516e+01 4.300000000000e+00 4.475656873307e+00 3.862759194279e+02 5.464116923667e+00 1.268396840925e+00 8.228004584564e+01 -6.956091043268e+00 8.104027777443e+00 1.316743723617e+00 6.658260314638e+04
2.012531401737e+03 1.020000000000e+00 3.681507555516e+01 4.300000000000e+00 4.468252580304e+00 3.827392164662e+02 7.747283522377e+00 1.984929991934e+00 7.827516202661e+01 -1.032932902012e+01 1.074346158677e+01 1.624076502170e+00 6.343353455353e+04
2.012531515778e+03 1.020000000000e+00 3.681507555516e+01 4.300000000000e+00 4.476779220841e+00 3.792832619838e+02 9.993784202191e+00 2.481497751807e+00 7.381689342869e+01 -1.382130360354e+01 1.341283889296e+01 1.801306285428e+00 5.969044838787e+04
2.012531629818e+03 1.020000000000e+00 3.681507555516e+01 4.300000000000e+00 4.486806911298e+00 3.759750008771e+02 1.211212274447e+01 2.731744026441e+00 6.852158273163e+01 -1.729781835955e+01 1.605170507250e+01 1.864154580613e+00 5.526988737169e+04
2.012531743858e+03 1.020000000000e+00 3.681507555516e+01 4.300000000000e+00 4.494505364074e+00 3.729269593400e+02 1.400581479476e+01 2.789406957586e+00 6.278061309355e+01 -2.063229765245e+01 1.860940069256e+01 1.814024014872e+00 5.054326289485e+04
2.012531857898e+03 1.020000000000e+00 3.681507555516e+01 4.300000000000e+00 4.504511847086e+00 3.702176134248e+02 1.559529517384e+01 2.705992847926e+00 5.706323472898e+01 -2.372667407667e+01 2.097872817216e+01 1.604097334632e+00 4.583882010356e+04
2.012531971939e+03 1.020000000000e+00 3.681507555516e+01 4.300000000000e+00 4.524392931453e+00 3.678712696154e+02 1.682551400714e+01 2.487581224661e+00 5.179938686389e+01 -2.651097638059e+01 2.308177839019e+01 1.211588991842e+00 4.144193964049e+04
2.012532085979e+03 1.020000000000e+00 3.681507555516e+01 4.300000000000e+00 4.560386501979e+00 3.658760023997e+02 1.767192855622e+01 2.158869932052e+00 4.732954055860e+01 -2.895061529112e+01 2.489774697253e+01 6.538143053952e-01 3.758993980866e+04
2.012532200019e+03 1.020000000000e+00 3.681507555516e+01 4.300000000000e+00 4.618657107697e+00 3.642403883746e+02 1.818295397853e+01 1.864106068571e+00 4.388296019536e+01 -3.105285862506e+01 2.645913951496e+01 9.698587071859e-02 3.443159290685e+04
2.012532314059e+03 1.020000000000e+00 3.681507555516e+01 4.300000000000e+00 4.703898121533e+00 3.629515824175e+02 1.841161744729e+01 1.694979042262e+00 4.140360460447e+01 -3.283575820639e+01 2.777201555915e+01 -3.453015729354e-01 3.190817537348e+04
2.012532428100e+03 1.020000000000e+00 3.681507555516e+01 4.300000000000e+00 4.807200979168e+00 3.620716636504e+02 1.839371671767e+01 1.631291666572e+00 3.975915749455e+01 -3.433531298878e+01 2.886579193544e+01 -6.113616157930e-01 2.998531538843e+04
2.012532542140e+03 1.020000000000e+00 3.681507555516e+01 4.300000000000e+00 4.910669678895e+00 3.616399817782e+02 1.814811524217e+01 1.651665427448e+00 3.862251312530e+01 -3.558923900930e+01 2.983914167232e+01 -7.260361078165e-01 2.850241387125e+04
2.012532656180e+03 1.020000000000e+00 3.681507555516e+01 4.300000000000e+00 5.036598918386e+00 3.617452358317e+02 1.753258374770e+01 1.820799767689e+00 3.818327324388e+01 -3.662211505967e+01 3.066551044165e+01 -7.289649462350e-01 2.746967092680e+04
2.012532770220e+03 1.020000000000e+00 3.681507555516e+01 4.300000000000e+00 5.163021914870e+00 3.624776734152e+02 1.647024441798e+01 2.195823687586e+00 3.845651900773e+01 -3.743129569920e+01 3.140932159125e+01 -5.795363686765e-01 2.699007349068e+04
2.012532884261e+03 1.020000000000e+00 3.781507555516e+01 4.400000000000e+00 5.172339108698e+00 3.591512748832e+02 1.787855962699e+01 2.182765300712e+00 3.945304377992e+01 -3.629644912622e+01 3.061221774143e+01 -6.791301193298e-01 2.764483958341e+04
2.012532998301e+03 1.020000000000e+00 3.781507555516e+01 4.400000000000e+00 5.361986165386e+00 3.600837324907e+02 1.663449065745e+01 2.601428087621e+00 4.011228791583e+01 -3.714003887972e+01 3.136108046682e+01 -4.005871300466e-01 2.709623728315e+04
2.012533112341e+03 1.020000000000e+00 3.781507555516e+01 4.400000000000e+00 5.564517299889e+00 3.616889967583e+02 1.497925400857e+01 3.160077373173e+00 4.155292499491e+01 -3.777368883493e+01 3.201547945870e+01 1.694357378413e-02 2.702622158819e+04
2.012533226381e+03 1.020000000000e+00 3.781507555516e+01 4.400000000000e+00 5.778236969868e+00 3.636266007579e+02 1.303128391037e+01 3.844055293509e+00 4.345715242521e+01 -3.820740608711e+01 3.255919835334e+01 6.060096363924e-01 2.717952174161e+04
2.012533340422e+03 1.020000000000e+00 3.781507555516e+01 4.400000000000e+00 6.062678005423e+00 3.661329439549e+02 1.068660088148e+01 4.567156168816e+00 4.637255189020e+01 -3.846080271180e+01 3.285201699797e+01 1.296754893384e+00 2.762368998530e+04
2.012533454462e+03 1.020000000000e+00 3.781507555516e+01 4.400000000000e+00 6.360494195098e+00 3.689616329821e+02 8.186076368054e+00 5.261567907893e+00 4.978228596574e+01 -3.857173041686e+01 3.293204356981e+01 2.015499692520e+00 2.827259114412e+04
2.012533568502e+03 1.020000000000e+00 3.781507555516e+01 4.400000000000e+00 6.600503561351e+00 3.718115873262e+02 5.713664906478e+00 5.892864672921e+00 5.313307384694e+01 -3.858397124037e+01 3.284516151286e+01 2.688496896781e+00 2.910084947709e+04
2.012533682542e+03 1.020000000000e+00 3.781507555516e+01 4.400000000000e+00 6.741871786049e+00 3.745001544290e+02 3.372512575765e+00 6.425224452819e+00 5.614073794162e+01 -3.854287786729e+01 3.261530588263e+01 3.248320437201e+00 3.014122331444e+04
2.012533796583e+03 1.020000000000e+00 3.781507555516e+01 4.400000000000e+00 6.816924120601e+00 3.768810016050e+02 1.236626330615e+00 6.842921616247e+00 5.862259132012e+01 -3.849649568614e+01 3.222433341712e+01 3.658931837091e+00 3.117621702631e+04
2.012533910623e+03 1.020000000000e+00 3.781507555516e+01 4.400000000000e+00 6.794975885461e+00 3.788606055861e+02 -6.138287519059e-01 7.153784357533e+00 6.039283283060e+01 -3.847691973221e+01 3.169149961429e+01 3.922137737262e+00 3.224568897744e+04
2.012534024663e+03 1.020000000000e+00 3.781507555516e+01 4.400000000000e+00 6.686646780336e+00 3.804121219198e+02 -2.146174584414e+00 7.372480717630e+00 6.130629463618e+01 -3.850312727761e+01 3.110593059510e+01 4.061079330816e+00 3.325740033000e+04
2.012534138703e+03 1.020000000000e+00 3.781507555516e+01 4.400000000000e+00 6.525546901947e+00 3.815229808692e+02 -3.342196644065e+00 7.496641086913e+00 6.141493916119e+01 -3.857964837098e+01 3.050337990325e+01 4.046568030478e+00 3.412550608738e+04
2.012534252744e+03 1.020000000000e+00 3.781507555516e+01 4.400000000000e+00 6.348826225092e+00 3.821915039325e+02 -4.232040705563e+00 7.496472812552e+00 6.083028002013e+01 -3.869743671609e+01 2.987641778498e+01 3.859829799578e+00 3.472753673539e+04
2.012534366784e+03 1.020000000000e+00 3.781507555516e+01 4.400000000000e+00 6.150449860554e+00 3.824470380506e+02 -4.847911849961e+00 7.363513285118e+00 5.961513864119e+01 -3.884169873023e+01 2.933175979350e+01 3.532226345880e+00 3.510120074607e+04
2.012534480824e+03 1.020000000000e+00 3.781507555516e+01 4.400000000000e+00 5.941623738451e+00 3.822910406903e+02 -5.247262694931e+00 7.115126590345e+00 5.778196460730e+01 -3.902237683693e+01 2.890859735606e+01 3.051330137181e+00 3.518060476593e+04
2.012534594864e+03 1.020000000000e+00 3.781507555516e+01 4.400000000000e+00 5.702258111922e+00 3.814610536069e+02 -5.391170798182e+00 6.829012609445e+00 5.500133616905e+01 -3.918064936952e+01 2.856595014361e+01 2.494005986155e+00 3.484875607632e+04
2.012534708905e+03 1.020000000000e+00 3.781507555516e+01 4.400000000000e+00 5.486194315898e+00 3.803067430079e+02 -5.288954416564e+00 6.628903514168e+00 5.213828926390e+01 -3.904252718345e+01 2.828851915381e+01 2.073415893551e+00 3.431462129844e+04
2.012534822945e+03 1.020000000000e+00 3.781507555516e+01 4.400000000000e+00 6.057645438825e+00 3.974515528911e+02 -2.893662376123e+00 -5.578316841775e-01 1.956566311616e+02 -4.022421592673e+01 3.406365146450e+01 -1.983504689772e+00 1.020079502769e+05
2.012534936985e+03 1.020000000000e+00 3.781507555516e+01 4.400000000000e+00 1.159535475323e+01 5.049888628643e+02 1.235836813732e+01 -3.361058685029e+01 1.721320369917e+03 -4.671221554897e+01 8.297635162026e+01 -1.782256421585e+01 5.236903234753e+05
2.012535051025e+03 1.020000000000e+00 3.781507555516e+01 4.400000000000e+00 1.698914131484e+01 5.647829125104e+02 2.165299045649e+01 -4.947960434884e+01 3.304281721867e+03 -4.966769954424e+01 1.212574132232e+02 -2.310025636964e+01 7.044473343476e+05
2.012535165066e+03 1.020000000000e+00 3.781507555516e+01 4.400000000000e+00 1.768918346419e+01 5.705944222228e+02 2.401241948864e+01 -4.936683298221e+01 3.390753428034e+03 -4.698126079834e+01 1.221424808518e+02 -1.792093151891e+01 6.942193866790e+05
2.012535279106e+03 1.020000000000e+00 3.781507555516e+01 4.400000000000e+00 1.739955149371e+01 5.658323159377e+02 2.198683507552e+01 -4.505644165654e+01 3.154088085323e+03 -4.058866910586e+01 1.080299550213e+02 -9.280196818656e+00 6.564598279284e+05
2.012535393146e+03 1.020000000000e+00 3.781507555516e+01 4.400000000000e+00 1.702461121740e+01 5.578233068151e+02 1.172182491376e+01 -4.177034580263e+01 2.893793704063e+03 -3.473660690563e+01 7.277347873869e+01 -5.240275781620e+00 6.156095971536e+05
2.012535507186e+03 1.020000000000e+00 3.781507555516e+01 4.400000000000e+00 1.687466029824e+01 5.553003806882e+02 -5.519276041204e+00 -4.134771278437e+01 2.760626354357e+03 -3.115253280639e+01 2.905649056621e+01 -4.649059343912e+00 5.925102536526e+05
2.012535621227e+03 1.020000000000e+00 3.871507555516e+01 4.400000000000e+00 1.650848031093e+01 5.537234095614e+02 -1.844253949667e+01 -4.216535890407e+01 2.621295788722e+03 -2.947242661106e+01 -1.123108460270e+01 -8.225681726978e+00 5.751022939022e+05
2.012535735267e+03 1.020000000000e+00 3.871507555516e+01 4.400000000000e+00 1.523702002534e+01 5.532103284089e+02 -3.304508802905e+01 -4.861699669230e+01 2.302634931234e+03 -2.919265172030e+01 -5.969814758063e+01 -2.974396228965e+01 5.474080649280e+05
2.012535849307e+03 1.020000000000e+00 3.871507555516e+01 4.400000000000e+00 1.215982263921e+01 5.512598551357e+02 -4.224474439370e+01 -5.308018023587e+01 1.808051551445e+03 -3.435391849028e+01 -9.712693090695e+01 -5.846113472180e+01 5.403412540703e+05
2.012535963347e+03 1.020000000000e+00 3.871507555516e+01 4.400000000000e+00 8.276371345979e+00 5.459438032814e+02 -4.404171620456e+01 -5.468344112952e+01 1.291371807805e+03 -4.792992139090e+01 -1.099213475898e+02 -8.922191790235e+01 5.676328590088e+05
2.012536077388e+03 1.020000000000e+00 3.871507555516e+01 4.400000000000e+00 5.443159029636e+00 5.399393667271e+02 -4.216066935203e+01 -5.217097202873e+01 8.985568396092e+02 -6.406790040560e+01 -1.079476733547e+02 -1.103693537272e+02 5.987347862784e+05
2.012536191428e+03 1.020000000000e+00 3.871507555516e+01 4.400000000000e+00 4.111478202892e+00 5.367737882291e+02 -3.233559354089e+01 -4.530835924152e+01 6.752301485112e+02 -7.985357117461e+01 -1.008686212515e+02 -1.220041780428e+02 5.936171165118e+05
2.012536305468e+03 1.020000000000e+00 3.871507555516e+01 4.400000000000e+00 3.468010221376e+00 5.334075701152e+02 -1.155881561093e+01 -3.665647125649e+01 5.131153874257e+02 -9.320375278772e+01 -9.086470670573e+01 -1.299530131788e+02 5.346289450671e+05
2.012536419508e+03 1.020000000000e+00 3.871507555516e+01 4.400000000000e+00 3.214908982635e+00 5.320477929126e+02 7.227811391568e+00 -2.812184848555e+01 3.930246183040e+02 -1.034125170126e+02 -8.418727015063e+01 -1.354066465101e+02 4.422370787439e+05
2.012536533549e+03 1.020000000000e+00 3.871507555516e+01 4.400000000000e+00 3.105607251094e+00 5.321705811436e+02 1.997338745839e+01 -1.921437764857e+01 3.001674039676e+02 -1.115587715637e+02 -8.198658265245e+01 -1.383151762738e+02 3.499396379280e+05
2.012536647589e+03 1.020000000000e+00 3.871507555516e+01 4.400000000000e+00 3.036472031770e+00 5.352497269233e+02 2.895969133109e+01 -1.059519160813e+01 2.178079605241e+02 -1.184895705394e+02 -8.717351482721e+01 -1.385048333435e+02 2.594985865462e+05
2.012536761629e+03 1.020000000000e+00 3.871507555516e+01 4.400000000000e+00 2.851971073039e+00 5.390272651835e+02 3.433456494351e+01 -3.726184448110e-01 1.390670579077e+02 -1.237035127567e+02 -1.000120254400e+02 -1.343905497641e+02 1.756674273128e+05
2.012536875669e+03 1.020000000000e+00 3.871507555516e+01 4.400000000000e+00 2.455512387949e+00 5.409607146365e+02 3.804391354760e+01 1.004640110682e+01 7.691095156831e+01 -1.278366540266e+02 -1.153170973271e+02 -1.238541780997e+02 1.125102549163e+05
2.012536989709e+03 1.020000000000e+00 3.871507555516e+01 4.400000000000e+00 2.073994354632e+00 5.406727496073e+02 4.150153712069e+01 1.722462995459e+01 3.887456669947e+01 -1.328879931730e+02 -1.285341985827e+02 -1.101340895171e+02 6.751274686860e+04
2.012537103750e+03 1.020000000000e+00 3.871507555516e+01 4.400000000000e+00 1.849297402862e+00 5.379615338019e+02 4.325019167205e+01 2.045315392291e+01 2.137025476227e+01 -1.384076935793e+02 -1.382389187804e+02 -9.548095383396e+01 4.179781202065e+04
2.012537217790e+03 1.020000000000e+00 3.871507555516e+01 4.400000000000e+00 1.669210068053e+00 5.317145394736e+02 4.362517335806e+01 2.116170660714e+01 1.442235858898e+01 -1.436232382260e+02 -1.444023604272e+02 -8.076341956030e+01 3.128657140991e+04
2.012537331830e+03 1.020000000000e+00 3.871507555516e+01 4.400000000000e+00 1.444412500582e+00 5.243929965322e+02 4.456816455483e+01 1.958324247776e+01 1.057122119899e+01 -1.487330676923e+02 -1.483238484341e+02 -6.674104999847e+01 2.650559874425e+04
2.012537445870e+03 1.020000000000e+00 3.871507555516e+01 4.400000000000e+00 1.229791369196e+00 5.174258215830e+02 4.573975670695e+01 1.669868623728e+01 8.038637227481e+00 -1.537547859272e+02 -1.509739675346e+02 -5.316319637120e+01 2.367315039112e+04
2.012537559911e+03 1.020000000000e+00 3.871507555516e+01 4.400000000000e+00 1.085774853550e+00 5.094866966614e+02 4.700732708743e+01 1.341088866878e+01 6.757054887169e+00 -1.585853736439e+02 -1.519168630349e+02 -3.953845299123e+01 2.253971493863e+04
2.012537673951e+03 1.020000000000e+00 3.871507555516e+01 4.400000000000e+00 1.016321342841e+00 5.004668250691e+02 4.750803541473e+01 9.630600366320e+00 6.298760277371e+00 -1.632730309938e+02 -1.514735390688e+02 -2.582571583217e+01 2.244645514667e+04
2.012537787991e+03 1.020000000000e+00 3.871507555516e+01 4.400000000000e+00 9.774851867478e-01 4.916320132350e+02 4.729552861302e+01 5.925261814086e+00 6.149911379979e+00 -1.677366104777e+02 -1.500597419429e+02 -1.191357822815e+01 2.280292229637e+04
2.012537902031e+03 1.020000000000e+00 3.871507555516e+01 4.400000000000e+00 9.497881172669e-01 4.829552647147e+02 4.655104093406e+01 2.631948968529e+00 6.169325856737e+00 -1.715650041790e+02 -1.474417280747e+02 2.397717469522e+00 2.358108862304e+04
2.012538016072e+03 1.020000000000e+00 3.871507555516e+01 4.400000000000e+00 9.266602461983e-01 4.749533762104e+02 4.588549122819e+01 -6.465017565832e-02 6.152779440752e+00 -1.745631186809e+02 -1.436337082004e+02 1.693933355112e+01 2.414199777564e+04
2.012538130112e+03 1.020000000000e+00 3.871507555516e+01 4.400000000000e+00 9.051701316723e-01 4.675757108635e+02 4.555217275631e+01 -2.270479533175e+00 6.009760227240e+00 -1.764510884978e+02 -1.387083575789e+02 3.129527851630e+01 2.411893781025e+04
2.012538244152e+03 1.020000000000e+00 3.871507555516e+01 4.400000000000e+00 8.847114252789e-01 4.599988393722e+02 4.578489261260e+01 -4.008799933026e+00 5.725076628586e+00 -1.771661107393e+02 -1.324428190934e+02 4.524940299717e+01 2.347432139130e+04
2.012538358192e+03 1.020000000000e+00 3.971507555516e+01 4.500000000000e+00 8.932609596611e-01 4.504893901528e+02 4.311728257235e+01 -7.365588489871e+00 8.534929785248e+00 -1.765057073099e+02 -1.302302340598e+02 6.648593023801e+01 3.353231915699e+04
2.012538472233e+03 1.020000000000e+00 3.971507555516e+01 4.500000000000e+00 8.729527870023e-01 4.429733301126e+02 4.390253622104e+01 -8.494216129039e+00 8.263930748292e+00 -1.753174436834e+02 -1.215043067840e+02 7.948622251537e+01 3.320167679247e+04
2.012538586273e+03 1.020000000000e+00 3.971507555516e+01 4.500000000000e+00 8.523087495653e-01 4.364928969555e+02 4.465249096015e+01 -9.141685821689e+00 7.751772551464e+00 -1.732921494781e+02 -1.121769807370e+02 9.146185500895e+01 3.200686476578e+04
2.012538700313e+03 1.020000000000e+00 3.971507555516e+01 4.500000000000e+00 8.337986472155e-01 4.309548713825e+02 4.557948146584e+01 -9.464151546657e+00 6.976505440729e+00 -1.708383205178e+02 -1.022893842260e+02 1.022735949062e+02 2.958804554388e+04
2.012538814353e+03 1.020000000000e+00 3.971507555516e+01 4.500000000000e+00 8.143889122398e-01 4.264426133196e+02 4.679281021954e+01 -9.469569308142e+00 5.992154392226e+00 -1.680221237102e+02 -9.200738128388e+01 1.117417119380e+02 2.621045514825e+04
2.012538928394e+03 1.020000000000e+00 3.971507555516e+01 4.500000000000e+00 7.990505691451e-01 4.228549417650e+02 4.820352488819e+01 -9.167641964973e+00 4.993825532761e+00 -1.644635136917e+02 -8.165705588760e+01 1.198439740726e+02 2.244167857317e+04
2.012539042434e+03 1.020000000000e+00 3.971507555516e+01 4.500000000000e+00 7.891403141469e-01 4.199810158317e+02 4.985186880604e+01 -8.805343168777e+00 4.118935581817e+00 -1.594709680211e+02 -7.156106909764e+01 1.266814298255e+02 1.886029611146e+04
2.012539156474e+03 1.020000000000e+00 3.971507555516e+01 4.500000000000e+00 7.832731068260e-01 4.177774038604e+02 5.146998708020e+01 -8.428632092608e+00 3.441792076670e+00 -1.535900951588e+02 -6.195298799355e+01 1.323202308970e+02 1.592647793083e+04
2.012539270514e+03 1.020000000000e+00 3.971507555516e+01 4.500000000000e+00 7.788521908127e-01 4.161725136619e+02 5.297538132497e+01 -8.052499006106e+00 2.895812320531e+00 -1.473000434598e+02 -5.306021781996e+01 1.367666848208e+02 1.348899220058e+04
2.012539384555e+03 1.020000000000e+00 3.971507555516e+01 4.500000000000e+00 7.752122327723e-01 4.151824478761e+02 5.403928244085e+01 -7.861809772688e+00 2.440798088799e+00 -1.408560042811e+02 -4.500675238057e+01 1.400820469668e+02 1.141266414834e+04
2.012539498595e+03 1.020000000000e+00 3.971507555516e+01 4.500000000000e+00 7.702434873009e-01 4.146920358571e+02 5.467984206201e+01 -8.094811685470e+00 2.120288025861e+00 -1.345026816707e+02 -3.782212446287e+01 1.424154484637e+02 9.971912650648e+03
2.012539612635e+03 1.020000000000e+00 3.971507555516e+01 4.500000000000e+00 7.603169120124e-01 4.144821437372e+02 5.507729645928e+01 -8.885961294652e+00 1.972010302941e+00 -1.285402431412e+02 -3.137211554250e+01 1.439625415661e+02 9.397217230646e+03
2.012539726675e+03 1.020000000000e+00 3.971507555516e+01 4.500000000000e+00 7.455353988432e-01 4.143517687509e+02 5.560263226663e+01 -1.028258294560e+01 1.964211894896e+00 -1.230388311555e+02 -2.553344421427e+01 1.448052723294e+02 9.546970547526e+03
2.012539840716e+03 1.020000000000e+00 3.971507555516e+01 4.500000000000e+00 7.305347738253e-01 4.142685283615e+02 5.662883693585e+01 -1.249219162279e+01 2.019025212583e+00 -1.179408314717e+02 -2.019359951946e+01 1.450318484458e+02 1.001988016401e+04
2.012539954756e+03 1.020000000000e+00 3.971507555516e+01 4.500000000000e+00 7.116510959378e-01 4.140493553001e+02 5.823876065420e+01 -1.527638743503e+01 2.102228444248e+00 -1.131737259337e+02 -1.533631394501e+01 1.447753785563e+02 1.071138700382e+04
2.012540068796e+03 1.020000000000e+00 3.971507555516e+01 4.500000000000e+00 6.850436280934e-01 4.136707258505e+02 6.056755110965e+01 -1.826851799975e+01 2.162691773359e+00 -1.088151246632e+02 -1.095235642386e+01 1.441865456900e+02 1.145759070761e+04
2.012540182836e+03 1.020000000000e+00 3.971507555516e+01 4.500000000000e+00 6.430262587193e-01 4.130202747256e+02 6.338725121746e+01 -2.137142764514e+01 2.181298637909e+00 -1.049113714014e+02 -6.926607841048e+00 1.433524578565e+02 1.232428892932e+04
2.012540296877e+03 1.020000000000e+00 3.971507555516e+01 4.500000000000e+00 5.899980867599e-01 4.119677924824e+02 6.637894797676e+01 -2.455260802755e+01 2.144413406452e+00 -1.013277682701e+02 -3.118057855010e+00 1.422482095688e+02 1.321311798034e+04
2.012540410917e+03 1.020000000000e+00 3.971507555516e+01 4.500000000000e+00 5.334936532940e-01 4.105598766509e+02 6.887578226023e+01 -2.766277262070e+01 2.068723567020e+00 -9.800544532720e+01 6.355108888979e-01 1.408875521937e+02 1.410084692895e+04
2.012540524957e+03 1.020000000000e+00 3.971507555516e+01 4.500000000000e+00 4.786200101770e-01 4.089563049157e+02 7.052954021688e+01 -3.045327374111e+01 1.998670528627e+00 -9.490580588983e+01 4.452987105814e+00 1.393368157936e+02 1.518685641171e+04
2.012540638997e+03 1.020000000000e+00 3.971507555516e+01 4.500000000000e+00 4.290261124799e-01 4.071783930967e+02 7.099736353714e+01 -3.266093123970e+01 1.967403970968e+00 -9.194157164636e+01 8.438188204131e+00 1.376477888867e+02 1.668933907077e+04
2.012540753038e+03 1.020000000000e+00 3.971507555516e+01 4.500000000000e+00 3.841512483487e-01 4.051491491463e+02 7.049273986876e+01 -3.427327314386e+01 2.069780370305e+00 -8.909378273281e+01 1.277331521275e+01 1.358032266386e+02 1.959368722412e+04
2.012540867078e+03 1.020000000000e+00 3.971507555516e+01 4.500000000000e+00 3.557308093750e-01 4.024588557649e+02 6.674725495824e+01 -3.466131679625e+01 2.516030008587e+00 -8.647114190319e+01 1.766114021081e+01 1.337658721143e+02 2.566382630294e+04
2.012540981118e+03 1.020000000000e+00 3.971507555516e+01 4.500000000000e+00 3.379269847537e-01 3.992014748236e+02 5.979533622334e+01 -3.407182069102e+01 3.207611642090e+00 -8.389982340380e+01 2.339991187084e+01 1.314287376680e+02 3.440592094267e+04
2.012541095158e+03 1.020000000000e+00 4.061507555516e+01 4.600000000000e+00 3.464359926533e-01 3.907846980704e+02 4.744137286868e+01 -3.237767433809e+01 3.882568781485e+00 -7.560283165109e+01 3.185129580066e+01 1.338609542755e+02 4.077143759391e+04
2.012541209199e+03 1.020000000000e+00 4.061507555516e+01 4.600000000000e+00 3.372980783988e-01 3.859519027905e+02 3.824325053229e+01 -2.961455489479e+01 4.326585340517e+00 -7.211558202044e+01 3.915852185044e+01 1.306303619030e+02 4.669507124051e+04
2.012541323239e+03 1.020000000000e+00 4.061507555516e+01 4.600000000000e+00 3.312028223123e-01 3.810977223290e+02 2.975797382344e+01 -2.596016751416e+01 4.534087260251e+00 -6.831531296651e+01 4.653006222032e+01 1.270322833789e+02 4.991511127297e+04
2.012541437279e+03 1.020000000000e+00 4.061507555516e+01 4.600000000000e+00 3.235091283757e-01 3.763679167520e+02 2.308657323516e+01 -2.143221805637e+01 4.512829509453e+00 -6.426017584823e+01 5.351121835940e+01 1.230618710050e+02 5.087507531190e+04
2.012541551319e+03 1.020000000000e+00 4.061507555516e+01 4.600000000000e+00 3.164508073333e-01 3.721285738034e+02 1.887157966542e+01 -1.701685208598e+01 4.341049000414e+00 -6.018973221348e+01 5.976037689232e+01 1.188984889083e+02 5.008780726613e+04
2.012541665360e+03 1.020000000000e+00 4.061507555516e+01 4.600000000000e+00 3.130548580942e-01 3.687568147349e+02 1.695985904633e+01 -1.326286458478e+01 4.075912743667e+00 -5.626126769667e+01 6.500901827670e+01 1.146946633056e+02 4.761919017533e+04
2.012541779400e+03 1.020000000000e+00 4.061507555516e+01 4.600000000000e+00 3.179692205998e-01 3.663227637498e+02 1.653494100255e+01 -1.037721046869e+01 3.817117115586e+00 -5.260558788814e+01 6.925224546524e+01 1.105470159626e+02 4.384959395675e+04
2.012541893440e+03 1.020000000000e+00 4.061507555516e+01 4.600000000000e+00 3.313038612275e-01 3.648420057636e+02 1.808472372439e+01 -8.205636568143e+00 3.641024001430e+00 -4.934547888586e+01 7.275998717649e+01 1.065261124002e+02 4.009052799400e+04
2.012542007480e+03 1.020000000000e+00 4.061507555516e+01 4.600000000000e+00 3.503930228053e-01 3.640372328058e+02 2.144985262753e+01 -6.271146048218e+00 3.531112349090e+00 -4.650230623530e+01 7.555035261378e+01 1.026271493858e+02 3.674370730986e+04
2.012542121521e+03 1.020000000000e+00 4.061507555516e+01 4.600000000000e+00 3.700897778975e-01 3.638888176952e+02 2.546709823448e+01 -4.389132933114e+00 3.455966740744e+00 -4.401961074320e+01 7.783345663415e+01 9.877573963676e+01 3.406337594836e+04
2.012542235561e+03 1.020000000000e+00 4.061507555516e+01 4.600000000000e+00 3.857236709979e-01 3.638870325661e+02 2.982173069659e+01 -2.764561513147e+00 3.383824807048e+00 -4.184905547831e+01 7.980943187626e+01 9.499051644740e+01 3.203164766022e+04
2.012542349601e+03 1.020000000000e+00 4.061507555516e+01 4.600000000000e+00 3.929851159632e-01 3.639228816846e+02 3.405668465085e+01 -1.449946182944e+00 3.315213888793e+00 -3.993605694210e+01 8.138690752358e+01 9.140127640421e+01 3.081618103326e+04
2.012542463641e+03 1.020000000000e+00 4.061507555516e+01 4.600000000000e+00 3.906680340216e-01 3.639399819307e+02 3.765789496332e+01 -4.965359997029e-01 3.260230381758e+00 -3.824826305249e+01 8.258478535789e+01 8.809148882716e+01 3.048652168397e+04
2.012542577682e+03 1.020000000000e+00 4.061507555516e+01 4.600000000000e+00 3.832056788421e-01 3.637647221683e+02 4.018766208962e+01 8.981854143060e-02 3.215950266543e+00 -3.676621100336e+01 8.346738543379e+01 8.498480697929e+01 3.066757840392e+04
2.012542691722e+03 1.020000000000e+00 4.061507555516e+01 4.600000000000e+00 3.734909365338e-01 3.635835025934e+02 4.169241722533e+01 -5.032308087372e-02 3.274698930882e+00 -3.546938816918e+01 8.408876132579e+01 8.208355011752e+01 3.205393879847e+04
2.012542805762e+03 1.020000000000e+00 4.061507555516e+01 4.600000000000e+00 3.607249534430e-01 3.637319908939e+02 4.213671336687e+01 -1.577341084241e+00 3.943204462888e+00 -3.434390462934e+01 8.426034705782e+01 7.945801394291e+01 4.011561173982e+04
2.012542919802e+03 1.020000000000e+00 4.061507555516e+01 4.600000000000e+00 3.406279041848e-01 3.648141816383e+02 4.093668640194e+01 -5.755678047358e+00 6.404179809668e+00 -3.350558053635e+01 8.388736451135e+01 7.710415403697e+01 6.885889018071e+04
2.012543033843e+03 1.020000000000e+00 4.061507555516e+01 4.600000000000e+00 3.199706929066e-01 3.671873687219e+02 3.642926647270e+01 -1.147833438235e+01 1.022975749545e+01 -3.293978416083e+01 8.295416940347e+01 7.517008376734e+01 1.165733422765e+05
2.012543147883e+03 1.020000000000e+00 4.061507555516e+01 4.600000000000e+00 3.036335245661e-01 3.711566723208e+02 2.811078139321e+01 -1.800092715970e+01 1.456493932809e+01 -3.255605841470e+01 8.153941876084e+01 7.380019244039e+01 1.742758068679e+05
2.012543261923e+03 1.020000000000e+00 4.061507555516e+01 4.600000000000e+00 2.930956793599e-01 3.741795882322e+02 1.783330730462e+01 -2.275889324380e+01 1.878065382559e+01 -3.244638731987e+01 7.934029890927e+01 7.293134353698e+01 2.324210911016e+05
2.012543375963e+03 1.020000000000e+00 4.061507555516e+01 4.600000000000e+00 2.883301013331e-01 3.767370460694e+02 7.393127902104e+00 -2.401040854406e+01 2.255711783439e+01 -3.313642392844e+01 7.654762452056e+01 7.283248411001e+01 2.831968070140e+05
2.012543490004e+03 1.020000000000e+00 4.061507555516e+01 4.600000000000e+00 2.935230081704e-01 3.787227479497e+02 3.634514470502e-01 -2.369576505509e+01 2.580781900475e+01 -3.436829845381e+01 7.365489514669e+01 7.295074229572e+01 3.181609661483e+05
2.012543604044e+03 1.020000000000e+00 4.061507555516e+01 4.600000000000e+00 3.266445703057e-01 3.795404712802e+02 -2.233739891559e+00 -2.256382148497e+01 2.874154267854e+01 -3.563124901432e+01 7.121565836069e+01 7.279759002088e+01 3.216780798377e+05
2.012543718084e+03 1.020000000000e+00 4.161507555516e+01 4.700000000000e+00 4.292817529241e-01 3.780535716416e+02 -9.411271294267e-01 -2.169634094381e+01 3.234063758593e+01 -3.623991534261e+01 6.833290552415e+01 7.382295441396e+01 2.982504826573e+05
2.012543832124e+03 1.020000000000e+00 4.161507555516e+01 4.700000000000e+00 8.030558236168e-01 3.774103081413e+02 -1.734736765987e-01 -1.886465765834e+01 3.507818748850e+01 -3.742693041109e+01 6.699566991155e+01 7.308599489173e+01 1.777563157310e+05
2.012543946165e+03 1.020000000000e+00 4.161507555516e+01 4.700000000000e+00 1.523028863881e+00 3.762197041524e+02 1.722158279060e+00 -1.629240384690e+01 3.778208699092e+01 -3.848426164730e+01 6.620095682750e+01 7.239392397436e+01 9.477986560594e+04
2.012544060205e+03 1.020000000000e+00 4.161507555516e+01 4.700000000000e+00 2.393445712159e+00 3.748632106976e+02 3.891342145011e+00 -1.382429671179e+01 4.025127154306e+01 -3.948446273897e+01 6.588154796212e+01 7.199261526756e+01 6.244407033630e+04
2.012544174245e+03 1.020000000000e+00 4.161507555516e+01 4.700000000000e+00 3.295681710066e+00 3.740490420057e+02 6.115524031085e+00 -1.168800346309e+01 4.241465371270e+01 -4.046351310872e+01 6.663817403675e+01 7.218335554771e+01 4.717746685753e+04
2.012544288285e+03 1.020000000000e+00 4.161507555516e+01 4.700000000000e+00 4.139566866672e+00 3.733686519852e+02 8.102830380871e+00 -1.047556708333e+01 4.426540265234e+01 -4.138516637211e+01 6.824875539467e+01 7.261794285876e+01 3.893668097887e+04
2.012544402326e+03 1.020000000000e+00 4.161507555516e+01 4.700000000000e+00 4.849645623865e+00 3.725317194583e+02 9.356672413629e+00 -9.941782198497e+00 4.614325968113e+01 -4.226880445381e+01 7.010080253311e+01 7.304931617692e+01 3.451039596806e+04
2.012544516366e+03 1.020000000000e+00 4.161507555516e+01 4.700000000000e+00 5.410715190827e+00 3.716583990916e+02 9.819171157438e+00 -9.684154134049e+00 4.903701035825e+01 -4.310037049832e+01 7.212831359393e+01 7.317993838646e+01 3.279379760137e+04
2.012544630406e+03 1.020000000000e+00 4.161507555516e+01 4.700000000000e+00 6.065165964306e+00 3.710369658643e+02 9.799287344588e+00 -9.922594565953e+00 5.650622431689e+01 -4.377973287139e+01 7.390865506912e+01 7.275278993943e+01 3.357442982802e+04
2.012544744446e+03 1.020000000000e+00 4.161507555516e+01 4.700000000000e+00 7.297021510342e+00 3.710011534171e+02 9.125131707880e+00 -1.155165255029e+01 7.403330948591e+01 -4.418953874674e+01 7.483709788131e+01 7.178042191296e+01 3.648298124372e+04
2.012544858487e+03 1.020000000000e+00 4.161507555516e+01 4.700000000000e+00 8.954614643093e+00 3.712451207473e+02 7.301260554098e+00 -1.430149484419e+01 1.003564653308e+02 -4.431109712296e+01 7.506148838775e+01 7.037606848313e+01 4.034655400588e+04
2.012544972527e+03 1.020000000000e+00 4.161507555516e+01 4.700000000000e+00 1.074573385236e+01 3.716161639464e+02 4.838506864196e+00 -1.755975244003e+01 1.317438974549e+02 -4.428312447004e+01 7.514627905116e+01 6.797450713704e+01 4.421495579170e+04
2.012545086567e+03 1.020000000000e+00 4.161507555516e+01 4.700000000000e+00 1.247623228274e+01 3.721795370106e+02 1.899345687357e+00 -2.063709367602e+01 1.651363766722e+02 -4.422678798212e+01 7.585544044696e+01 6.428973521700e+01 4.779855158355e+04
2.012545200607e+03 1.020000000000e+00 4.161507555516e+01 4.700000000000e+00 1.391855233040e+01 3.730302942397e+02 -1.722876548441e+00 -2.276857076894e+01 1.977971238319e+02 -4.418598744230e+01 7.804559058501e+01 5.890247578037e+01 5.137202443632e+04
2.012545314648e+03 1.020000000000e+00 4.161507555516e+01 4.700000000000e+00 1.461224718064e+01 3.741990327968e+02 -5.624226537023e+00 -2.410904017071e+01 2.275187553873e+02 -4.416057288165e+01 8.119886355923e+01 5.259387908738e+01 5.635609624004e+04
2.012545428688e+03 1.020000000000e+00 4.161507555516e+01 4.700000000000e+00 1.467359458711e+01 3.753279509370e+02 -9.436853824613e+00 -2.488705297399e+01 2.529800060602e+02 -4.411316625654e+01 8.459976349752e+01 4.615296928534e+01 6.243382770926e+04
2.012545542728e+03 1.020000000000e+00 4.161507555516e+01 4.700000000000e+00 1.449394586913e+01 3.762082806155e+02 -1.287702557127e+01 -2.520787573928e+01 2.741692445557e+02 -4.403955673103e+01 8.779486444910e+01 4.013281836982e+01 6.851121028701e+04
2.012545656768e+03 1.020000000000e+00 4.161507555516e+01 4.700000000000e+00 1.423494692330e+01 3.768086201706e+02 -1.575860650684e+01 -2.519618991989e+01 2.919514516398e+02 -4.392859909378e+01 9.048607952319e+01 3.483251152451e+01 7.428323488690e+04
2.012545770809e+03 1.020000000000e+00 4.161507555516e+01 4.700000000000e+00 1.395623765037e+01 3.771847652931e+02 -1.795486180208e+01 -2.501497955144e+01 3.067703627392e+02 -4.374590899884e+01 9.234090022227e+01 3.031887202111e+01 7.961151963764e+04
2.012545884849e+03 1.020000000000e+00 4.161507555516e+01 4.700000000000e+00 1.366995747817e+01 3.775059101067e+02 -1.949875802301e+01 -2.461610497935e+01 3.177261514300e+02 -4.345551739148e+01 9.321397460745e+01 2.648765884348e+01 8.418163860340e+04
2.012545998889e+03 1.020000000000e+00 4.161507555516e+01 4.700000000000e+00 1.334343092731e+01 3.781067433184e+02 -2.050875937858e+01 -2.347014729267e+01 3.233532658274e+02 -4.303242228009e+01 9.328661224012e+01 2.303583452254e+01 8.777650726946e+04
2.012546112929e+03 1.020000000000e+00 4.161507555516e+01 4.700000000000e+00 1.283026612169e+01 3.802982254549e+02 -2.097957137525e+01 -2.144811921567e+01 3.231332570869e+02 -4.244701740459e+01 9.211539523529e+01 1.922528902149e+01 9.129431913244e+04
2.012546226970e+03 1.020000000000e+00 4.161507555516e+01 4.700000000000e+00 1.184749687994e+01 3.863273025656e+02 -2.078546419325e+01 -1.893802487609e+01 3.107628263646e+02 -4.161098653666e+01 8.786073341147e+01 1.476375827002e+01 9.499623886286e+04
2.012546341010e+03 1.020000000000e+00 4.161507555516e+01 4.700000000000e+00 1.019502659937e+01 3.979134879492e+02 -1.934248646343e+01 -1.565345457777e+01 2.685834635615e+02 -4.018219068862e+01 7.560363380432e+01 9.958924163797e+00 9.470379889668e+04
2.012546455050e+03 1.020000000000e+00 4.251507555516e+01 4.800000000000e+00 8.426313568225e+00 4.113085349044e+02 -1.514477672486e+01 -1.213178381187e+01 1.981557370781e+02 -3.812841043052e+01 6.012063783503e+01 6.680559127612e+00 8.428002551354e+04
2.012546569090e+03 1.020000000000e+00 4.251507555516e+01 4.800000000000e+00 6.729884483486e+00 4.261263655304e+02 -8.301388903297e+00 -7.445089946903e+00 1.275115842411e+02 -3.620847421095e+01 4.453652342677e+01 3.868105004287e+00 6.809238762361e+04
2.012546683131e+03 1.020000000000e+00 4.251507555516e+01 4.800000000000e+00 5.699520517929e+00 4.358013079007e+02 -3.483055463044e+00 -4.275007590568e+00 8.952614100190e+01 -3.496627906211e+01 3.547030300592e+01 2.107201204142e+00 5.680202392819e+04
2.012546797171e+03 1.020000000000e+00 4.251507555516e+01 4.800000000000e+00 5.292484349621e+00 4.395384534717e+02 -1.681705304694e+00 -3.030001555137e+00 7.716731933085e+01 -3.429350636883e+01 3.209887347514e+01 1.293547713741e+00 5.279677940981e+04
2.012546911211e+03 1.020000000000e+00 4.251507555516e+01 4.800000000000e+00 5.133893175717e+00 4.410320185642e+02 -9.570493971994e-01 -2.642885657189e+00 7.310788388177e+01 -3.396909809502e+01 3.097085611472e+01 9.632428733960e-01 5.157021667550e+04
2.012547025251e+03 1.020000000000e+00 4.251507555516e+01 4.800000000000e+00 5.055067130639e+00 4.419240434309e+02 -5.595116269372e-01 -2.523207693541e+00 7.131464314209e+01 -3.410614231316e+01 3.052034894608e+01 7.835377029159e-01 5.108937008064e+04
2.012547139292e+03 1.020000000000e+00 4.251507555516e+01 4.800000000000e+00 5.036719700968e+00 4.426470250749e+02 -2.841135867187e-01 -2.486848490521e+00 7.081578611252e+01 -3.434867547900e+01 3.026767837188e+01 6.189455321582e-01 5.091408114306e+04
2.012547253332e+03 1.020000000000e+00 4.251507555516e+01 4.800000000000e+00 5.084301439655e+00 4.433733336341e+02 6.945524899552e-02 -2.478003506960e+00 7.181516729457e+01 -3.449262009493e+01 3.012330228500e+01 4.281623049058e-01 5.114916346558e+04
2.012547367372e+03 1.020000000000e+00 4.251507555516e+01 4.800000000000e+00 5.138305577027e+00 4.441353127031e+02 3.577982210799e-01 -2.481998941222e+00 7.303000746244e+01 -3.458782238465e+01 3.015512166266e+01 2.364415656693e-01 5.146796666479e+04
2.012547481412e+03 1.020000000000e+00 4.251507555516e+01 4.800000000000e+00 5.196187953405e+00 4.448650180968e+02 4.697439676892e-01 -2.501186482724e+00 7.433784001126e+01 -3.470560449684e+01 3.032862271714e+01 6.313960149850e-02 5.180580916368e+04
2.012547595453e+03 1.020000000000e+00 4.251507555516e+01 4.800000000000e+00 5.267037385057e+00 4.456241773927e+02 5.067251488131e-01 -2.523753048162e+00 7.590843707184e+01 -3.485486754841e+01 3.053913141744e+01 -8.429260243545e-02 5.218816048681e+04
2.012547709493e+03 1.020000000000e+00 4.251507555516e+01 4.800000000000e+00 5.355811623179e+00 4.464607918843e+02 5.220661128197e-01 -2.544306274620e+00 7.786155056283e+01 -3.499769279531e+01 3.073858110756e+01 -2.040541509907e-01 5.264298244137e+04
2.012547823533e+03 1.020000000000e+00 4.251507555516e+01 4.800000000000e+00 5.461460707543e+00 4.473882099633e+02 5.214379917146e-01 -2.565116296765e+00 8.020981463149e+01 -3.508854828594e+01 3.091193653773e+01 -2.945071714507e-01 5.318097769005e+04
2.012547937573e+03 1.020000000000e+00 4.251507555516e+01 4.800000000000e+00 5.581983249791e+00 4.484086192858e+02 4.604655666566e-01 -2.586832340516e+00 8.292526027443e+01 -3.509444366309e+01 3.105420336307e+01 -3.545063185477e-01 5.379364389998e+04
2.012548051613e+03 1.020000000000e+00 4.251507555516e+01 4.800000000000e+00 5.715839186794e+00 4.495188105280e+02 3.385969641500e-01 -2.602892134677e+00 8.598392778880e+01 -3.500154003617e+01 3.116784336791e+01 -3.902717448144e-01 5.447097803219e+04
2.012548165654e+03 1.020000000000e+00 4.251507555516e+01 4.800000000000e+00 5.861393341571e+00 4.507150199465e+02 1.828879671763e-01 -2.619102099415e+00 8.935934754693e+01 -3.481131217337e+01 3.125663681299e+01 -4.033121444544e-01 5.520300501646e+04
2.012548279694e+03 1.020000000000e+00 4.251507555516e+01 4.800000000000e+00 6.014534591709e+00 4.520014171067e+02 6.741029468578e-03 -2.636868298771e+00 9.302271027579e+01 -3.453824678716e+01 3.132993064604e+01 -4.053160134364e-01 5.600209426109e+04
2.012548393734e+03 1.020000000000e+00 4.251507555516e+01 4.800000000000e+00 6.145256262153e+00 4.533941017660e+02 -1.826456851111e-01 -2.658989389830e+00 9.694559278591e+01 -3.420426961936e+01 3.140492208381e+01 -3.865518622272e-01 5.712134302602e+04
2.012548507774e+03 1.020000000000e+00 4.251507555516e+01 4.800000000000e+00 6.230646410859e+00 4.549055649457e+02 -3.926652837017e-01 -2.695631598275e+00 1.010879897357e+02 -3.382979174097e+01 3.149197998472e+01 -2.851108956161e-01 5.874602176566e+04
2.012548621815e+03 1.020000000000e+00 4.251507555516e+01 4.800000000000e+00 6.301845286629e+00 4.565190770237e+02 -6.502559984645e-01 -2.735423968960e+00 1.053627662424e+02 -3.342573171281e+01 3.157570566505e+01 -8.765594356887e-02 6.053868714111e+04
2.012548735855e+03 1.020000000000e+00 4.251507555516e+01 4.800000000000e+00 6.372044561947e+00 4.581855795714e+02 -9.894277242329e-01 -2.804034047590e+00 1.095961910068e+02 -3.299402441561e+01 3.160501916887e+01 1.560631543410e-01 6.227814214329e+04
2.012548849895e+03 1.020000000000e+00 4.251507555516e+01 4.800000000000e+00 6.436537065629e+00 4.598388262007e+02 -1.420696313811e+00 -2.895675011823e+00 1.135124377157e+02 -3.253870599937e+01 3.151170658290e+01 4.339595900770e-01 6.385871592919e+04
2.012548963935e+03 1.020000000000e+00 4.251507555516e+01 4.800000000000e+00 6.482078095540e+00 4.614066960990e+02 -1.916618870561e+00 -2.990664186752e+00 1.167602324312e+02 -3.206860681423e+01 3.127882632660e+01 7.405400180008e-01 6.522652478215e+04
2.012549077976e+03 1.020000000000e+00 4.251507555516e+01 4.800000000000e+00 6.486974002535e+00 4.628392912245e+02 -2.440618983458e+00 -3.070424568050e+00 1.189161690581e+02 -3.159377335304e+01 3.098552188648e+01 1.058875335759e+00 6.638313450671e+04
2.012549192016e+03 1.020000000000e+00 4.351507555516e+01 4.900000000000e+00 6.441902770044e+00 4.639877696593e+02 -2.770647335819e+00 -3.145120167145e+00 1.196976264580e+02 -3.126976821556e+01 3.055323848005e+01 1.361236219033e+00 6.728928830480e+04
2.012549306056e+03 1.020000000000e+00 4.351507555516e+01 4.900000000000e+00 6.336178985104e+00 4.651476280711e+02 -3.258346469490e+00 -3.158113603954e+00 1.193444769101e+02 -3.080659589964e+01 3.005019696850e+01 1.630037564604e+00 6.821096921154e+04
2.012549420096e+03 1.020000000000e+00 4.351507555516e+01 4.900000000000e+00 6.210944072742e+00 4.661770365749e+02 -3.620271543142e+00 -3.147593421195e+00 1.178472068910e+02 -3.033989424794e+01 2.952284708753e+01 1.830695817154e+00 6.871367866644e+04
2.012549534137e+03 1.020000000000e+00 4.351507555516e+01 4.900000000000e+00 6.069620054867e+00 4.671199238239e+02 -3.838890477472e+00 -3.108257855340e+00 1.154838871121e+02 -2.986107775478e+01 2.900058012175e+01 1.953656816533e+00 6.890421546417e+04
2.012549648177e+03 1.020000000000e+00 4.351507555516e+01 4.900000000000e+00 5.897004579406e+00 4.680170393831e+02 -3.930920240528e+00 -3.008603809356e+00 1.124557657345e+02 -2.936783513162e+01 2.848408687396e+01 2.023671103130e+00 6.906178265493e+04
2.012549762217e+03 1.020000000000e+00 4.351507555516e+01 4.900000000000e+00 5.716662753197e+00 4.688989443587e+02 -3.949661461865e+00 -2.875831305354e+00 1.091514825933e+02 -2.887430449425e+01 2.796796560660e+01 2.039403014339e+00 6.914706122930e+04
2.012549876257e+03 1.020000000000e+00 4.351507555516e+01 4.900000000000e+00 5.543160185555e+00 4.697699179619e+02 -3.939634635497e+00 -2.728995914118e+00 1.058005190745e+02 -2.840986978293e+01 2.745251266861e+01 2.023252758173e+00 6.912184102949e+04
2.012549990298e+03 1.020000000000e+00 4.351507555516e+01 4.900000000000e+00 5.384255349324e+00 4.706255072982e+02 -3.898335828410e+00 -2.584044401759e+00 1.024735169444e+02 -2.800642442105e+01 2.694062797470e+01 1.962228110389e+00 6.892392060366e+04
2.012550104338e+03 1.020000000000e+00 4.351507555516e+01 4.900000000000e+00 5.243060904196e+00 4.714641360208e+02 -3.814545734131e+00 -2.432582928203e+00 9.927702854892e+01 -2.768467297085e+01 2.643134376326e+01 1.825680061146e+00 6.857209319031e+04
2.012550218378e+03 1.020000000000e+00 4.351507555516e+01 4.900000000000e+00 5.119150871797e+00 4.722836504225e+02 -3.731479003363e+00 -2.270686664941e+00 9.623371898872e+01 -2.744924945504e+01 2.592364676610e+01 1.670041528358e+00 6.807896220483e+04
2.012550332418e+03 1.020000000000e+00 4.351507555516e+01 4.900000000000e+00 5.009418015556e+00 4.730773691619e+02 -3.653626073823e+00 -2.105301257848e+00 9.340179160574e+01 -2.729136439223e+01 2.541410057599e+01 1.515478084703e+00 6.752306186542e+04
2.012550446459e+03 1.020000000000e+00 4.351507555516e+01 4.900000000000e+00 4.909638611446e+00 4.738338377276e+02 -3.565031105815e+00 -1.944064581795e+00 9.083110207677e+01 -2.719298712475e+01 2.489579394201e+01 1.365205643525e+00 6.699917889006e+04
2.012550560499e+03 1.020000000000e+00 4.351507555516e+01 4.900000000000e+00 4.825089534525e+00 4.745403644308e+02 -3.446755012502e+00 -1.790708378681e+00 8.859038185722e+01 -2.713335557796e+01 2.435941727130e+01 1.220097909180e+00 6.649154412769e+04
2.012550674539e+03 1.020000000000e+00 4.351507555516e+01 4.900000000000e+00 4.760149407475e+00 4.752011444820e+02 -3.321026187682e+00 -1.647264527927e+00 8.654657533235e+01 -2.709408599960e+01 2.382608774543e+01 1.084020769098e+00 6.584383257748e+04
2.012550788579e+03 1.020000000000e+00 4.351507555516e+01 4.900000000000e+00 4.703759526167e+00 4.758233494966e+02 -3.198355542004e+00 -1.512773240457e+00 8.465272410713e+01 -2.706292507394e+01 2.330661400376e+01 9.601380871887e-01 6.517492601660e+04
2.012550902620e+03 1.020000000000e+00 4.351507555516e+01 4.900000000000e+00 4.648414279381e+00 4.764080384059e+02 -3.069650470189e+00 -1.386244362759e+00 8.293680164241e+01 -2.703308503962e+01 2.279671329294e+01 8.506979643681e-01 6.461392550402e+04
2.012551016660e+03 1.020000000000e+00 4.351507555516e+01 4.900000000000e+00 4.595821455570e+00 4.769536168578e+02 -2.927425214763e+00 -1.268120549564e+00 8.141757639757e+01 -2.700193969587e+01 2.229471703002e+01 7.585238539089e-01 6.415608747522e+04
2.012551130700e+03 1.020000000000e+00 4.351507555516e+01 4.900000000000e+00 4.548384681490e+00 4.774567181286e+02 -2.771614040353e+00 -1.158301567108e+00 8.008802787073e+01 -2.696995106550e+01 2.180526610123e+01 6.864543958962e-01 6.376649447597e+04
2.012551244740e+03 1.020000000000e+00 4.351507555516e+01 4.900000000000e+00 4.506656257330e+00 4.779097829865e+02 -2.609131788675e+00 -1.055369833018e+00 7.892926400024e+01 -2.693897205024e+01 2.133689529448e+01 6.365123163102e-01 6.342567175370e+04
2.012551358781e+03 1.020000000000e+00 4.351507555516e+01 4.900000000000e+00 4.470015007259e+00 4.783018950934e+02 -2.450795294592e+00 -9.564895268405e-01 7.791853338879e+01 -2.691108859435e+01 2.089755829325e+01 6.089118164757e-01 6.312666948714e+04
2.012551472821e+03 1.020000000000e+00 4.351507555516e+01 4.900000000000e+00 4.437238364378e+00 4.786239507607e+02 -2.308129041388e+00 -8.578183855864e-01 7.702265434575e+01 -2.688735855888e+01 2.049159902219e+01 5.994280220174e-01 6.286171910122e+04
2.012551586861e+03 1.020000000000e+00 4.351507555516e+01 4.900000000000e+00 4.408724595562e+00 4.788590172603e+02 -2.200932078789e+00 -7.560845718586e-01 7.624809786522e+01 -2.686828196231e+01 2.013066148767e+01 5.981869461197e-01 6.263166894754e+04
2.012551700901e+03 1.020000000000e+00 4.351507555516e+01 4.900000000000e+00 4.392332588520e+00 4.789723570580e+02 -2.161347161197e+00 -6.524914234449e-01 7.578911213062e+01 -2.685433823447e+01 1.985200791892e+01 6.074035926348e-01 6.248690937945e+04
2.012551814942e+03 1.020000000000e+00 4.351507555516e+01 4.900000000000e+00 4.380096281701e+00 4.790320962015e+02 -2.150807611766e+00 -5.510553180355e-01 7.543292079578e+01 -2.684484469349e+01 1.961158869635e+01 6.323893127805e-01 6.236708022663e+04
2.012551928982e+03 1.020000000000e+00 4.441507555516e+01 5.000000000000e+00 4.377566439260e+00 4.789884854228e+02 -2.076257983359e+00 -4.780055814186e-01 7.531138671321e+01 -2.696759690002e+01 1.945552305550e+01 6.255463533644e-01 6.230236675311e+04
2.012552043022e+03 1.020000000000e+00 4.441507555516e+01 5.000000000000e+00 4.365962764443e+00 4.789497695130e+02 -2.097650680506e+00 -3.893666200126e-01 7.498388420442e+01 -2.695427190146e+01 1.924733179314e+01 6.472738687658e-01 6.219627704965e+04
2.012552157062e+03 1.020000000000e+00 4.441507555516e+01 5.000000000000e+00 4.356412797890e+00 4.788390413441e+02 -2.160459813273e+00 -3.154156053379e-01 7.470419544359e+01 -2.694486552386e+01 1.909490375080e+01 6.526708774640e-01 6.210006952004e+04
2.012552271103e+03 1.020000000000e+00 4.441507555516e+01 5.000000000000e+00 4.349045800756e+00 4.786982714010e+02 -2.237979907451e+00 -2.607504604245e-01 7.447563755383e+01 -2.693610189963e+01 1.900207887216e+01 6.485375211176e-01 6.201494713247e+04
2.012552385143e+03 1.020000000000e+00 4.441507555516e+01 5.000000000000e+00 4.342448789585e+00 4.785281471830e+02 -2.316542536070e+00 -2.285973684571e-01 7.426035297046e+01 -2.692216845823e+01 1.892090856711e+01 6.362374724673e-01 6.192964348073e+04
2.012552499183e+03 1.020000000000e+00 4.441507555516e+01 5.000000000000e+00 4.335544698604e+00 4.783243572136e+02 -2.393174728862e+00 -2.127983996622e-01 7.403266373375e+01 -2.689870034180e+01 1.883963809133e+01 6.092519042645e-01 6.183808643764e+04
2.012552613223e+03 1.020000000000e+00 4.441507555516e+01 5.000000000000e+00 4.327794053548e+00 4.780855226469e+02 -2.471979331445e+00 -2.111684711737e-01 7.378240202803e+01 -2.686178517362e+01 1.875705842001e+01 5.618813301026e-01 6.173942396454e+04
2.012552727264e+03 1.020000000000e+00 4.441507555516e+01 5.000000000000e+00 4.318851467440e+00 4.778114413445e+02 -2.561063617397e+00 -2.221486371832e-01 7.350112380771e+01 -2.680880360766e+01 1.866984607870e+01 4.985093337260e-01 6.163142916470e+04
2.012552841304e+03 1.020000000000e+00 4.441507555516e+01 5.000000000000e+00 4.308285521424e+00 4.775040928372e+02 -2.668033916054e+00 -2.441103636009e-01 7.317671207905e+01 -2.673806069362e+01 1.857379518351e+01 4.262441694864e-01 6.150993460150e+04
2.012552955344e+03 1.020000000000e+00 4.441507555516e+01 5.000000000000e+00 4.295444060727e+00 4.771681870692e+02 -2.799887335101e+00 -2.705350451996e-01 7.279341172957e+01 -2.664816636058e+01 1.846675172027e+01 3.503666325305e-01 6.137074270016e+04
2.012553069384e+03 1.020000000000e+00 4.441507555516e+01 5.000000000000e+00 4.279531723351e+00 4.768098562319e+02 -2.961887480513e+00 -2.950935063642e-01 7.233222147053e+01 -2.653901707515e+01 1.834835526447e+01 2.738519377953e-01 6.120876796585e+04
2.012553183425e+03 1.020000000000e+00 4.441507555516e+01 5.000000000000e+00 4.259876522631e+00 4.764341098344e+02 -3.156522635043e+00 -3.147548335964e-01 7.177685607287e+01 -2.641250481323e+01 1.821969489933e+01 1.979251071623e-01 6.101917329545e+04
2.012553297465e+03 1.020000000000e+00 4.441507555516e+01 5.000000000000e+00 4.235994466458e+00 4.760429373837e+02 -3.383421228467e+00 -3.280094423039e-01 7.111520014008e+01 -2.627198777715e+01 1.808297568445e+01 1.232370838931e-01 6.079764654072e+04
2.012553411505e+03 1.020000000000e+00 4.441507555516e+01 5.000000000000e+00 4.207650280200e+00 4.756368171205e+02 -3.639381134583e+00 -3.330729914965e-01 7.034075760410e+01 -2.612089508821e+01 1.794149860216e+01 5.052730873333e-02 6.054073327826e+04
2.012553525545e+03 1.020000000000e+00 4.441507555516e+01 5.000000000000e+00 4.175258340984e+00 4.752179805586e+02 -3.917416219231e+00 -3.310601764138e-01 6.946179587850e+01 -2.596273261712e+01 1.780040161811e+01 -1.961218244383e-02 6.024810588035e+04
2.012553639586e+03 1.020000000000e+00 4.441507555516e+01 5.000000000000e+00 4.138838197915e+00 4.747784397091e+02 -4.212010657049e+00 -3.243695802078e-01 6.847611865104e+01 -2.580083239228e+01 1.765872712986e+01 -8.647203248509e-02 5.991582069480e+04
2.012553753626e+03 1.020000000000e+00 4.441507555516e+01 5.000000000000e+00 4.099474324529e+00 4.743173241184e+02 -4.513853954088e+00 -3.137360956514e-01 6.740807797861e+01 -2.563777955854e+01 1.751953057432e+01 -1.501117237095e-01 5.954760380342e+04
2.012553867666e+03 1.020000000000e+00 4.441507555516e+01 5.000000000000e+00 4.058026855117e+00 4.738286619420e+02 -4.815804615425e+00 -3.028562689511e-01 6.627646246295e+01 -2.547512292868e+01 1.738213707831e+01 -2.116393225917e-01 5.914586890788e+04
2.012553981706e+03 1.020000000000e+00 4.441507555516e+01 5.000000000000e+00 4.015268684811e+00 4.733051719349e+02 -5.112359043881e+00 -2.935985063723e-01 6.509843433762e+01 -2.531277897970e+01 1.724455331497e+01 -2.717422736814e-01 5.871314045382e+04
2.012554095747e+03 1.020000000000e+00 4.441507555516e+01 5.000000000000e+00 3.971773662003e+00 4.727386589253e+02 -5.400872632362e+00 -2.858812240075e-01 6.388726209241e+01 -2.514917433996e+01 1.710285491920e+01 -3.294239618545e-01 5.825168531816e+04
2.012554209787e+03 1.020000000000e+00 4.441507555516e+01 5.000000000000e+00 3.927988217473e+00 4.721232340560e+02 -5.682684623812e+00 -2.780909017005e-01 6.265447537380e+01 -2.498094046661e+01 1.695013435231e+01 -3.819824455527e-01 5.776436448188e+04
2.012554323827e+03 1.020000000000e+00 4.441507555516e+01 5.000000000000e+00 3.884350623409e+00 4.714610582619e+02 -5.965407256066e+00 -2.672892677039e-01 6.141367051268e+01 -2.480108450739e+01 1.677796445433e+01 -4.256302856271e-01 5.725640809803e+04
2.012554437867e+03 1.020000000000e+00 4.441507555516e+01 5.000000000000e+00 3.841308507085e+00 4.707648012223e+02 -6.264117714096e+00 -2.523298153827e-01 6.018201791896e+01 -2.459879015258e+01 1.658209413874e+01 -4.566676906175e-01 5.673673846223e+04
2.012554551908e+03 1.020000000000e+00 4.441507555516e+01 5.000000000000e+00 3.799707086726e+00 4.700520917339e+02 -6.594015370083e+00 -2.354226651415e-01 5.898915351902e+01 -2.436376735690e+01 1.636926324416e+01 -4.733795337346e-01 5.622092581458e+04
2.012554665948e+03 1.020000000000e+00 4.541507555516e+01 5.100000000000e+00 3.821892369463e+00 4.699972500636e+02 -6.515564808035e+00 -2.453636023806e-01 5.944656773379e+01 -2.443035891191e+01 1.653414713323e+01 -4.741266372070e-01 5.632460937889e+04
2.012554779988e+03 1.020000000000e+00 4.541507555516e+01 5.100000000000e+00 3.790159145565e+00 4.693376258596e+02 -6.820890053775e+00 -2.365012938055e-01 5.848961525535e+01 -2.417439868102e+01 1.637196974222e+01 -4.835183973754e-01 5.588189835999e+04
2.012554894028e+03 1.020000000000e+00 4.541507555516e+01 5.100000000000e+00 3.765972048591e+00 4.687318295524e+02 -7.063997603629e+00 -2.421667381019e-01 5.772664310257e+01 -2.392201955011e+01 1.625840809926e+01 -4.968931455028e-01 5.550747719811e+04
2.012555008069e+03 1.020000000000e+00 4.541507555516e+01 5.100000000000e+00 3.749879487934e+00 4.682405172831e+02 -7.166715372569e+00 -2.849091775583e-01 5.716899056361e+01 -2.370477958821e+01 1.619389029630e+01 -5.106625589406e-01 5.520750770359e+04
2.012555122109e+03 1.020000000000e+00 4.541507555516e+01 5.100000000000e+00 3.751856165204e+00 4.679881146751e+02 -7.130173177765e+00 -3.656216248659e-01 5.703157830594e+01 -2.354791923871e+01 1.625376770251e+01 -5.269766543596e-01 5.504620692864e+04
2.012555236149e+03 1.020000000000e+00 4.541507555516e+01 5.100000000000e+00 3.782606893674e+00 4.680162290692e+02 -6.969101034015e+00 -4.720739381309e-01 5.753966974601e+01 -2.346570582318e+01 1.653028145071e+01 -5.484127310828e-01 5.508514954049e+04
2.012555350189e+03 1.020000000000e+00 4.541507555516e+01 5.100000000000e+00 3.827783732180e+00 4.681402585258e+02 -6.644803011944e+00 -5.875408836673e-01 5.836199701426e+01 -2.346235448036e+01 1.694128328147e+01 -5.676119259453e-01 5.521300707788e+04
2.012555464230e+03 1.020000000000e+00 4.541507555516e+01 5.100000000000e+00 3.878042142432e+00 4.682759852510e+02 -6.246374583073e+00 -6.976389611865e-01 5.929850474945e+01 -2.353267183085e+01 1.740603368557e+01 -5.776510435869e-01 5.537219882662e+04
2.012555578270e+03 1.020000000000e+00 4.541507555516e+01 5.100000000000e+00 3.925617998643e+00 4.683965060755e+02 -5.831352912146e+00 -7.890610556056e-01 6.017005945892e+01 -2.365854511768e+01 1.788301115094e+01 -5.783989307195e-01 5.550549790120e+04
2.012555692310e+03 1.020000000000e+00 4.541507555516e+01 5.100000000000e+00 3.965598176124e+00 4.684753052053e+02 -5.438890826086e+00 -8.501261349245e-01 6.085515453114e+01 -2.381195214156e+01 1.832717287402e+01 -5.730644387917e-01 5.557187986262e+04
2.012555806350e+03 1.020000000000e+00 4.541507555516e+01 5.100000000000e+00 3.996225942808e+00 4.684071967030e+02 -5.091092783282e+00 -8.842595034045e-01 6.131246868785e+01 -2.396327014868e+01 1.870908058979e+01 -5.582423924657e-01 5.556046008734e+04
2.012555920391e+03 1.020000000000e+00 4.541507555516e+01 5.100000000000e+00 4.020144553324e+00 4.681724539700e+02 -4.796505742588e+00 -9.063407608932e-01 6.160571367187e+01 -2.409396478737e+01 1.902708235778e+01 -5.381319583685e-01 5.549394791317e+04
2.012556034431e+03 1.020000000000e+00 4.541507555516e+01 5.100000000000e+00 4.040515770678e+00 4.678401600161e+02 -4.554569310006e+00 -9.167780082959e-01 6.180648135223e+01 -2.419623128318e+01 1.928677982113e+01 -5.132975206500e-01 5.539396983397e+04
2.012556148471e+03 1.020000000000e+00 4.541507555516e+01 5.100000000000e+00 4.058881671855e+00 4.674321603130e+02 -4.359440357052e+00 -9.206192187584e-01 6.195370508273e+01 -2.426941688859e+01 1.948914002204e+01 -4.847645990056e-01 5.527456113420e+04
2.012556262511e+03 1.020000000000e+00 4.541507555516e+01 5.100000000000e+00 4.076125730979e+00 4.669569977926e+02 -4.200999935905e+00 -9.251216482685e-01 6.207436280542e+01 -2.431776122900e+01 1.963595803259e+01 -4.551785873409e-01 5.514786359970e+04
2.012556376552e+03 1.020000000000e+00 4.541507555516e+01 5.100000000000e+00 4.092848348515e+00 4.664212470028e+02 -4.062037632176e+00 -9.345651078927e-01 6.218334922384e+01 -2.434728516717e+01 1.973589336897e+01 -4.247728597432e-01 5.501893251363e+04
2.012556490592e+03 1.020000000000e+00 4.541507555516e+01 5.100000000000e+00 4.109956879009e+00 4.658379834081e+02 -3.926278398156e+00 -9.514741131371e-01 6.230080257006e+01 -2.436313172445e+01 1.980121605965e+01 -3.938045772495e-01 5.489328861020e+04
2.012556604632e+03 1.020000000000e+00 4.541507555516e+01 5.100000000000e+00 4.129137472376e+00 4.652319164757e+02 -3.784537865779e+00 -9.773633926898e-01 6.246578895068e+01 -2.436836525151e+01 1.984544724800e+01 -3.631975705881e-01 5.478273631763e+04
2.012556718672e+03 1.020000000000e+00 4.541507555516e+01 5.100000000000e+00 4.152320886955e+00 4.646336019375e+02 -3.630945771216e+00 -1.014868604941e+00 6.272368915537e+01 -2.436456189497e+01 1.988431055824e+01 -3.357007940551e-01 5.470136703655e+04
2.012556832713e+03 1.020000000000e+00 4.541507555516e+01 5.100000000000e+00 4.180679972134e+00 4.640659390796e+02 -3.463829631927e+00 -1.067176234467e+00 6.310362786393e+01 -2.435298775767e+01 1.992765853283e+01 -3.127394305511e-01 5.465905378346e+04
2.012556946753e+03 1.020000000000e+00 4.541507555516e+01 5.100000000000e+00 4.211895974367e+00 4.635208039865e+02 -3.270906136629e+00 -1.127901549549e+00 6.355484934819e+01 -2.433702109887e+01 1.998673116807e+01 -2.864002271007e-01 5.464178218890e+04
2.012557060793e+03 1.020000000000e+00 4.541507555516e+01 5.100000000000e+00 4.242151053692e+00 4.629649039896e+02 -3.063446536610e+00 -1.187560457734e+00 6.398701545819e+01 -2.432300465684e+01 2.005275811111e+01 -2.501218040983e-01 5.462118948103e+04
2.012557174833e+03 1.020000000000e+00 4.541507555516e+01 5.100000000000e+00 4.268734902725e+00 4.623599179483e+02 -2.890038561315e+00 -1.238108092192e+00 6.432993503593e+01 -2.431664358229e+01 2.008956326934e+01 -2.028912880902e-01 5.457223390274e+04
2.012557288874e+03 1.020000000000e+00 4.541507555516e+01 5.100000000000e+00 4.291134180930e+00 4.616827791228e+02 -2.799567246788e+00 -1.271272176699e+00 6.455990524710e+01 -2.432003388290e+01 2.004482493089e+01 -1.446199786121e-01 5.448164045269e+04
2.012557402914e+03 1.020000000000e+00 4.631507555516e+01 5.200000000000e+00 4.316234624333e+00 4.619356540189e+02 -2.807249992193e+00 -1.257325585137e+00 6.530893760557e+01 -2.451671677680e+01 1.974122436300e+01 -7.244670476728e-02 5.479568773342e+04
2.012557516954e+03 1.020000000000e+00 4.631507555516e+01 5.200000000000e+00 4.324363567707e+00 4.610984648503e+02 -2.822366591477e+00 -1.253740602736e+00 6.514225537237e+01 -2.454941518769e+01 1.947812586839e+01 1.621467438172e-02 5.455362826648e+04
2.012557630994e+03 1.020000000000e+00 4.631507555516e+01 5.200000000000e+00 4.311936152263e+00 4.600422927114e+02 -2.896097389226e+00 -1.232133042453e+00 6.448931375943e+01 -2.460332964937e+01 1.911234506654e+01 1.171366851712e-01 5.416320805574e+04
2.012557745035e+03 1.020000000000e+00 4.631507555516e+01 5.200000000000e+00 4.283599325103e+00 4.588261013571e+02 -2.987007249564e+00 -1.197730986065e+00 6.348795284739e+01 -2.467296271623e+01 1.863084912524e+01 2.149601838450e-01 5.367567766469e+04
2.012557859075e+03 1.020000000000e+00 4.631507555516e+01 5.200000000000e+00 4.242093663858e+00 4.575045087965e+02 -3.041291311431e+00 -1.163726135358e+00 6.223295112222e+01 -2.475008584677e+01 1.810209630837e+01 2.985374543743e-01 5.313021270452e+04
2.012557973115e+03 1.020000000000e+00 4.631507555516e+01 5.200000000000e+00 4.186994845734e+00 4.561050825790e+02 -3.055947373981e+00 -1.137676752678e+00 6.075281494049e+01 -2.483189573122e+01 1.759546922972e+01 3.602592962926e-01 5.254975890651e+04
2.012558087155e+03 1.020000000000e+00 4.631507555516e+01 5.200000000000e+00 4.117691850014e+00 4.546319798527e+02 -3.041499502995e+00 -1.123198909676e+00 5.906020390847e+01 -2.492382216470e+01 1.718900505177e+01 3.953847144370e-01 5.194597046175e+04
2.012558201196e+03 1.020000000000e+00 4.631507555516e+01 5.200000000000e+00 4.038597792656e+00 4.530977159663e+02 -2.958344552687e+00 -1.117841922845e+00 5.725783109413e+01 -2.503308711461e+01 1.689317974939e+01 4.090096514921e-01 5.134727850198e+04
2.012558315236e+03 1.020000000000e+00 4.631507555516e+01 5.200000000000e+00 3.952381195667e+00 4.515051353372e+02 -2.731986840888e+00 -1.128105579514e+00 5.539110297296e+01 -2.516232752830e+01 1.666148673755e+01 4.064317666931e-01 5.075686250655e+04
2.012558429276e+03 1.020000000000e+00 4.631507555516e+01 5.200000000000e+00 3.860907474574e+00 4.498608361367e+02 -2.368246183478e+00 -1.165087959621e+00 5.347362692081e+01 -2.531375048639e+01 1.647826171214e+01 3.915705446639e-01 5.016072712731e+04
2.012558543316e+03 1.020000000000e+00 4.631507555516e+01 5.200000000000e+00 3.766482458881e+00 4.481689884967e+02 -1.893190555799e+00 -1.235467605309e+00 5.152870921194e+01 -2.549336996356e+01 1.643264225320e+01 3.588661215068e-01 4.954806184311e+04
