VARIABLES="time" "Distance" "lon" "lat" "density" "Vx" "Vy" "Vz" "p" "Bx" "By" "Bz" "T"
ZONE
DT=(DOUBLE DOUBLE DOUBLE DOUBLE DOUBLE DOUBLE DOUBLE DOUBLE DOUBLE DOUBLE DOUBLE DOUBLE DOUBLE )
2.012529234973e+03 1.020000000000e+00 3.591507555516e+01 4.200000000000e+00 3.652711505346e+00 4.177684221488e+02 7.070546155698e+00 -2.495022167756e+00 5.448854049228e+01 2.589592908127e+01 -8.701723017045e+00 -1.704747534736e+00 5.393331811807e+04
2.012529349013e+03 1.020000000000e+00 3.591507555516e+01 4.200000000000e+00 3.903202833374e+00 4.158196115199e+02 7.340565587187e+00 -1.329583821007e+00 5.995003876155e+01 2.288904737657e+01 -8.715980294206e+00 -5.343045652393e-01 5.552091706599e+04
2.012529463053e+03 1.020000000000e+00 3.591507555516e+01 4.200000000000e+00 4.208302510863e+00 4.143577701154e+02 7.379797602364e+00 -4.683467205378e-01 6.683595230242e+01 1.979479978681e+01 -8.630231237902e+00 4.775235883051e-01 5.741999675801e+04
2.012529577093e+03 1.020000000000e+00 3.591507555516e+01 4.200000000000e+00 4.521065477482e+00 4.130516063724e+02 7.252663438103e+00 3.731898310541e-02 7.409478726903e+01 1.679155663372e+01 -8.473536063887e+00 1.174904151339e+00 5.927367953126e+04
2.012529691134e+03 1.020000000000e+00 3.591507555516e+01 4.200000000000e+00 4.810908225710e+00 4.117652850988e+02 6.690424865382e+00 2.137844398206e-01 8.097763615994e+01 1.409177881491e+01 -8.299599059344e+00 1.511862639614e+00 6.089916541255e+04
2.012529805174e+03 1.020000000000e+00 3.591507555516e+01 4.200000000000e+00 5.066306087800e+00 4.104882391854e+02 5.506774891593e+00 1.302762661278e-01 8.715613141516e+01 1.184854255748e+01 -8.124906680124e+00 1.636758503909e+00 6.226142857226e+04
2.012529919214e+03 1.020000000000e+00 3.591507555516e+01 4.200000000000e+00 5.278334277020e+00 4.092336498352e+02 3.901115525303e+00 -3.146558901171e-01 9.236497109124e+01 1.010127823092e+01 -7.946145870004e+00 1.617046144366e+00 6.334727199225e+04
2.012530033254e+03 1.020000000000e+00 3.591507555516e+01 4.200000000000e+00 5.438415091503e+00 4.079879198204e+02 2.231460108717e+00 -9.870429345143e-01 9.657256115127e+01 8.782367248054e+00 -7.678240813423e+00 1.440013352031e+00 6.429240254744e+04
2.012530147295e+03 1.020000000000e+00 3.681507555516e+01 4.300000000000e+00 5.551844427043e+00 4.098110267439e+02 1.035310309332e+00 -2.269222294287e+00 9.760426406825e+01 1.103231125370e+01 -9.544930443406e+00 8.568938227319e-01 6.365780544410e+04
2.012530261335e+03 1.020000000000e+00 3.681507555516e+01 4.300000000000e+00 5.480315114719e+00 4.086357437318e+02 -4.146415041162e-01 -2.716695873943e+00 1.008032480619e+02 1.001309761383e+01 -8.556646803558e+00 9.343077759416e-02 6.660542502735e+04
2.012530375375e+03 1.020000000000e+00 3.681507555516e+01 4.300000000000e+00 5.363698712392e+00 4.075158606601e+02 -1.533306927925e+00 -3.111510249663e+00 1.027415884957e+02 9.054747465236e+00 -7.480332831798e+00 -5.450961592020e-01 6.936544779973e+04
2.012530489415e+03 1.020000000000e+00 3.681507555516e+01 4.300000000000e+00 5.231056537670e+00 4.062044276155e+02 -2.185394070449e+00 -3.362626547132e+00 1.028870092392e+02 8.036715483932e+00 -6.245957809711e+00 -9.397132639965e-01 7.122917171752e+04
2.012530603456e+03 1.020000000000e+00 3.681507555516e+01 4.300000000000e+00 5.082420832041e+00 4.043295967203e+02 -2.446773516704e+00 -3.452495136468e+00 1.007675057323e+02 6.846181740267e+00 -4.634230882542e+00 -1.087031378070e+00 7.180342192170e+04
2.012530717496e+03 1.020000000000e+00 3.681507555516e+01 4.300000000000e+00 4.939247001056e+00 4.020623564029e+02 -2.434429155272e+00 -3.409477804910e+00 9.782372340856e+01 5.394752258188e+00 -2.827414391575e+00 -1.103213369805e+00 7.172632430202e+04
2.012530831536e+03 1.020000000000e+00 3.681507555516e+01 4.300000000000e+00 4.814625999147e+00 3.994822715487e+02 -1.883648361949e+00 -3.057081902323e+00 9.485317488146e+01 3.622082590642e+00 -9.447161920832e-01 -9.700881785947e-01 7.134907619018e+04
2.012530945576e+03 1.020000000000e+00 3.681507555516e+01 4.300000000000e+00 4.705092723779e+00 3.965639110606e+02 -6.859141544468e-01 -2.126468138502e+00 9.207156497695e+01 1.498253453362e+00 1.040293108416e+00 -5.410757638171e-01 7.087141142185e+04
2.012531059617e+03 1.020000000000e+00 3.681507555516e+01 4.300000000000e+00 4.609692804908e+00 3.933197519942e+02 1.128613974079e+00 -8.917888371794e-01 8.933273965839e+01 -9.855418457650e-01 3.212943449818e+00 1.448772708219e-01 7.018756051560e+04
2.012531173657e+03 1.020000000000e+00 3.681507555516e+01 4.300000000000e+00 4.527716941892e+00 3.898409779434e+02 3.225825056518e+00 2.992154270556e-01 8.603117437313e+01 -3.815543421701e+00 5.577059283836e+00 8.214044579918e-01 6.882006287432e+04
2.012531287697e+03 1.020000000000e+00 3.681507555516e+01 4.300000000000e+00 4.475656873307e+00 3.862759194279e+02 5.464116923667e+00 1.268396840924e+00 8.228004584564e+01 -6.956091043268e+00 8.104027777442e+00 1.316743723617e+00 6.658260314638e+04
2.012531401737e+03 1.020000000000e+00 3.681507555516e+01 4.300000000000e+00 4.468252580304e+00 3.827392164662e+02 7.747283522377e+00 1.984929991934e+00 7.827516202661e+01 -1.032932902012e+01 1.074346158677e+01 1.624076502170e+00 6.343353455353e+04
2.012531515778e+03 1.020000000000e+00 3.681507555516e+01 4.300000000000e+00 4.476779220841e+00 3.792832619838e+02 9.993784202191e+00 2.481497751807e+00 7.381689342869e+01 -1.382130360354e+01 1.341283889296e+01 1.801306285428e+00 5.969044838787e+04
2.012531629818e+03 1.020000000000e+00 3.681507555516e+01 4.300000000000e+00 4.486806911298e+00 3.759750008771e+02 1.211212274447e+01 2.731744026441e+00 6.852158273163e+01 -1.729781835955e+01 1.605170507250e+01 1.864154580613e+00 5.526988737169e+04
2.012531743858e+03 1.020000000000e+00 3.681507555516e+01 4.300000000000e+00 4.494505364074e+00 3.729269593400e+02 1.400581479476e+01 2.789406957586e+00 6.278061309354e+01 -2.063229765245e+01 1.860940069257e+01 1.814024014872e+00 5.054326289485e+04
2.012531857898e+03 1.020000000000e+00 3.681507555516e+01 4.300000000000e+00 4.504511847086e+00 3.702176134248e+02 1.559529517384e+01 2.705992847926e+00 5.706323472899e+01 -2.372667407667e+01 2.097872817217e+01 1.604097334632e+00 4.583882010356e+04
2.012531971939e+03 1.020000000000e+00 3.681507555516e+01 4.300000000000e+00 4.524392931453e+00 3.678712696154e+02 1.682551400714e+01 2.487581224661e+00 5.179938686391e+01 -2.651097638059e+01 2.308177839019e+01 1.211588991842e+00 4.144193964051e+04
2.012532085979e+03 1.020000000000e+00 3.681507555516e+01 4.300000000000e+00 4.560386501978e+00 3.658760023997e+02 1.767192855622e+01 2.158869932051e+00 4.732954055862e+01 -2.895061529112e+01 2.489774697252e+01 6.538143053952e-01 3.758993980868e+04
2.012532200019e+03 1.020000000000e+00 3.681507555516e+01 4.300000000000e+00 4.618657107697e+00 3.642403883746e+02 1.818295397852e+01 1.864106068570e+00 4.388296019538e+01 -3.105285862506e+01 2.645913951496e+01 9.698587071856e-02 3.443159290686e+04
2.012532314059e+03 1.020000000000e+00 3.681507555516e+01 4.300000000000e+00 4.703898121533e+00 3.629515824175e+02 1.841161744729e+01 1.694979042262e+00 4.140360460449e+01 -3.283575820639e+01 2.777201555915e+01 -3.453015729353e-01 3.190817537349e+04
2.012532428100e+03 1.020000000000e+00 3.681507555516e+01 4.300000000000e+00 4.807200979168e+00 3.620716636504e+02 1.839371671766e+01 1.631291666572e+00 3.975915749456e+01 -3.433531298878e+01 2.886579193544e+01 -6.113616157930e-01 2.998531538844e+04
2.012532542140e+03 1.020000000000e+00 3.681507555516e+01 4.300000000000e+00 4.910669678896e+00 3.616399817782e+02 1.814811524217e+01 1.651665427448e+00 3.862251312530e+01 -3.558923900930e+01 2.983914167232e+01 -7.260361078165e-01 2.850241387124e+04
2.012532656180e+03 1.020000000000e+00 3.681507555516e+01 4.300000000000e+00 5.036598918385e+00 3.617452358317e+02 1.753258374770e+01 1.820799767690e+00 3.818327324386e+01 -3.662211505967e+01 3.066551044166e+01 -7.289649462349e-01 2.746967092680e+04
2.012532770220e+03 1.020000000000e+00 3.681507555516e+01 4.300000000000e+00 5.163021914870e+00 3.624776734152e+02 1.647024441799e+01 2.195823687587e+00 3.845651900773e+01 -3.743129569920e+01 3.140932159126e+01 -5.795363686765e-01 2.699007349068e+04
2.012532884261e+03 1.020000000000e+00 3.781507555516e+01 4.400000000000e+00 5.172339108698e+00 3.591512748832e+02 1.787855962699e+01 2.182765300712e+00 3.945304377992e+01 -3.629644912622e+01 3.061221774143e+01 -6.791301193301e-01 2.764483958342e+04
2.012532998301e+03 1.020000000000e+00 3.781507555516e+01 4.400000000000e+00 5.361986165386e+00 3.600837324907e+02 1.663449065745e+01 2.601428087621e+00 4.011228791584e+01 -3.714003887972e+01 3.136108046682e+01 -4.005871300468e-01 2.709623728315e+04
2.012533112341e+03 1.020000000000e+00 3.781507555516e+01 4.400000000000e+00 5.564517299888e+00 3.616889967583e+02 1.497925400857e+01 3.160077373172e+00 4.155292499490e+01 -3.777368883493e+01 3.201547945870e+01 1.694357378372e-02 2.702622158819e+04
2.012533226381e+03 1.020000000000e+00 3.781507555516e+01 4.400000000000e+00 5.778236969882e+00 3.636266007580e+02 1.303128391043e+01 3.844055293502e+00 4.345715242532e+01 -3.820740608712e+01 3.255919835349e+01 6.060096363840e-01 2.717952174161e+04
2.012533340422e+03 1.020000000000e+00 3.781507555516e+01 4.400000000000e+00 6.062678005376e+00 3.661329439548e+02 1.068660088149e+01 4.567156168876e+00 4.637255188968e+01 -3.846080271182e+01 3.285201699795e+01 1.296754893428e+00 2.762368998522e+04
2.012533454462e+03 1.020000000000e+00 3.781507555516e+01 4.400000000000e+00 6.360494195117e+00 3.689616329813e+02 8.186076367276e+00 5.261567907297e+00 4.978228596567e+01 -3.857173041643e+01 3.293204356930e+01 2.015499691544e+00 2.827259114388e+04
2.012533568502e+03 1.020000000000e+00 3.781507555516e+01 4.400000000000e+00 6.600503562838e+00 3.718115873364e+02 5.713664909686e+00 5.892864671918e+00 5.313307386630e+01 -3.858397124422e+01 3.284516151929e+01 2.688496897400e+00 2.910084948123e+04
2.012533682542e+03 1.020000000000e+00 3.781507555516e+01 4.400000000000e+00 6.741871764797e+00 3.745001543455e+02 3.372512594893e+00 6.425224532899e+00 5.614073773703e+01 -3.854287785514e+01 3.261530583055e+01 3.248320492434e+00 3.014122329652e+04
2.012533796583e+03 1.020000000000e+00 3.781507555516e+01 4.400000000000e+00 6.816924174623e+00 3.768810019228e+02 1.236626297351e+00 6.842921547490e+00 5.862259257958e+01 -3.849649552512e+01 3.222433330818e+01 3.658931612702e+00 3.117621744990e+04
2.012533910623e+03 1.020000000000e+00 3.781507555516e+01 4.400000000000e+00 6.794976187427e+00 3.788606092992e+02 -6.138297011018e-01 7.153783536553e+00 6.039284308004e+01 -3.847692179233e+01 3.169150076481e+01 3.922136625949e+00 3.224569301152e+04
2.012534024663e+03 1.020000000000e+00 3.781507555516e+01 4.400000000000e+00 6.686642180290e+00 3.804121043430e+02 -2.146165556820e+00 7.372490533736e+00 6.130624699001e+01 -3.850312406720e+01 3.110591978822e+01 4.061085047486e+00 3.325739865934e+04
2.012534138703e+03 1.020000000000e+00 3.781507555516e+01 4.400000000000e+00 6.525554792373e+00 3.815230282847e+02 -3.342203171941e+00 7.496644007707e+00 6.141511972841e+01 -3.857959071557e+01 3.050337392742e+01 4.046547353947e+00 3.412556622456e+04
2.012534252744e+03 1.020000000000e+00 3.781507555516e+01 4.400000000000e+00 6.348922196637e+00 3.821922057769e+02 -4.232340240703e+00 7.495944508445e+00 6.083186066167e+01 -3.869778362957e+01 2.987651881849e+01 3.859294104408e+00 3.472791360070e+04
2.012534366784e+03 1.020000000000e+00 3.781507555516e+01 4.400000000000e+00 6.149822449400e+00 3.824427439324e+02 -4.847384911179e+00 7.365314539836e+00 5.960589764400e+01 -3.884186087728e+01 2.933089185490e+01 3.533877015549e+00 3.509929055246e+04
2.012534480824e+03 1.020000000000e+00 3.781507555516e+01 4.400000000000e+00 5.941220879813e+00 3.822847183064e+02 -5.243156388092e+00 7.125475462799e+00 5.777555500665e+01 -3.901185420478e+01 2.890883955012e+01 3.062832589257e+00 3.517905770882e+04
2.012534594864e+03 1.020000000000e+00 3.781507555516e+01 4.400000000000e+00 5.714204606980e+00 3.815973403133e+02 -5.425454560115e+00 6.778259387250e+00 5.520967576551e+01 -3.920651534036e+01 2.857733441922e+01 2.447491797436e+00 3.491167347540e+04
2.012534708905e+03 1.020000000000e+00 3.781507555516e+01 4.400000000000e+00 5.482556838777e+00 3.802374348084e+02 -5.259416988874e+00 6.543787391503e+00 5.195163224246e+01 -3.920570489165e+01 2.830571683514e+01 1.976015304182e+00 3.420198039655e+04
2.012534822945e+03 1.020000000000e+00 3.781507555516e+01 4.400000000000e+00 5.470381073126e+00 3.831492218462e+02 -4.706841658686e+00 4.634264434667e+00 7.248410864113e+01 -3.935106745422e+01 2.923896416680e+01 6.301889961436e-01 4.689818617429e+04
2.012534936985e+03 1.020000000000e+00 3.781507555516e+01 4.400000000000e+00 8.492432573615e+00 4.533040658754e+02 5.726456692673e+00 -1.865887155360e+01 8.232372513780e+02 -4.363642963444e+01 5.732106190059e+01 -1.103508419263e+01 3.232461690241e+05
2.012535051025e+03 1.020000000000e+00 3.781507555516e+01 4.400000000000e+00 1.529074461113e+01 5.479858891408e+02 1.974326695277e+01 -4.565616772955e+01 2.764363286372e+03 -4.942931496572e+01 1.121569595766e+02 -2.277578349067e+01 6.532282686033e+05
2.012535165066e+03 1.020000000000e+00 3.781507555516e+01 4.400000000000e+00 1.754628273605e+01 5.673815443759e+02 2.448209417634e+01 -4.942093655416e+01 3.326425774678e+03 -4.861712337547e+01 1.228278978763e+02 -2.072908440128e+01 6.867053099829e+05
2.012535279106e+03 1.020000000000e+00 3.781507555516e+01 4.400000000000e+00 1.766739805826e+01 5.660640268201e+02 2.425946531094e+01 -4.654332645928e+01 3.189914379910e+03 -4.356174145162e+01 1.164007696392e+02 -1.240575960400e+01 6.538640323789e+05
2.012535393146e+03 1.020000000000e+00 3.781507555516e+01 4.400000000000e+00 1.722580200347e+01 5.578540552040e+02 1.768370458773e+01 -4.208471461638e+01 2.911867922406e+03 -3.708418244075e+01 8.815973581912e+01 -6.034853755388e+00 6.122045854394e+05
2.012535507186e+03 1.020000000000e+00 3.781507555516e+01 4.400000000000e+00 1.699951320596e+01 5.527041468773e+02 1.934743606743e+00 -4.058784360588e+01 2.738057704285e+03 -3.246937046723e+01 4.761305550446e+01 -4.481950096214e+00 5.833220240228e+05
2.012535621227e+03 1.020000000000e+00 3.871507555516e+01 4.400000000000e+00 1.676806013649e+01 5.506084837957e+02 -1.130715278165e+01 -3.966500255765e+01 2.625040898343e+03 -3.018321736895e+01 1.000426446882e+01 -4.565419545472e+00 5.669983507314e+05
2.012535735267e+03 1.020000000000e+00 3.871507555516e+01 4.400000000000e+00 1.601339757060e+01 5.502567458869e+02 -2.699693353312e+01 -4.539226436070e+01 2.413333370836e+03 -2.914841216718e+01 -3.704349146197e+01 -1.891505300590e+01 5.458121545900e+05
2.012535849307e+03 1.020000000000e+00 3.871507555516e+01 4.400000000000e+00 1.374122754391e+01 5.490960537742e+02 -3.908587239049e+01 -5.114934115391e+01 1.989778259755e+03 -3.115440350277e+01 -8.020995159911e+01 -4.588152633711e+01 5.253583893052e+05
2.012535963347e+03 1.020000000000e+00 3.871507555516e+01 4.400000000000e+00 9.952816414254e+00 5.454874263443e+02 -4.436800660122e+01 -5.399400720513e+01 1.476444676547e+03 -4.136624418108e+01 -1.043003146767e+02 -7.684184439307e+01 5.396479891454e+05
2.012536077388e+03 1.020000000000e+00 3.871507555516e+01 4.400000000000e+00 6.433209055145e+00 5.384353269907e+02 -4.416739315968e+01 -5.362940265094e+01 1.011731797468e+03 -5.619558026302e+01 -1.073310774849e+02 -1.023155523073e+02 5.717385607540e+05
2.012536191428e+03 1.020000000000e+00 3.871507555516e+01 4.400000000000e+00 4.466684587707e+00 5.343852516625e+02 -3.989554358260e+01 -4.964198562976e+01 7.313596789963e+02 -7.172369777732e+01 -1.031341777331e+02 -1.173863677514e+02 5.925688110746e+05
2.012536305468e+03 1.020000000000e+00 3.871507555516e+01 4.400000000000e+00 3.617019166017e+00 5.312673910734e+02 -2.445328878566e+01 -4.110990640833e+01 5.607687741753e+02 -8.582354733549e+01 -9.473828932202e+01 -1.256412561838e+02 5.601093052454e+05
2.012536419508e+03 1.020000000000e+00 3.871507555516e+01 4.400000000000e+00 3.215067283415e+00 5.288930876129e+02 -4.537273530300e+00 -3.222649902987e+01 4.300222567961e+02 -9.710160983578e+01 -8.677534273684e+01 -1.315966058574e+02 4.836369809804e+05
2.012536533549e+03 1.020000000000e+00 3.871507555516e+01 4.400000000000e+00 3.066368940439e+00 5.285718097943e+02 1.109281500995e+01 -2.294376849728e+01 3.325123957665e+02 -1.058653410671e+02 -8.267334990505e+01 -1.352619978327e+02 3.924872293348e+05
2.012536647589e+03 1.020000000000e+00 3.871507555516e+01 4.400000000000e+00 2.998167161108e+00 5.304973845748e+02 2.187711885094e+01 -1.372307616694e+01 2.514892109323e+02 -1.131473299078e+02 -8.386981937762e+01 -1.369747856491e+02 3.036086248725e+05
2.012536761629e+03 1.020000000000e+00 3.871507555516e+01 4.400000000000e+00 2.893249272882e+00 5.348163792235e+02 3.040970683455e+01 -4.484477584080e+00 1.725690210474e+02 -1.189704944108e+02 -9.316817208580e+01 -1.351661037995e+02 2.154182953103e+05
2.012536875669e+03 1.020000000000e+00 3.871507555516e+01 4.400000000000e+00 2.610822528166e+00 5.380120472093e+02 3.540482032715e+01 6.000786295734e+00 1.022264296389e+02 -1.231628917618e+02 -1.076935102935e+02 -1.281868249707e+02 1.408008654003e+05
2.012536989709e+03 1.020000000000e+00 3.871507555516e+01 4.400000000000e+00 2.208918097083e+00 5.390778489386e+02 3.955207727721e+01 1.439930570016e+01 5.343851149621e+01 -1.275199445894e+02 -1.219077862812e+02 -1.162288390481e+02 8.698063009783e+04
2.012537103750e+03 1.020000000000e+00 3.871507555516e+01 4.400000000000e+00 1.920503741076e+00 5.377505474411e+02 4.252532045112e+01 1.872491978740e+01 2.765178629236e+01 -1.328731472282e+02 -1.330960002833e+02 -1.025603987299e+02 5.203709918890e+04
2.012537217790e+03 1.020000000000e+00 3.871507555516e+01 4.400000000000e+00 1.758756621180e+00 5.331341170250e+02 4.307815186348e+01 2.008113480235e+01 1.724713177410e+01 -1.381412717998e+02 -1.407651713892e+02 -8.828232056166e+01 3.550996705193e+04
2.012537331830e+03 1.020000000000e+00 3.871507555516e+01 4.400000000000e+00 1.555776972719e+00 5.258997893521e+02 4.335153944537e+01 1.963593406147e+01 1.228007235389e+01 -1.430955487330e+02 -1.456747970209e+02 -7.424743395927e+01 2.859851520134e+04
2.012537445870e+03 1.020000000000e+00 3.871507555516e+01 4.400000000000e+00 1.328063159991e+00 5.190282833645e+02 4.389149196608e+01 1.738625193326e+01 9.097835912039e+00 -1.479527997131e+02 -1.492172011956e+02 -6.070753282395e+01 2.480488251866e+04
2.012537559911e+03 1.020000000000e+00 3.871507555516e+01 4.400000000000e+00 1.135434706585e+00 5.120421036422e+02 4.474106396402e+01 1.472924520273e+01 7.052401539678e+00 -1.526591996299e+02 -1.513067330265e+02 -4.715660307427e+01 2.249181052932e+04
2.012537673951e+03 1.020000000000e+00 3.871507555516e+01 4.400000000000e+00 1.031915529899e+00 5.036189285175e+02 4.548615654712e+01 1.152066658172e+01 6.255999241138e+00 -1.572719654971e+02 -1.515944867726e+02 -3.352283603789e+01 2.195090864056e+04
2.012537787991e+03 1.020000000000e+00 3.871507555516e+01 4.400000000000e+00 9.820183875599e-01 4.949452209265e+02 4.534897344070e+01 7.768228594817e+00 5.972050932771e+00 -1.617663016221e+02 -1.508522670444e+02 -1.985573266342e+01 2.202172316791e+04
2.012537902031e+03 1.020000000000e+00 3.871507555516e+01 4.400000000000e+00 9.497255877577e-01 4.861431614656e+02 4.452674668364e+01 4.219644437515e+00 5.991580963542e+00 -1.659346604235e+02 -1.490523016546e+02 -5.989902991093e+00 2.286288318981e+04
2.012538016072e+03 1.020000000000e+00 3.871507555516e+01 4.400000000000e+00 9.283282879943e-01 4.774623604270e+02 4.382806953818e+01 1.104119386865e+00 6.085050933098e+00 -1.694805067740e+02 -1.458704407957e+02 8.174249532003e+00 2.379494733247e+04
2.012538130112e+03 1.020000000000e+00 3.871507555516e+01 4.400000000000e+00 9.083793675542e-01 4.698528730672e+02 4.302052950480e+01 -1.453014311821e+00 6.079035933002e+00 -1.722083916892e+02 -1.418170248867e+02 2.241953633302e+01 2.431590257024e+04
2.012538244152e+03 1.020000000000e+00 3.871507555516e+01 4.400000000000e+00 8.895037320276e-01 4.621838975966e+02 4.290152850467e+01 -3.575569305318e+00 5.890763562992e+00 -1.738056795663e+02 -1.363964582048e+02 3.642770737122e+01 2.403563741757e+04
2.012538358192e+03 1.020000000000e+00 3.971507555516e+01 4.500000000000e+00 8.947571188286e-01 4.534808601570e+02 4.014705698872e+01 -6.986397839917e+00 8.380594315380e+00 -1.737675331309e+02 -1.353651732126e+02 5.718806909110e+01 3.295856612449e+04
2.012538472233e+03 1.020000000000e+00 3.971507555516e+01 4.500000000000e+00 8.767292712167e-01 4.454483618836e+02 4.048744645778e+01 -8.415211683586e+00 8.197438489610e+00 -1.733393450305e+02 -1.275115325320e+02 7.058784646971e+01 3.283740601378e+04
2.012538586273e+03 1.020000000000e+00 3.971507555516e+01 4.500000000000e+00 8.564038225361e-01 4.381599306416e+02 4.139617841618e+01 -9.284050809031e+00 7.837991974265e+00 -1.719828935568e+02 -1.186473562011e+02 8.308227224300e+01 3.216669978932e+04
2.012538700313e+03 1.020000000000e+00 3.971507555516e+01 4.500000000000e+00 8.379412132963e-01 4.318721047601e+02 4.229759294956e+01 -9.714896914016e+00 7.187997035496e+00 -1.699018526512e+02 -1.092275244141e+02 9.452203250014e+01 3.022887505398e+04
2.012538814353e+03 1.020000000000e+00 3.971507555516e+01 4.500000000000e+00 8.200225823067e-01 4.265252263904e+02 4.340609119389e+01 -9.884503900665e+00 6.338342143441e+00 -1.674822182155e+02 -9.928563953104e+01 1.047324642167e+02 2.739703259294e+04
2.012538928394e+03 1.020000000000e+00 3.971507555516e+01 4.500000000000e+00 8.035814325449e-01 4.221350786835e+02 4.478749077558e+01 -9.737286640112e+00 5.361601211834e+00 -1.647036262742e+02 -8.900785926884e+01 1.136105717312e+02 2.384193435858e+04
2.012539042434e+03 1.020000000000e+00 3.971507555516e+01 4.500000000000e+00 7.908063846335e-01 4.186111944515e+02 4.643965970165e+01 -9.341871759639e+00 4.396634757344e+00 -1.609083338418e+02 -7.872840024036e+01 1.211864727517e+02 2.002521334238e+04
2.012539156474e+03 1.020000000000e+00 3.971507555516e+01 4.500000000000e+00 7.817130542221e-01 4.158474639059e+02 4.824642160327e+01 -8.904889440516e+00 3.573628133742e+00 -1.558023770437e+02 -6.875430363330e+01 1.275990128334e+02 1.654593816569e+04
2.012539270514e+03 1.020000000000e+00 3.971507555516e+01 4.500000000000e+00 7.768749164956e-01 4.138012028377e+02 4.999591347632e+01 -8.382418095084e+00 2.956702250410e+00 -1.500354193470e+02 -5.933107486650e+01 1.328973328745e+02 1.380749906775e+04
2.012539384555e+03 1.020000000000e+00 3.971507555516e+01 4.500000000000e+00 7.730368675125e-01 4.123731700762e+02 5.155066577991e+01 -7.880844464593e+00 2.469772633466e+00 -1.438998836534e+02 -5.069444219780e+01 1.370528489636e+02 1.159301860329e+04
2.012539498595e+03 1.020000000000e+00 3.971507555516e+01 4.500000000000e+00 7.692878573888e-01 4.115381818631e+02 5.269737262668e+01 -7.602826319240e+00 2.058150787441e+00 -1.375987776819e+02 -4.294089065421e+01 1.401214779032e+02 9.696597713193e+03
2.012539612635e+03 1.020000000000e+00 3.971507555516e+01 4.500000000000e+00 7.639504056997e-01 4.111713883692e+02 5.335304982647e+01 -7.786058748750e+00 1.770983359114e+00 -1.314638111932e+02 -3.604060446791e+01 1.422996916195e+02 8.397428272981e+03
2.012539726675e+03 1.020000000000e+00 3.971507555516e+01 4.500000000000e+00 7.540329228282e-01 4.110292468350e+02 5.384360050391e+01 -8.565159598838e+00 1.650910787033e+00 -1.257191595077e+02 -2.986519923502e+01 1.437164858859e+02 7.932586222419e+03
2.012539840716e+03 1.020000000000e+00 3.971507555516e+01 4.500000000000e+00 7.393354939573e-01 4.109615302386e+02 5.449840946089e+01 -1.002719484609e+01 1.658139841198e+00 -1.204112634968e+02 -2.425619350937e+01 1.444544876359e+02 8.126530072493e+03
2.012539954756e+03 1.020000000000e+00 3.971507555516e+01 4.500000000000e+00 7.239759898375e-01 4.109245810786e+02 5.559906648783e+01 -1.235211919008e+01 1.700042558011e+00 -1.154782954862e+02 -1.913484461763e+01 1.445957060092e+02 8.512545840671e+03
2.012540068796e+03 1.020000000000e+00 3.971507555516e+01 4.500000000000e+00 7.056413928513e-01 4.107934485776e+02 5.729663831304e+01 -1.521978585489e+01 1.761446498756e+00 -1.109024545069e+02 -1.443007923142e+01 1.442979519441e+02 9.050565126137e+03
2.012540182836e+03 1.020000000000e+00 3.971507555516e+01 4.500000000000e+00 6.820747181795e-01 4.105043349053e+02 5.965711531953e+01 -1.832504278644e+01 1.807172018737e+00 -1.067574220253e+02 -1.009412075063e+01 1.436844824744e+02 9.612917621258e+03
2.012540296877e+03 1.020000000000e+00 3.971507555516e+01 4.500000000000e+00 6.451266634722e-01 4.099732853333e+02 6.243019062222e+01 -2.152339354146e+01 1.825871188575e+00 -1.030479300133e+02 -6.029316599704e+00 1.428284372519e+02 1.028243583387e+04
2.012540410917e+03 1.020000000000e+00 3.971507555516e+01 4.500000000000e+00 5.940241614875e-01 4.090987986725e+02 6.522290608582e+01 -2.475221798624e+01 1.808180669026e+00 -9.965189020012e+01 -2.110877938827e+00 1.417233158022e+02 1.106685606004e+04
2.012540524957e+03 1.020000000000e+00 3.971507555516e+01 4.500000000000e+00 5.373177169955e-01 4.078866169236e+02 6.741835592848e+01 -2.781592594641e+01 1.769163461104e+00 -9.649059537617e+01 1.818680154237e+00 1.403606012989e+02 1.197578025127e+04
2.012540638997e+03 1.020000000000e+00 3.971507555516e+01 4.500000000000e+00 4.809451257586e-01 4.064550029492e+02 6.867333374174e+01 -3.047275926721e+01 1.742505030405e+00 -9.352568334114e+01 5.874869562841e+00 1.387953333381e+02 1.319680784748e+04
2.012540753038e+03 1.020000000000e+00 3.971507555516e+01 4.500000000000e+00 4.273261548380e-01 4.048207585742e+02 6.886281291627e+01 -3.255035543324e+01 1.801622131530e+00 -9.068552811248e+01 1.019413117352e+01 1.370584241246e+02 1.536192413006e+04
2.012540867078e+03 1.020000000000e+00 3.971507555516e+01 4.500000000000e+00 3.849792189951e-01 4.027115357707e+02 6.718927362131e+01 -3.372954578797e+01 2.097150022569e+00 -8.796035160147e+01 1.484872256156e+01 1.351391117435e+02 1.980148485775e+04
2.012540981118e+03 1.020000000000e+00 3.971507555516e+01 4.500000000000e+00 3.602875478215e-01 3.998883755853e+02 6.209314469233e+01 -3.356821535384e+01 2.724955792649e+00 -8.544834577330e+01 2.016807553741e+01 1.329678588690e+02 2.743011757982e+04
2.012541095158e+03 1.020000000000e+00 4.061507555516e+01 4.600000000000e+00 3.665771195320e-01 3.925352207615e+02 5.172115740543e+01 -3.230186232212e+01 3.467937650502e+00 -7.767204535476e+01 2.790233068277e+01 1.357189475145e+02 3.443175350029e+04
2.012541209199e+03 1.020000000000e+00 4.061507555516e+01 4.600000000000e+00 3.550575556397e-01 3.882277949457e+02 4.319878372888e+01 -3.008689445967e+01 4.010559111455e+00 -7.447522207643e+01 3.508877236119e+01 1.327253436673e+02 4.111345350934e+04
2.012541323239e+03 1.020000000000e+00 4.061507555516e+01 4.600000000000e+00 3.471484519643e-01 3.832316507518e+02 3.474146250307e+01 -2.725329537395e+01 4.353797655535e+00 -7.091953566759e+01 4.250778130396e+01 1.293048125511e+02 4.571202983389e+04
2.012541437279e+03 1.020000000000e+00 4.061507555516e+01 4.600000000000e+00 3.401857635545e-01 3.785579519827e+02 2.748265275772e+01 -2.333069188892e+01 4.445159602656e+00 -6.703988315536e+01 4.975891241517e+01 1.255535865858e+02 4.766521927315e+04
2.012541551319e+03 1.020000000000e+00 4.061507555516e+01 4.600000000000e+00 3.319298484980e-01 3.740676041835e+02 2.235936370068e+01 -1.899657873512e+01 4.357926141426e+00 -6.300671829471e+01 5.646818121323e+01 1.215070075932e+02 4.790731997530e+04
2.012541665360e+03 1.020000000000e+00 4.061507555516e+01 4.600000000000e+00 3.257538656154e-01 3.703231032935e+02 1.960169044237e+01 -1.511016687390e+01 4.136128952227e+00 -5.901602242818e+01 6.231138158770e+01 1.173378181373e+02 4.641809194914e+04
2.012541779400e+03 1.020000000000e+00 4.061507555516e+01 4.600000000000e+00 3.250385365657e-01 3.673717193717e+02 1.856070304027e+01 -1.197229742733e+01 3.868541326669e+00 -5.522403125024e+01 6.713838178580e+01 1.131616556473e+02 4.351477686511e+04
2.012541893440e+03 1.020000000000e+00 4.061507555516e+01 4.600000000000e+00 3.335158205845e-01 3.653741121927e+02 1.892068197715e+01 -9.620506116351e+00 3.646195044522e+00 -5.172224762304e+01 7.109065477011e+01 1.090462121749e+02 3.989883426064e+04
2.012542007480e+03 1.020000000000e+00 4.061507555516e+01 4.600000000000e+00 3.495052679402e-01 3.641563099348e+02 2.143584707803e+01 -7.655181888472e+00 3.501887960488e+00 -4.861827015479e+01 7.436277200307e+01 1.050522828390e+02 3.652993718393e+04
2.012542121521e+03 1.020000000000e+00 4.061507555516e+01 4.600000000000e+00 3.687937470342e-01 3.635944932872e+02 2.495603945424e+01 -5.757962079326e+00 3.413436324147e+00 -4.589805211019e+01 7.695454090906e+01 1.011618238166e+02 3.374616293080e+04
2.012542235561e+03 1.020000000000e+00 4.061507555516e+01 4.600000000000e+00 3.859946037623e-01 3.634819990718e+02 2.892407192303e+01 -3.993820142224e+00 3.346232109823e+00 -4.350545951272e+01 7.918417486702e+01 9.730097168593e+01 3.163112701904e+04
2.012542349601e+03 1.020000000000e+00 4.061507555516e+01 4.600000000000e+00 3.967654742787e-01 3.634472180754e+02 3.300295034411e+01 -2.533120908284e+00 3.279479323797e+00 -4.140314502494e+01 8.107671509603e+01 9.354878342076e+01 3.017954336256e+04
2.012542463641e+03 1.020000000000e+00 4.061507555516e+01 4.600000000000e+00 3.978537249165e-01 3.634652225416e+02 3.679347754467e+01 -1.448408413383e+00 3.217027949799e+00 -3.954169709313e+01 8.253440221855e+01 9.004145468302e+01 2.952319842948e+04
2.012542577682e+03 1.020000000000e+00 4.061507555516e+01 4.600000000000e+00 3.916703405473e-01 3.634647749009e+02 3.984683320294e+01 -7.203556877702e-01 3.166751494787e+00 -3.790884025700e+01 8.362310108115e+01 8.683345755424e+01 2.953106675961e+04
2.012542691722e+03 1.020000000000e+00 4.061507555516e+01 4.600000000000e+00 3.824989253513e-01 3.633894136399e+02 4.175060964515e+01 -5.473880443618e-01 3.143545196994e+00 -3.647973692210e+01 8.438685781529e+01 8.382990310091e+01 3.001331619134e+04
2.012542805762e+03 1.020000000000e+00 4.061507555516e+01 4.600000000000e+00 3.713403414041e-01 3.634309740210e+02 4.275298230487e+01 -1.348157255979e+00 3.411303226159e+00 -3.522798089717e+01 8.481560937140e+01 8.107551780434e+01 3.365339016153e+04
2.012542919802e+03 1.020000000000e+00 4.061507555516e+01 4.600000000000e+00 3.536488387390e-01 3.642668592843e+02 4.232158802961e+01 -4.248865061789e+00 4.943401920091e+00 -3.420325349904e+01 8.471122705590e+01 7.862920612002e+01 5.128581086646e+04
2.012543033843e+03 1.020000000000e+00 4.061507555516e+01 4.600000000000e+00 3.317997544198e-01 3.659528006666e+02 3.963231858179e+01 -9.417058278370e+00 8.290974511243e+00 -3.349131158918e+01 8.401081302824e+01 7.647195849956e+01 9.127815819910e+04
2.012543147883e+03 1.020000000000e+00 4.061507555516e+01 4.600000000000e+00 3.136087215460e-01 3.694911095512e+02 3.264794722366e+01 -1.554860397108e+01 1.249168719119e+01 -3.302162822192e+01 8.280779360406e+01 7.488963795075e+01 1.449067530015e+05
2.012543261923e+03 1.020000000000e+00 4.061507555516e+01 4.600000000000e+00 3.004717203183e-01 3.731906263192e+02 2.311528265910e+01 -2.145409077639e+01 1.684985623697e+01 -3.274710329217e+01 8.097166657704e+01 7.378792812057e+01 2.035379798714e+05
2.012543375963e+03 1.020000000000e+00 4.061507555516e+01 4.600000000000e+00 2.934196431740e-01 3.758174971819e+02 1.213314665979e+01 -2.392534010376e+01 2.092241184113e+01 -3.298436988611e+01 7.834800390963e+01 7.338025254358e+01 2.583184339748e+05
2.012543490004e+03 1.020000000000e+00 4.061507555516e+01 4.600000000000e+00 2.928630233176e-01 3.782853056859e+02 3.284883654203e+00 -2.398455063830e+01 2.452340048247e+01 -3.402223311956e+01 7.541691763220e+01 7.350987167083e+01 3.029653676956e+05
2.012543604044e+03 1.020000000000e+00 4.061507555516e+01 4.600000000000e+00 3.120622346128e-01 3.795548880041e+02 -1.194453573830e+00 -2.312775592620e+01 2.772484449365e+01 -3.524101007479e+01 7.272713419427e+01 7.348130230977e+01 3.218590740421e+05
2.012543718084e+03 1.020000000000e+00 4.161507555516e+01 4.700000000000e+00 3.804651560131e-01 3.784125097520e+02 -4.682892079469e-01 -2.258783220374e+01 3.156441031726e+01 -3.577477352006e+01 6.970234024020e+01 7.464472645175e+01 3.111729488933e+05
2.012543832124e+03 1.020000000000e+00 4.161507555516e+01 4.700000000000e+00 6.210956505630e-01 3.779528029128e+02 -2.610301346408e-01 -1.961488776999e+01 3.439207463220e+01 -3.701363846775e+01 6.811501880342e+01 7.397888726259e+01 2.288659155040e+05
2.012543946165e+03 1.020000000000e+00 4.161507555516e+01 4.700000000000e+00 1.238070445295e+00 3.769028735777e+02 1.254433021305e+00 -1.687305213407e+01 3.714411424407e+01 -3.810900517619e+01 6.714607165086e+01 7.322063552296e+01 1.169380795219e+05
2.012544060205e+03 1.020000000000e+00 4.161507555516e+01 4.700000000000e+00 2.084488905227e+00 3.755302490662e+02 3.353780118661e+00 -1.436459638955e+01 3.964853998918e+01 -3.912047866549e+01 6.663017122105e+01 7.269961491516e+01 7.121634027181e+04
2.012544174245e+03 1.020000000000e+00 4.161507555516e+01 4.700000000000e+00 2.998572445621e+00 3.744900911998e+02 5.520556027325e+00 -1.208266446268e+01 4.176253058767e+01 -4.009497953372e+01 6.697262392474e+01 7.268967440080e+01 5.124847674133e+04
2.012544288285e+03 1.020000000000e+00 4.161507555516e+01 4.700000000000e+00 3.881123052766e+00 3.738086446025e+02 7.576598364593e+00 -1.057666569490e+01 4.359501883698e+01 -4.100973344189e+01 6.840954576991e+01 7.305741448780e+01 4.097846264540e+04
2.012544402326e+03 1.020000000000e+00 4.161507555516e+01 4.700000000000e+00 4.645595611975e+00 3.729706280387e+02 8.978881315221e+00 -9.901011874883e+00 4.535664050344e+01 -4.185825626600e+01 7.024904282263e+01 7.335944959232e+01 3.544607081591e+04
2.012544516366e+03 1.020000000000e+00 4.161507555516e+01 4.700000000000e+00 5.248630252938e+00 3.720452663192e+02 9.560278000508e+00 -9.578896572562e+00 4.780800132460e+01 -4.265343760411e+01 7.221856066319e+01 7.343888111217e+01 3.297851041969e+04
2.012544630406e+03 1.020000000000e+00 4.161507555516e+01 4.700000000000e+00 5.844323666348e+00 3.712670883566e+02 9.624273269034e+00 -9.609637459576e+00 5.373300958750e+01 -4.332907762600e+01 7.397416248613e+01 7.309715571201e+01 3.316732462876e+04
2.012544744446e+03 1.020000000000e+00 4.161507555516e+01 4.700000000000e+00 6.930836538304e+00 3.710698880294e+02 9.176863487867e+00 -1.080830008313e+01 6.868497511859e+01 -4.377166515630e+01 7.493631440378e+01 7.221170060911e+01 3.564352400968e+04
2.012544858487e+03 1.020000000000e+00 4.161507555516e+01 4.700000000000e+00 8.506502209682e+00 3.712474407453e+02 7.610749344109e+00 -1.329959365259e+01 9.301167500869e+01 -4.393803779056e+01 7.513258597593e+01 7.090298162213e+01 3.935358831183e+04
2.012544972527e+03 1.020000000000e+00 4.161507555516e+01 4.700000000000e+00 1.025981657365e+01 3.715713444855e+02 5.298003612852e+00 -1.645602350465e+01 1.229637405928e+02 -4.393462250354e+01 7.505569490840e+01 6.871741678538e+01 4.320936346209e+04
2.012545086567e+03 1.020000000000e+00 4.161507555516e+01 4.700000000000e+00 1.200132457682e+01 3.720903995833e+02 2.559992391466e+00 -1.967545017325e+01 1.554849334762e+02 -4.389654668209e+01 7.537507423015e+01 6.540517220827e+01 4.677720169369e+04
2.012545200607e+03 1.020000000000e+00 4.161507555516e+01 4.700000000000e+00 1.352213580504e+01 3.728732791019e+02 -8.427707034016e-01 -2.210163296530e+01 1.878579054532e+02 -4.388216506992e+01 7.707597693535e+01 6.051262009945e+01 5.020759002580e+04
2.012545314648e+03 1.020000000000e+00 4.161507555516e+01 4.700000000000e+00 1.441040967226e+01 3.740259872240e+02 -4.663683084527e+00 -2.366654993420e+01 2.178364548916e+02 -4.390149041935e+01 7.999522142718e+01 5.446964947439e+01 5.470129867444e+04
2.012545428688e+03 1.020000000000e+00 4.161507555516e+01 4.700000000000e+00 1.457161078318e+01 3.752252452401e+02 -8.515282707919e+00 -2.462707079190e+01 2.439094678994e+02 -4.391498230280e+01 8.338618955498e+01 4.809981868476e+01 6.061177952052e+04
2.012545542728e+03 1.020000000000e+00 4.161507555516e+01 4.700000000000e+00 1.442705136188e+01 3.762078290703e+02 -1.207717860861e+01 -2.509917547219e+01 2.659282576960e+02 -4.390585177885e+01 8.670598050939e+01 4.199939156039e+01 6.675862602073e+04
2.012545656768e+03 1.020000000000e+00 4.161507555516e+01 4.700000000000e+00 1.417787806571e+01 3.768113476625e+02 -1.511162436377e+01 -2.517989894783e+01 2.847036764505e+02 -4.385750499547e+01 8.956753355364e+01 3.651559087270e+01 7.273030671370e+04
2.012545770809e+03 1.020000000000e+00 4.161507555516e+01 4.700000000000e+00 1.390357132933e+01 3.771659516051e+02 -1.748669271264e+01 -2.505687498259e+01 3.011408949170e+02 -4.373791207669e+01 9.170891895033e+01 3.179868248277e+01 7.844695992565e+04
2.012545884849e+03 1.020000000000e+00 4.161507555516e+01 4.700000000000e+00 1.362710375862e+01 3.773749271945e+02 -1.922143907580e+01 -2.475652142565e+01 3.146325658352e+02 -4.351591931361e+01 9.298522750374e+01 2.780403379940e+01 8.362223563745e+04
2.012545998889e+03 1.020000000000e+00 4.161507555516e+01 4.700000000000e+00 1.334458708173e+01 3.776616622575e+02 -2.043035799943e+01 -2.399942028480e+01 3.225986857007e+02 -4.316392547532e+01 9.336143666850e+01 2.434913258811e+01 8.755575733931e+04
2.012546112929e+03 1.020000000000e+00 4.161507555516e+01 4.700000000000e+00 1.297827773914e+01 3.786669210509e+02 -2.105189217289e+01 -2.226870052834e+01 3.259625062076e+02 -4.267168501934e+01 9.282216240403e+01 2.080586232281e+01 9.099286717121e+04
2.012546226970e+03 1.020000000000e+00 4.161507555516e+01 4.700000000000e+00 1.230860204331e+01 3.824286172841e+02 -2.112132385412e+01 -2.000657096215e+01 3.190680601694e+02 -4.194180837698e+01 9.048593990404e+01 1.674477372370e+01 9.400345342474e+04
2.012546341010e+03 1.020000000000e+00 4.161507555516e+01 4.700000000000e+00 1.100087230478e+01 3.916139753999e+02 -2.039973876846e+01 -1.715728601005e+01 2.957553998204e+02 -4.086201562165e+01 8.228655505955e+01 1.202378675616e+01 9.702704240701e+04
2.012546455050e+03 1.020000000000e+00 4.251507555516e+01 4.800000000000e+00 9.296252384481e+00 4.042909800000e+02 -1.758869212273e+01 -1.418987476719e+01 2.380960382409e+02 -3.900275127096e+01 6.812962168343e+01 8.242451694351e+00 9.191713793005e+04
2.012546569090e+03 1.020000000000e+00 4.251507555516e+01 4.800000000000e+00 7.381609244321e+00 4.200974353998e+02 -1.125086420906e+01 -9.381363555908e+00 1.565741097927e+02 -3.694419163271e+01 5.069070261512e+01 4.913540065703e+00 7.601062044805e+04
2.012546683131e+03 1.020000000000e+00 4.251507555516e+01 4.800000000000e+00 6.038494579946e+00 4.326314128672e+02 -5.001656283027e+00 -5.392162862049e+00 1.018939663491e+02 -3.539284581884e+01 3.845598940861e+01 2.672368957380e+00 6.088312715242e+04
2.012546797171e+03 1.020000000000e+00 4.251507555516e+01 4.800000000000e+00 5.407605264579e+00 4.385783930893e+02 -2.126594256871e+00 -3.397561745654e+00 8.065561836532e+01 -3.452718668046e+01 3.303375525010e+01 1.485803342423e+00 5.399433577408e+04
2.012546911211e+03 1.020000000000e+00 4.251507555516e+01 4.800000000000e+00 5.178971346043e+00 4.407224447808e+02 -1.083448315997e+00 -2.753718273456e+00 7.427526564688e+01 -3.404502307267e+01 3.125550036276e+01 1.007217196701e+00 5.193661082276e+04
2.012547025251e+03 1.020000000000e+00 4.251507555516e+01 4.800000000000e+00 5.079802280382e+00 4.418160807419e+02 -5.651467452844e-01 -2.555045005980e+00 7.190379437595e+01 -3.400871214581e+01 3.062566407850e+01 7.809523490501e-01 5.126095770497e+04
2.012547139292e+03 1.020000000000e+00 4.251507555516e+01 4.800000000000e+00 5.036239670063e+00 4.426141522866e+02 -2.670332837651e-01 -2.495984335669e+00 7.086043810347e+01 -3.427868003736e+01 3.032713913084e+01 6.158317830795e-01 5.095190315377e+04
2.012547253332e+03 1.020000000000e+00 4.251507555516e+01 4.800000000000e+00 5.070090278225e+00 4.433695842365e+02 2.590884281943e-02 -2.480490316068e+00 7.149880179344e+01 -3.448137403975e+01 3.014440174549e+01 4.308164629567e-01 5.106602178301e+04
2.012547367372e+03 1.020000000000e+00 4.251507555516e+01 4.800000000000e+00 5.132237929017e+00 4.441465461656e+02 3.304060971292e-01 -2.479743082933e+00 7.288016232622e+01 -3.460010729804e+01 3.013488740706e+01 2.390708305287e-01 5.142264845146e+04
2.012547481412e+03 1.020000000000e+00 4.251507555516e+01 4.800000000000e+00 5.196175369516e+00 4.448820772471e+02 4.652961026716e-01 -2.496581391943e+00 7.432783966637e+01 -3.471455449748e+01 3.030902883155e+01 6.383273413851e-02 5.179884201015e+04
2.012547595453e+03 1.020000000000e+00 4.251507555516e+01 4.800000000000e+00 5.268329324681e+00 4.456298283587e+02 5.066765044853e-01 -2.522410258101e+00 7.593845216293e+01 -3.485601205109e+01 3.053385103215e+01 -8.473921725582e-02 5.219603360003e+04
2.012547709493e+03 1.020000000000e+00 4.251507555516e+01 4.800000000000e+00 5.356183439125e+00 4.464584601383e+02 5.224091964738e-01 -2.545173930908e+00 7.787813330375e+01 -3.499592407142e+01 3.074056204435e+01 -2.044357343105e-01 5.265059278671e+04
2.012547823533e+03 1.020000000000e+00 4.251507555516e+01 4.800000000000e+00 5.461297908402e+00 4.473851756319e+02 5.213617242976e-01 -2.565957510317e+00 8.021117901900e+01 -3.508739077267e+01 3.091436519892e+01 -2.945310122226e-01 5.318348399725e+04
2.012547937573e+03 1.020000000000e+00 4.251507555516e+01 4.800000000000e+00 5.581727658641e+00 4.484076658569e+02 4.595359958282e-01 -2.586972744505e+00 8.292239821867e+01 -3.509434854848e+01 3.105503800099e+01 -3.544674310819e-01 5.379424776468e+04
2.012548051613e+03 1.020000000000e+00 4.251507555516e+01 4.800000000000e+00 5.715690526134e+00 4.495191884350e+02 3.381649800725e-01 -2.602836640414e+00 8.598225841888e+01 -3.500178966520e+01 3.116770144666e+01 -3.902090258187e-01 5.447133350398e+04
2.012548165654e+03 1.020000000000e+00 4.251507555516e+01 4.800000000000e+00 5.861322976708e+00 4.507154885934e+02 1.828935478638e-01 -2.618973099429e+00 8.935897285558e+01 -3.481143480159e+01 3.125629073981e+01 -4.033508652415e-01 5.520343514329e+04
2.012548279694e+03 1.020000000000e+00 4.251507555516e+01 4.800000000000e+00 6.014499674273e+00 4.520015496107e+02 6.847977611501e-03 -2.636826592418e+00 9.302270909905e+01 -3.453821450353e+01 3.132971787513e+01 -4.053753368393e-01 5.600242006247e+04
2.012548393734e+03 1.020000000000e+00 4.251507555516e+01 4.800000000000e+00 6.145308007945e+00 4.533940342860e+02 -1.825941542230e-01 -2.659002310934e+00 9.694558504990e+01 -3.420420135776e+01 3.140485703083e+01 -3.866185779093e-01 5.712085633615e+04
2.012548507774e+03 1.020000000000e+00 4.251507555516e+01 4.800000000000e+00 6.230698441650e+00 4.549055001016e+02 -3.926681868237e-01 -2.695660267932e+00 1.010879697384e+02 -3.382975515613e+01 3.149197852748e+01 -2.851882197431e-01 5.874551993362e+04
2.012548621815e+03 1.020000000000e+00 4.251507555516e+01 4.800000000000e+00 6.301856605370e+00 4.565190859606e+02 -6.502693309130e-01 -2.735439175403e+00 1.053627646525e+02 -3.342572518065e+01 3.157570898660e+01 -8.771485219471e-02 6.053857782610e+04
2.012548735855e+03 1.020000000000e+00 4.251507555516e+01 4.800000000000e+00 6.372038714109e+00 4.581856336811e+02 -9.894270858962e-01 -2.804031180864e+00 1.095962034616e+02 -3.299402788691e+01 3.160501418041e+01 1.560271756195e-01 6.227820639714e+04
2.012548849895e+03 1.020000000000e+00 4.251507555516e+01 4.800000000000e+00 6.436532338253e+00 4.598388828107e+02 -1.420682199859e+00 -2.895663541939e+00 1.135124678478e+02 -3.253870961049e+01 3.151170508344e+01 4.339346971037e-01 6.385877973951e+04
2.012548963935e+03 1.020000000000e+00 4.251507555516e+01 4.800000000000e+00 6.482078657579e+00 4.614067392727e+02 -1.916597039274e+00 -2.990648227936e+00 1.167602777487e+02 -3.206861093941e+01 3.127883284811e+01 7.405185305948e-01 6.522654441875e+04
2.012549077976e+03 1.020000000000e+00 4.251507555516e+01 4.800000000000e+00 6.486978255729e+00 4.628393189155e+02 -2.440591752298e+00 -3.070403987967e+00 1.189162273915e+02 -3.159378010773e+01 3.098553073162e+01 1.058853145532e+00 6.638312360026e+04
2.012549192016e+03 1.020000000000e+00 4.351507555516e+01 4.900000000000e+00 6.441905239645e+00 4.639877828161e+02 -2.770617932432e+00 -3.145103160450e+00 1.196976827398e+02 -3.126978275747e+01 3.055325057561e+01 1.361212091540e+00 6.728929416002e+04
2.012549306056e+03 1.020000000000e+00 4.351507555516e+01 4.900000000000e+00 6.336180726800e+00 4.651476370751e+02 -3.258318891068e+00 -3.158095277266e+00 1.193445009477e+02 -3.080661214682e+01 3.005021070154e+01 1.630008385660e+00 6.821096419385e+04
2.012549420096e+03 1.020000000000e+00 4.351507555516e+01 4.900000000000e+00 6.210945543350e+00 4.661770441756e+02 -3.620249770733e+00 -3.147574256202e+00 1.178471915667e+02 -3.033990990478e+01 2.952285836757e+01 1.830663401895e+00 6.871365348553e+04
2.012549534137e+03 1.020000000000e+00 4.351507555516e+01 4.900000000000e+00 6.069620343155e+00 4.671199313645e+02 -3.838877352105e+00 -3.108237083039e+00 1.154838418467e+02 -2.986109017683e+01 2.900058805644e+01 1.953625738380e+00 6.890418526921e+04
2.012549648177e+03 1.020000000000e+00 4.351507555516e+01 4.900000000000e+00 5.897003171268e+00 4.680170465264e+02 -3.930915604021e+00 -3.008585979103e+00 1.124557133382e+02 -2.936784308574e+01 2.848409217020e+01 2.023643662013e+00 6.906176707443e+04
2.012549762217e+03 1.020000000000e+00 4.351507555516e+01 4.900000000000e+00 5.716660291410e+00 4.688989490813e+02 -3.949660389285e+00 -2.875821452905e+00 1.091514367554e+02 -2.887430838144e+01 2.796796759162e+01 2.039381553558e+00 6.914706206471e+04
2.012549876257e+03 1.020000000000e+00 4.351507555516e+01 4.900000000000e+00 5.543157505678e+00 4.697699188174e+02 -3.939635404428e+00 -2.728992741343e+00 1.058004879986e+02 -2.840987075886e+01 2.745251034015e+01 2.023236460564e+00 6.912185421991e+04
2.012549990298e+03 1.020000000000e+00 4.351507555516e+01 4.900000000000e+00 5.384253052231e+00 4.706255041864e+02 -3.898341428926e+00 -2.584049631919e+00 1.024735058258e+02 -2.800642436350e+01 2.694062107281e+01 1.962235160788e+00 6.892394256984e+04
2.012550104338e+03 1.020000000000e+00 4.351507555516e+01 4.900000000000e+00 5.243059191675e+00 4.714641295413e+02 -3.814552719472e+00 -2.432600940312e+00 9.927703184412e+01 -2.768467387777e+01 2.643133381064e+01 1.825704563370e+00 6.857211787429e+04
2.012550218378e+03 1.020000000000e+00 4.351507555516e+01 4.900000000000e+00 5.119149661883e+00 4.722836412762e+02 -3.731485397899e+00 -2.270715283094e+00 9.623373021390e+01 -2.744925211740e+01 2.592363520681e+01 1.670071850198e+00 6.807898623191e+04
2.012550332418e+03 1.020000000000e+00 4.351507555516e+01 4.900000000000e+00 5.009417158100e+00 4.730773562886e+02 -3.653630019015e+00 -2.105335170621e+00 9.340180244034e+01 -2.729136778568e+01 2.541408715932e+01 1.515506133802e+00 6.752308123775e+04
2.012550446459e+03 1.020000000000e+00 4.351507555516e+01 4.900000000000e+00 4.909638052650e+00 4.738338189075e+02 -3.565030618294e+00 -1.944097217245e+00 9.083112285692e+01 -2.719298848411e+01 2.489577813408e+01 1.365224289828e+00 6.699920182448e+04
2.012550560499e+03 1.020000000000e+00 4.351507555516e+01 4.900000000000e+00 4.825089865370e+00 4.745403374703e+02 -3.446750576332e+00 -1.790733869805e+00 8.859041269076e+01 -2.713335065819e+01 2.435940034134e+01 1.220102054580e+00 6.649156272218e+04
2.012550674539e+03 1.020000000000e+00 4.351507555516e+01 4.900000000000e+00 4.760150480046e+00 4.752011093956e+02 -3.321022040062e+00 -1.647280575550e+00 8.654660702207e+01 -2.709407050645e+01 2.382607340871e+01 1.084010007465e+00 6.584384186030e+04
2.012550788579e+03 1.020000000000e+00 4.351507555516e+01 4.900000000000e+00 4.703760750619e+00 4.758233068263e+02 -3.198351662459e+00 -1.512781191965e+00 8.465275712916e+01 -2.706289641332e+01 2.330660201980e+01 9.601170303064e-01 6.517493448198e+04
2.012550902620e+03 1.020000000000e+00 4.351507555516e+01 4.900000000000e+00 4.648415222427e+00 4.764079912072e+02 -3.069646297023e+00 -1.386248704187e+00 8.293683107660e+01 -2.703304325309e+01 2.279670270679e+01 8.506745688251e-01 6.461393534240e+04
2.012551016660e+03 1.020000000000e+00 4.351507555516e+01 4.900000000000e+00 4.595821761228e+00 4.769535712617e+02 -2.927421160291e+00 -1.268128677644e+00 8.141759087506e+01 -2.700188779449e+01 2.229470737709e+01 7.585065503918e-01 6.415609463975e+04
2.012551130700e+03 1.020000000000e+00 4.351507555516e+01 4.900000000000e+00 4.548383940359e+00 4.774566812002e+02 -2.771611434745e+00 -1.158320439501e+00 8.008801446455e+01 -2.696989434196e+01 2.180525756430e+01 6.864500765007e-01 6.376649421517e+04
2.012551244740e+03 1.020000000000e+00 4.351507555516e+01 4.900000000000e+00 4.506654211762e+00 4.779097596790e+02 -2.609131617694e+00 -1.055403212173e+00 7.892921463033e+01 -2.693891638651e+01 2.133688809719e+01 6.365246367229e-01 6.342566087956e+04
2.012551358781e+03 1.020000000000e+00 4.351507555516e+01 4.900000000000e+00 4.470011820297e+00 4.783018861931e+02 -2.450797998812e+00 -9.565373180908e-01 7.791845165541e+01 -2.691103864622e+01 2.089755290886e+01 6.089399068793e-01 6.312664826220e+04
2.012551472821e+03 1.020000000000e+00 4.351507555516e+01 4.900000000000e+00 4.437234592631e+00 4.786239533058e+02 -2.308134685201e+00 -8.578764566063e-01 7.702255504128e+01 -2.688731724864e+01 2.049159622096e+01 5.994640768089e-01 6.286169150036e+04
2.012551586861e+03 1.020000000000e+00 4.351507555516e+01 4.900000000000e+00 4.408720095639e+00 4.788590350270e+02 -2.200936327004e+00 -7.561456902066e-01 7.624797815587e+01 -2.686825094722e+01 2.013065546452e+01 5.982263347449e-01 6.263163453085e+04
2.012551700901e+03 1.020000000000e+00 4.351507555516e+01 4.900000000000e+00 4.392328046826e+00 4.789723824350e+02 -2.161349493310e+00 -6.525477322104e-01 7.578899282574e+01 -2.685431728918e+01 1.985199881755e+01 6.074514119406e-01 6.248687556467e+04
2.012551814942e+03 1.020000000000e+00 4.351507555516e+01 4.900000000000e+00 4.380092717284e+00 4.790321237259e+02 -2.150809374513e+00 -5.511029383510e-01 7.543282838637e+01 -2.684483223621e+01 1.961157839194e+01 6.324350772344e-01 6.236705451078e+04
2.012551928982e+03 1.020000000000e+00 4.441507555516e+01 5.000000000000e+00 4.377564166883e+00 4.789885120458e+02 -2.076260976405e+00 -4.780376184402e-01 7.531132781341e+01 -2.696759130391e+01 1.945551313911e+01 6.255812368976e-01 6.230235032092e+04
2.012552043022e+03 1.020000000000e+00 4.441507555516e+01 5.000000000000e+00 4.365961183029e+00 4.789497883055e+02 -2.097651457066e+00 -3.893898714110e-01 7.498384412871e+01 -2.695426984025e+01 1.924732115276e+01 6.472984596476e-01 6.219626630406e+04
2.012552157062e+03 1.020000000000e+00 4.441507555516e+01 5.000000000000e+00 4.356411651759e+00 4.788390538052e+02 -2.160457120267e+00 -3.154318485320e-01 7.470416746607e+01 -2.694486509286e+01 1.909489311805e+01 6.526881746963e-01 6.210006258080e+04
2.012552271103e+03 1.020000000000e+00 4.441507555516e+01 5.000000000000e+00 4.349044866930e+00 4.786982797731e+02 -2.237974960944e+00 -2.607631415194e-01 7.447561595357e+01 -2.693610172439e+01 1.900207082050e+01 6.485521084889e-01 6.201494245024e+04
2.012552385143e+03 1.020000000000e+00 4.441507555516e+01 5.000000000000e+00 4.342447987563e+00 4.785281530531e+02 -2.316536618271e+00 -2.286074882459e-01 7.426033541267e+01 -2.692216805341e+01 1.892090344352e+01 6.362436651923e-01 6.192964026599e+04
2.012552499183e+03 1.020000000000e+00 4.441507555516e+01 5.000000000000e+00 4.335544098369e+00 4.783243614949e+02 -2.393169242709e+00 -2.128038980401e-01 7.403265143613e+01 -2.689869993911e+01 1.883963537488e+01 6.092517735359e-01 6.183808471579e+04
2.012552613223e+03 1.020000000000e+00 4.441507555516e+01 5.000000000000e+00 4.327793745274e+00 4.780855255026e+02 -2.471975579758e+00 -2.111708506561e-01 7.378239677492e+01 -2.686178520220e+01 1.875705746835e+01 5.618794621353e-01 6.173942395528e+04
2.012552727264e+03 1.020000000000e+00 4.441507555516e+01 5.000000000000e+00 4.318851490273e+00 4.778114423404e+02 -2.561062400775e+00 -2.221470874015e-01 7.350112646719e+01 -2.680880443021e+01 1.866984647589e+01 4.985073763694e-01 6.163143105791e+04
2.012552841304e+03 1.020000000000e+00 4.441507555516e+01 5.000000000000e+00 4.308285850550e+00 4.775040913515e+02 -2.668035332056e+00 -2.441049678862e-01 7.317672217423e+01 -2.673806242124e+01 1.857379693020e+01 4.262421497907e-01 6.150993837998e+04
2.012552955344e+03 1.020000000000e+00 4.441507555516e+01 5.000000000000e+00 4.295444619885e+00 4.771681828051e+02 -2.799891004058e+00 -2.705281985484e-01 7.279342745299e+01 -2.664816874608e+01 1.846675487369e+01 3.503643298436e-01 6.137074796370e+04
2.012553069384e+03 1.020000000000e+00 4.441507555516e+01 5.000000000000e+00 4.279532411939e+00 4.768098495781e+02 -2.961892777092e+00 -2.950868071262e-01 7.233224031019e+01 -2.653901964328e+01 1.834835961417e+01 2.738495274429e-01 6.120877406116e+04
2.012553183425e+03 1.020000000000e+00 4.441507555516e+01 5.000000000000e+00 4.259877237749e+00 4.764341018603e+02 -3.156528754510e+00 -3.147493494845e-01 7.177687539599e+01 -2.641250705533e+01 1.821969994099e+01 1.979230627630e-01 6.101917948523e+04
2.012553297465e+03 1.020000000000e+00 4.441507555516e+01 5.000000000000e+00 4.235995108658e+00 4.760429294870e+02 -3.383427282678e+00 -3.280058524785e-01 7.111521737784e+01 -2.627198935781e+01 1.808298072132e+01 1.232358348145e-01 6.079765206964e+04
2.012553411505e+03 1.020000000000e+00 4.441507555516e+01 5.000000000000e+00 4.207650759043e+00 4.756368106357e+02 -3.639386309648e+00 -3.330721592701e-01 7.034077051410e+01 -2.612089585272e+01 1.794150284911e+01 5.052708750979e-02 6.054073750977e+04
2.012553525545e+03 1.020000000000e+00 4.441507555516e+01 5.000000000000e+00 4.175258593452e+00 4.752179764593e+02 -3.917420083637e+00 -3.310608142354e-01 6.946180305247e+01 -2.596273258423e+01 1.780040433619e+01 -1.961132710647e-02 6.024810846765e+04
2.012553639586e+03 1.020000000000e+00 4.441507555516e+01 5.000000000000e+00 4.138838202700e+00 4.747784384101e+02 -4.212013272102e+00 -3.243719937627e-01 6.847611973595e+01 -2.580083173981e+01 1.765872770688e+01 -8.647045779119e-02 5.991582157900e+04
2.012553753626e+03 1.020000000000e+00 4.441507555516e+01 5.000000000000e+00 4.099474118151e+00 4.743173255236e+02 -4.513855640681e+00 -3.137398561159e-01 6.740807396714e+01 -2.563777855450e+01 1.751952879624e+01 -1.501096221319e-01 5.954760325768e+04
2.012553867666e+03 1.020000000000e+00 4.441507555516e+01 5.000000000000e+00 4.058026505560e+00 4.738286654817e+02 -4.815805666207e+00 -3.028604146633e-01 6.627645498451e+01 -2.547512179968e+01 1.738213333001e+01 -2.116366958546e-01 5.914586732608e+04
2.012553981706e+03 1.020000000000e+00 4.441507555516e+01 5.000000000000e+00 4.015268243556e+00 4.733051766886e+02 -5.112359381328e+00 -2.936024654944e-01 6.509842458239e+01 -2.531277779749e+01 1.724454857608e+01 -2.717392632444e-01 5.871313810341e+04
2.012554095747e+03 1.020000000000e+00 4.441507555516e+01 5.000000000000e+00 3.971773153926e+00 4.727386638584e+02 -5.400871756832e+00 -2.858847206064e-01 6.388725060760e+01 -2.514917301168e+01 1.710285054836e+01 -3.294208710941e-01 5.825168229356e+04
2.012554209787e+03 1.020000000000e+00 4.441507555516e+01 5.000000000000e+00 3.927987657629e+00 4.721232383173e+02 -5.682681956751e+00 -2.780937229685e-01 6.265446245672e+01 -2.498093885200e+01 1.695013158422e+01 -3.819796288104e-01 5.776436080111e+04
2.012554323827e+03 1.020000000000e+00 4.441507555516e+01 5.000000000000e+00 3.884350051954e+00 4.714610614602e+02 -5.965402817733e+00 -2.672916723502e-01 6.141365709008e+01 -2.480108261085e+01 1.677796377379e+01 -4.256280343358e-01 5.725640400112e+04
2.012554437867e+03 1.020000000000e+00 4.441507555516e+01 5.000000000000e+00 3.841308011003e+00 4.707648036232e+02 -6.264112430434e+00 -2.523316871546e-01 6.018200608011e+01 -2.459878822026e+01 1.658209505132e+01 -4.566660685288e-01 5.673673461973e+04
2.012554551908e+03 1.020000000000e+00 4.441507555516e+01 5.000000000000e+00 3.799706773811e+00 4.700520941646e+02 -6.594010893448e+00 -2.354242809368e-01 5.898914589153e+01 -2.436376582440e+01 1.636926464965e+01 -4.733782897223e-01 5.622092316429e+04
2.012554665948e+03 1.020000000000e+00 4.541507555516e+01 5.100000000000e+00 3.821892558097e+00 4.699972523682e+02 -6.515566404151e+00 -2.453636617853e-01 5.944657162548e+01 -2.443036020643e+01 1.653414707347e+01 -4.741247099470e-01 5.632461025209e+04
2.012554779988e+03 1.020000000000e+00 4.541507555516e+01 5.100000000000e+00 3.790159517993e+00 4.693376292393e+02 -6.820894928816e+00 -2.365010165375e-01 5.848962401065e+01 -2.417440087270e+01 1.637196760135e+01 -4.835159385993e-01 5.588190120451e+04
2.012554894028e+03 1.020000000000e+00 4.541507555516e+01 5.100000000000e+00 3.765972529060e+00 4.687318338112e+02 -7.064004491616e+00 -2.421657860217e-01 5.772665491300e+01 -2.392202239888e+01 1.625840408222e+01 -4.968900456838e-01 5.550748145299e+04
2.012555008069e+03 1.020000000000e+00 4.541507555516e+01 5.100000000000e+00 3.749879962519e+00 4.682405212593e+02 -7.166722289080e+00 -2.849077231681e-01 5.716900251292e+01 -2.370478267767e+01 1.619388503585e+01 -5.106592987067e-01 5.520751224768e+04
2.012555122109e+03 1.020000000000e+00 4.541507555516e+01 5.100000000000e+00 3.751856490674e+00 4.679881172329e+02 -7.130179415538e+00 -3.656201125229e-01 5.703158670054e+01 -2.354792212535e+01 1.625376202896e+01 -5.269735790577e-01 5.504621026647e+04
2.012555236149e+03 1.020000000000e+00 4.541507555516e+01 5.100000000000e+00 3.782607032485e+00 4.680162308376e+02 -6.969105771410e+00 -4.720726887567e-01 5.753967335776e+01 -2.346570815371e+01 1.653027681767e+01 -5.484102250177e-01 5.508515099000e+04
2.012555350189e+03 1.020000000000e+00 4.541507555516e+01 5.100000000000e+00 3.827783764350e+00 4.681402599231e+02 -6.644805168773e+00 -5.875400724736e-01 5.836199748613e+01 -2.346235602085e+01 1.694127994661e+01 -5.676102316403e-01 5.521300707274e+04
2.012555464230e+03 1.020000000000e+00 4.541507555516e+01 5.100000000000e+00 3.878042048003e+00 4.682759862247e+02 -6.246374066374e+00 -6.976386999552e-01 5.929850157806e+01 -2.353267251218e+01 1.740603208049e+01 -5.776501431594e-01 5.537219722450e+04
2.012555578270e+03 1.020000000000e+00 4.541507555516e+01 5.100000000000e+00 3.925617791808e+00 4.683965068469e+02 -5.831350312520e+00 -7.890614522333e-01 6.017005290645e+01 -2.365854501212e+01 1.788301111727e+01 -5.783983749081e-01 5.550549478885e+04
2.012555692310e+03 1.020000000000e+00 4.541507555516e+01 5.100000000000e+00 3.965597896085e+00 4.684753056566e+02 -5.438886993202e+00 -8.501271123768e-01 6.085514565027e+01 -2.381195137101e+01 1.832717405317e+01 -5.730642176318e-01 5.557187567918e+04
2.012555806350e+03 1.020000000000e+00 4.541507555516e+01 5.100000000000e+00 3.996225647208e+00 4.684071964893e+02 -5.091088504970e+00 -8.842605324639e-01 6.131245922252e+01 -2.396326891146e+01 1.870908264931e+01 -5.582425872921e-01 5.556045561714e+04
2.012555920391e+03 1.020000000000e+00 4.541507555516e+01 5.100000000000e+00 4.020144294080e+00 4.681724536140e+02 -4.796501694605e+00 -9.063417923749e-01 6.160570523335e+01 -2.409396327792e+01 1.902708495324e+01 -5.381322820955e-01 5.549394388539e+04
2.012556034431e+03 1.020000000000e+00 4.541507555516e+01 5.100000000000e+00 4.040515572950e+00 4.678401597275e+02 -4.554565984524e+00 -9.167789874966e-01 6.180647472242e+01 -2.419622970848e+01 1.928678257390e+01 -5.132978884849e-01 5.539396659684e+04
2.012556148471e+03 1.020000000000e+00 4.541507555516e+01 5.100000000000e+00 4.058881540714e+00 4.674321600901e+02 -4.359438031089e+00 -9.206200187188e-01 6.195370043432e+01 -2.426941541359e+01 1.948914262741e+01 -4.847649060367e-01 5.527455876647e+04
2.012556262511e+03 1.020000000000e+00 4.541507555516e+01 5.100000000000e+00 4.076125657244e+00 4.669569975338e+02 -4.200998577437e+00 -9.251222615496e-01 6.207435993945e+01 -2.431775995465e+01 1.963596036523e+01 -4.551787847732e-01 5.514786204574e+04
2.012556376552e+03 1.020000000000e+00 4.541507555516e+01 5.100000000000e+00 4.092848300091e+00 4.664212465181e+02 -4.062036827678e+00 -9.345655727817e-01 6.218334742323e+01 -2.434728411863e+01 1.973589557271e+01 -4.247729424260e-01 5.501893156690e+04
2.012556490592e+03 1.020000000000e+00 4.541507555516e+01 5.100000000000e+00 4.109956845751e+00 4.658379826442e+02 -3.926277906977e+00 -9.514744344958e-01 6.230080152324e+01 -2.436313088069e+01 1.980121813354e+01 -3.938045444371e-01 5.489328812834e+04
2.012556604632e+03 1.020000000000e+00 4.541507555516e+01 5.100000000000e+00 4.129137479782e+00 4.652319155976e+02 -3.784537879029e+00 -9.773634713237e-01 6.246578917199e+01 -2.436836458709e+01 1.984544887368e+01 -3.631973569086e-01 5.478273640598e+04
2.012556718672e+03 1.020000000000e+00 4.541507555516e+01 5.100000000000e+00 4.152320942568e+00 4.646336010572e+02 -3.630946410166e+00 -1.014868353937e+00 6.272369072510e+01 -2.436456138986e+01 1.988431155374e+01 -3.357003676233e-01 5.470136766677e+04
2.012556832713e+03 1.020000000000e+00 4.541507555516e+01 5.100000000000e+00 4.180680102784e+00 4.640659383498e+02 -3.463831311200e+00 -1.067175761879e+00 6.310363130328e+01 -2.435298745029e+01 1.992765866265e+01 -3.127389487555e-01 5.465905505691e+04
2.012556946753e+03 1.020000000000e+00 4.541507555516e+01 5.100000000000e+00 4.211896115241e+00 4.635208029810e+02 -3.270908052605e+00 -1.127900924542e+00 6.355485305600e+01 -2.433702107871e+01 1.998673126607e+01 -2.863998175877e-01 5.464178355617e+04
2.012557060793e+03 1.020000000000e+00 4.541507555516e+01 5.100000000000e+00 4.242151196442e+00 4.629649025557e+02 -3.063448435878e+00 -1.187559641876e+00 6.398701912935e+01 -2.432300498454e+01 2.005275850930e+01 -2.501215152906e-01 5.462119078180e+04
2.012557174833e+03 1.020000000000e+00 4.541507555516e+01 5.100000000000e+00 4.268735075169e+00 4.623599162021e+02 -2.890040570723e+00 -1.238107021045e+00 6.432993925056e+01 -2.431664423799e+01 2.008956382851e+01 -2.028911158074e-01 5.457223527493e+04
2.012557288874e+03 1.020000000000e+00 4.541507555516e+01 5.100000000000e+00 4.291134411668e+00 4.616827772330e+02 -2.799569391283e+00 -1.271270870332e+00 6.455991067123e+01 -2.432003483231e+01 2.004482547056e+01 -1.446199313581e-01 5.448164210020e+04
2.012557402914e+03 1.020000000000e+00 4.631507555516e+01 5.200000000000e+00 4.316234819819e+00 4.619356526782e+02 -2.807251376994e+00 -1.257324410080e+00 6.530894222926e+01 -2.451671771977e+01 1.974122438084e+01 -7.244692086273e-02 5.479568913119e+04
2.012557516954e+03 1.020000000000e+00 4.631507555516e+01 5.200000000000e+00 4.324363798071e+00 4.610984629407e+02 -2.822368095001e+00 -1.253739532274e+00 6.514226070586e+01 -2.454941635573e+01 1.947812597727e+01 1.621432897438e-02 5.455362983031e+04
2.012557630994e+03 1.020000000000e+00 4.631507555516e+01 5.200000000000e+00 4.311936414019e+00 4.600422905274e+02 -2.896098977581e+00 -1.232132062197e+00 6.448931953702e+01 -2.460333084339e+01 1.911234566563e+01 1.171362735737e-01 5.416320962374e+04
2.012557745035e+03 1.020000000000e+00 4.631507555516e+01 5.200000000000e+00 4.283599602554e+00 4.588260991361e+02 -2.987008853002e+00 -1.197730074681e+00 6.348795880868e+01 -2.467296383406e+01 1.863084998241e+01 2.149597869003e-01 5.367567923015e+04
2.012557859075e+03 1.020000000000e+00 4.631507555516e+01 5.200000000000e+00 4.242093928160e+00 4.575045067201e+02 -3.041292915128e+00 -1.163725337990e+00 6.223295669708e+01 -2.475008682061e+01 1.810209710547e+01 2.985371103723e-01 5.313021415487e+04
2.012557973115e+03 1.020000000000e+00 4.631507555516e+01 5.200000000000e+00 4.186995080085e+00 4.561050808506e+02 -3.055948977149e+00 -1.137676086221e+00 6.075281980504e+01 -2.483189655582e+01 1.759546983600e+01 3.602590109069e-01 5.254976017334e+04
2.012558087155e+03 1.020000000000e+00 4.631507555516e+01 5.200000000000e+00 4.117692033604e+00 4.546319785512e+02 -3.041500869317e+00 -1.123198430718e+00 5.906020766922e+01 -2.492382284371e+01 1.718900555632e+01 3.953844840164e-01 5.194597145349e+04
2.012558201196e+03 1.020000000000e+00 4.631507555516e+01 5.200000000000e+00 4.038597914584e+00 4.530977150825e+02 -2.958345282746e+00 -1.117841565531e+00 5.725783352953e+01 -2.503308764010e+01 1.689318022512e+01 4.090095019726e-01 5.134727913546e+04
2.012558315236e+03 1.020000000000e+00 4.631507555516e+01 5.200000000000e+00 3.952381253217e+00 4.515051348263e+02 -2.731986820468e+00 -1.128105352825e+00 5.539110405616e+01 -2.516232788577e+01 1.666148709842e+01 4.064316534942e-01 5.075686275926e+04
