VARIABLES="time" "Distance" "lon" "lat" "density" "Vx" "Vy" "Vz" "p" "Bx" "By" "Bz" "T"
ZONE
DT=(DOUBLE DOUBLE DOUBLE DOUBLE DOUBLE DOUBLE DOUBLE DOUBLE DOUBLE DOUBLE DOUBLE DOUBLE DOUBLE )
2.012529234973e+03 1.020000000000e+00 3.591507555516e+01 4.200000000000e+00 3.652711505346e+00 4.177684221488e+02 7.070546155698e+00 -2.495022167756e+00 5.448854049228e+01 2.589592908127e+01 -8.701723017045e+00 -1.704747534736e+00 5.393331811807e+04
2.012529349013e+03 1.020000000000e+00 3.591507555516e+01 4.200000000000e+00 3.903202833374e+00 4.158196115199e+02 7.340565587187e+00 -1.329583821007e+00 5.995003876155e+01 2.288904737657e+01 -8.715980294206e+00 -5.343045652393e-01 5.552091706599e+04
2.012529463053e+03 1.020000000000e+00 3.591507555516e+01 4.200000000000e+00 4.208302510863e+00 4.143577701154e+02 7.379797602364e+00 -4.683467205378e-01 6.683595230242e+01 1.979479978681e+01 -8.630231237902e+00 4.775235883051e-01 5.741999675801e+04
2.012529577093e+03 1.020000000000e+00 3.591507555516e+01 4.200000000000e+00 4.521065477482e+00 4.130516063724e+02 7.252663438103e+00 3.731898310543e-02 7.409478726903e+01 1.679155663372e+01 -8.473536063887e+00 1.174904151339e+00 5.927367953126e+04
2.012529691134e+03 1.020000000000e+00 3.591507555516e+01 4.200000000000e+00 4.810908225710e+00 4.117652850988e+02 6.690424865383e+00 2.137844398205e-01 8.097763615995e+01 1.409177881491e+01 -8.299599059344e+00 1.511862639614e+00 6.089916541256e+04
2.012529805174e+03 1.020000000000e+00 3.591507555516e+01 4.200000000000e+00 5.066306087800e+00 4.104882391854e+02 5.506774891593e+00 1.302762661276e-01 8.715613141517e+01 1.184854255748e+01 -8.124906680124e+00 1.636758503909e+00 6.226142857226e+04
2.012529919214e+03 1.020000000000e+00 3.591507555516e+01 4.200000000000e+00 5.278334277020e+00 4.092336498352e+02 3.901115525302e+00 -3.146558901174e-01 9.236497109125e+01 1.010127823092e+01 -7.946145870004e+00 1.617046144366e+00 6.334727199225e+04
2.012530033254e+03 1.020000000000e+00 3.591507555516e+01 4.200000000000e+00 5.438415091503e+00 4.079879198204e+02 2.231460108716e+00 -9.870429345144e-01 9.657256115128e+01 8.782367248054e+00 -7.678240813423e+00 1.440013352031e+00 6.429240254744e+04
2.012530147295e+03 1.020000000000e+00 3.681507555516e+01 4.300000000000e+00 5.551844427044e+00 4.098110267439e+02 1.035310309332e+00 -2.269222294287e+00 9.760426406825e+01 1.103231125370e+01 -9.544930443406e+00 8.568938227320e-01 6.365780544409e+04
2.012530261335e+03 1.020000000000e+00 3.681507555516e+01 4.300000000000e+00 5.480315114719e+00 4.086357437318e+02 -4.146415041165e-01 -2.716695873943e+00 1.008032480619e+02 1.001309761383e+01 -8.556646803558e+00 9.343077759416e-02 6.660542502735e+04
2.012530375375e+03 1.020000000000e+00 3.681507555516e+01 4.300000000000e+00 5.363698712392e+00 4.075158606601e+02 -1.533306927926e+00 -3.111510249663e+00 1.027415884957e+02 9.054747465236e+00 -7.480332831800e+00 -5.450961592021e-01 6.936544779972e+04
2.012530489415e+03 1.020000000000e+00 3.681507555516e+01 4.300000000000e+00 5.231056537670e+00 4.062044276155e+02 -2.185394070449e+00 -3.362626547132e+00 1.028870092392e+02 8.036715483932e+00 -6.245957809711e+00 -9.397132639965e-01 7.122917171751e+04
2.012530603456e+03 1.020000000000e+00 3.681507555516e+01 4.300000000000e+00 5.082420832041e+00 4.043295967203e+02 -2.446773516705e+00 -3.452495136468e+00 1.007675057323e+02 6.846181740267e+00 -4.634230882542e+00 -1.087031378070e+00 7.180342192170e+04
2.012530717496e+03 1.020000000000e+00 3.681507555516e+01 4.300000000000e+00 4.939247001056e+00 4.020623564029e+02 -2.434429155272e+00 -3.409477804910e+00 9.782372340856e+01 5.394752258188e+00 -2.827414391575e+00 -1.103213369805e+00 7.172632430201e+04
2.012530831536e+03 1.020000000000e+00 3.681507555516e+01 4.300000000000e+00 4.814625999147e+00 3.994822715487e+02 -1.883648361949e+00 -3.057081902323e+00 9.485317488146e+01 3.622082590642e+00 -9.447161920831e-01 -9.700881785947e-01 7.134907619018e+04
2.012530945576e+03 1.020000000000e+00 3.681507555516e+01 4.300000000000e+00 4.705092723779e+00 3.965639110606e+02 -6.859141544468e-01 -2.126468138501e+00 9.207156497695e+01 1.498253453362e+00 1.040293108416e+00 -5.410757638171e-01 7.087141142184e+04
2.012531059617e+03 1.020000000000e+00 3.681507555516e+01 4.300000000000e+00 4.609692804909e+00 3.933197519942e+02 1.128613974079e+00 -8.917888371791e-01 8.933273965838e+01 -9.855418457651e-01 3.212943449818e+00 1.448772708219e-01 7.018756051559e+04
2.012531173657e+03 1.020000000000e+00 3.681507555516e+01 4.300000000000e+00 4.527716941893e+00 3.898409779434e+02 3.225825056519e+00 2.992154270558e-01 8.603117437312e+01 -3.815543421701e+00 5.577059283836e+00 8.214044579919e-01 6.882006287432e+04
2.012531287697e+03 1.020000000000e+00 3.681507555516e+01 4.300000000000e+00 4.475656873307e+00 3.862759194279e+02 5.464116923667e+00 1.268396840925e+00 8.228004584563e+01 -6.956091043268e+00 8.104027777443e+00 1.316743723617e+00 6.658260314637e+04
2.012531401737e+03 1.020000000000e+00 3.681507555516e+01 4.300000000000e+00 4.468252580304e+00 3.827392164662e+02 7.747283522377e+00 1.984929991934e+00 7.827516202661e+01 -1.032932902012e+01 1.074346158677e+01 1.624076502170e+00 6.343353455353e+04
2.012531515778e+03 1.020000000000e+00 3.681507555516e+01 4.300000000000e+00 4.476779220841e+00 3.792832619838e+02 9.993784202189e+00 2.481497751807e+00 7.381689342869e+01 -1.382130360354e+01 1.341283889296e+01 1.801306285428e+00 5.969044838787e+04
2.012531629818e+03 1.020000000000e+00 3.681507555516e+01 4.300000000000e+00 4.486806911298e+00 3.759750008771e+02 1.211212274447e+01 2.731744026442e+00 6.852158273163e+01 -1.729781835955e+01 1.605170507250e+01 1.864154580613e+00 5.526988737169e+04
2.012531743858e+03 1.020000000000e+00 3.681507555516e+01 4.300000000000e+00 4.494505364073e+00 3.729269593400e+02 1.400581479475e+01 2.789406957587e+00 6.278061309355e+01 -2.063229765245e+01 1.860940069257e+01 1.814024014872e+00 5.054326289486e+04
2.012531857898e+03 1.020000000000e+00 3.681507555516e+01 4.300000000000e+00 4.504511847086e+00 3.702176134248e+02 1.559529517383e+01 2.705992847927e+00 5.706323472899e+01 -2.372667407667e+01 2.097872817217e+01 1.604097334633e+00 4.583882010357e+04
2.012531971939e+03 1.020000000000e+00 3.681507555516e+01 4.300000000000e+00 4.524392931453e+00 3.678712696154e+02 1.682551400714e+01 2.487581224663e+00 5.179938686390e+01 -2.651097638059e+01 2.308177839019e+01 1.211588991842e+00 4.144193964050e+04
2.012532085979e+03 1.020000000000e+00 3.681507555516e+01 4.300000000000e+00 4.560386501979e+00 3.658760023997e+02 1.767192855622e+01 2.158869932053e+00 4.732954055862e+01 -2.895061529112e+01 2.489774697252e+01 6.538143053950e-01 3.758993980867e+04
2.012532200019e+03 1.020000000000e+00 3.681507555516e+01 4.300000000000e+00 4.618657107697e+00 3.642403883746e+02 1.818295397852e+01 1.864106068571e+00 4.388296019538e+01 -3.105285862506e+01 2.645913951496e+01 9.698587071813e-02 3.443159290686e+04
2.012532314059e+03 1.020000000000e+00 3.681507555516e+01 4.300000000000e+00 4.703898121532e+00 3.629515824175e+02 1.841161744729e+01 1.694979042262e+00 4.140360460449e+01 -3.283575820639e+01 2.777201555915e+01 -3.453015729359e-01 3.190817537349e+04
2.012532428100e+03 1.020000000000e+00 3.681507555516e+01 4.300000000000e+00 4.807200979167e+00 3.620716636504e+02 1.839371671767e+01 1.631291666571e+00 3.975915749457e+01 -3.433531298878e+01 2.886579193544e+01 -6.113616157935e-01 2.998531538844e+04
2.012532542140e+03 1.020000000000e+00 3.681507555516e+01 4.300000000000e+00 4.910669678896e+00 3.616399817782e+02 1.814811524217e+01 1.651665427448e+00 3.862251312532e+01 -3.558923900930e+01 2.983914167232e+01 -7.260361078170e-01 2.850241387126e+04
2.012532656180e+03 1.020000000000e+00 3.681507555516e+01 4.300000000000e+00 5.036598918386e+00 3.617452358317e+02 1.753258374770e+01 1.820799767688e+00 3.818327324390e+01 -3.662211505967e+01 3.066551044165e+01 -7.289649462354e-01 2.746967092681e+04
2.012532770220e+03 1.020000000000e+00 3.681507555516e+01 4.300000000000e+00 5.163021914871e+00 3.624776734152e+02 1.647024441799e+01 2.195823687586e+00 3.845651900774e+01 -3.743129569920e+01 3.140932159125e+01 -5.795363686768e-01 2.699007349068e+04
2.012532884261e+03 1.020000000000e+00 3.781507555516e+01 4.400000000000e+00 5.172339108699e+00 3.591512748832e+02 1.787855962699e+01 2.182765300711e+00 3.945304377993e+01 -3.629644912622e+01 3.061221774143e+01 -6.791301193302e-01 2.764483958342e+04
2.012532998301e+03 1.020000000000e+00 3.781507555516e+01 4.400000000000e+00 5.361986165387e+00 3.600837324907e+02 1.663449065745e+01 2.601428087620e+00 4.011228791584e+01 -3.714003887972e+01 3.136108046682e+01 -4.005871300473e-01 2.709623728315e+04
2.012533112341e+03 1.020000000000e+00 3.781507555516e+01 4.400000000000e+00 5.564517299889e+00 3.616889967583e+02 1.497925400856e+01 3.160077373173e+00 4.155292499491e+01 -3.777368883493e+01 3.201547945869e+01 1.694357378562e-02 2.702622158819e+04
2.012533226381e+03 1.020000000000e+00 3.781507555516e+01 4.400000000000e+00 5.778236969853e+00 3.636266007578e+02 1.303128391028e+01 3.844055293509e+00 4.345715242510e+01 -3.820740608709e+01 3.255919835314e+01 6.060096363974e-01 2.717952174161e+04
2.012533340422e+03 1.020000000000e+00 3.781507555516e+01 4.400000000000e+00 6.062678005536e+00 3.661329439554e+02 1.068660088167e+01 4.567156168723e+00 4.637255189123e+01 -3.846080271186e+01 3.285201699850e+01 1.296754893343e+00 2.762368998539e+04
2.012533454462e+03 1.020000000000e+00 3.781507555516e+01 4.400000000000e+00 6.360494194408e+00 3.689616329804e+02 8.186076368619e+00 5.261567909272e+00 4.978228595938e+01 -3.857173041707e+01 3.293204356890e+01 2.015499694230e+00 2.827259114377e+04
2.012533568502e+03 1.020000000000e+00 3.781507555516e+01 4.400000000000e+00 6.600503562211e+00 3.718115873226e+02 5.713664902774e+00 5.892864663068e+00 5.313307384418e+01 -3.858397123336e+01 3.284516151083e+01 2.688496882145e+00 2.910084947132e+04
2.012533682542e+03 1.020000000000e+00 3.781507555516e+01 4.400000000000e+00 6.741871813016e+00 3.745001545601e+02 3.372512547505e+00 6.425224335364e+00 5.614073821836e+01 -3.854287792773e+01 3.261530598150e+01 3.248320369871e+00 3.014122334914e+04
2.012533796583e+03 1.020000000000e+00 3.781507555516e+01 4.400000000000e+00 6.816923863776e+00 3.768810002427e+02 1.236626617095e+00 6.842922079952e+00 5.862258710372e+01 -3.849649566179e+01 3.222433319807e+01 3.658932305174e+00 3.117621591041e+04
2.012533910623e+03 1.020000000000e+00 3.781507555516e+01 4.400000000000e+00 6.794976261436e+00 3.788606041252e+02 -6.138281943543e-01 7.153784231249e+00 6.039282973302e+01 -3.847691642960e+01 3.169149931921e+01 3.922137797502e+00 3.224568541546e+04
2.012534024663e+03 1.020000000000e+00 3.781507555516e+01 4.400000000000e+00 6.686654656183e+00 3.804121518258e+02 -2.146195985001e+00 7.372460744710e+00 6.130637668211e+01 -3.850314571144e+01 3.110594384663e+01 4.061067675005e+00 3.325740219291e+04
2.012534138703e+03 1.020000000000e+00 3.781507555516e+01 4.400000000000e+00 6.525518582799e+00 3.815227803787e+02 -3.342149197604e+00 7.496740014694e+00 6.141433212618e+01 -3.857966989472e+01 3.050327919340e+01 4.046702242407e+00 3.412532155018e+04
2.012534252744e+03 1.020000000000e+00 3.781507555516e+01 4.400000000000e+00 6.348797009715e+00 3.821911172801e+02 -4.231726678047e+00 7.496875546686e+00 6.082945767583e+01 -3.869675930908e+01 2.987655861285e+01 3.860305741630e+00 3.472723442224e+04
2.012534366784e+03 1.020000000000e+00 3.781507555516e+01 4.400000000000e+00 6.151873406851e+00 3.824556639746e+02 -4.849497776607e+00 7.358229104357e+00 5.963345890179e+01 -3.884413639190e+01 2.933341897087e+01 3.527353212241e+00 3.510397314692e+04
2.012534480824e+03 1.020000000000e+00 3.781507555516e+01 4.400000000000e+00 5.938920161708e+00 3.822641311038e+02 -5.247105945135e+00 7.112683848261e+00 5.772857733513e+01 -3.903352206121e+01 2.890494270783e+01 3.046860812488e+00 3.516329514210e+04
2.012534594864e+03 1.020000000000e+00 3.781507555516e+01 4.400000000000e+00 5.689761545406e+00 3.812991011988e+02 -5.356915237790e+00 6.919766808384e+00 5.479604374554e+01 -3.909352575983e+01 2.854758160042e+01 2.579891047144e+00 3.479312164962e+04
2.012534708905e+03 1.020000000000e+00 3.781507555516e+01 4.400000000000e+00 5.565372777658e+00 3.819166272581e+02 -5.249511300751e+00 6.038841988875e+00 5.978082102442e+01 -3.903048141008e+01 2.863714141065e+01 1.782333356081e+00 3.875105863829e+04
2.012534822945e+03 1.020000000000e+00 3.781507555516e+01 4.400000000000e+00 7.719286552399e+00 4.349439603377e+02 1.829133006889e+00 -1.231658437980e+01 6.023601552566e+02 -4.229243062305e+01 4.788008550264e+01 -7.449967634651e+00 2.515113306291e+05
2.012534936985e+03 1.020000000000e+00 3.781507555516e+01 4.400000000000e+00 1.474944323839e+01 5.435543564015e+02 1.634686079204e+01 -4.422682367919e+01 2.700309905756e+03 -4.898343132861e+01 1.057034523110e+02 -2.224788894024e+01 6.598546823381e+05
2.012535051025e+03 1.020000000000e+00 3.781507555516e+01 4.400000000000e+00 1.761656370802e+01 5.725748500209e+02 2.235877110000e+01 -5.081616454515e+01 3.538830867012e+03 -4.905410388196e+01 1.237146060483e+02 -2.216332014365e+01 7.276770282349e+05
2.012535165066e+03 1.020000000000e+00 3.781507555516e+01 4.400000000000e+00 1.762727746971e+01 5.726403853978e+02 2.299571959441e+01 -4.854151762066e+01 3.414258575825e+03 -4.448352365978e+01 1.198263229070e+02 -1.451022150121e+01 7.013895797115e+05
2.012535279106e+03 1.020000000000e+00 3.781507555516e+01 4.400000000000e+00 1.713046964762e+01 5.648250265622e+02 1.868615520374e+01 -4.383200726510e+01 3.103967142595e+03 -3.784108419860e+01 9.612255767823e+01 -7.009451475574e+00 6.562125850866e+05
2.012535393146e+03 1.020000000000e+00 3.781507555516e+01 4.400000000000e+00 1.691773157716e+01 5.591674723387e+02 4.973085628118e+00 -4.190983263245e+01 2.904416597470e+03 -3.289593701796e+01 5.613759571190e+01 -4.773561395548e+00 6.217733812817e+05
2.012535507186e+03 1.020000000000e+00 3.781507555516e+01 4.400000000000e+00 1.673417258990e+01 5.586051666400e+02 -1.275933955468e+01 -4.264098246009e+01 2.786906941948e+03 -3.020587693967e+01 9.008299236611e+00 -6.324930488913e+00 6.032107738397e+05
2.012535621227e+03 1.020000000000e+00 3.871507555516e+01 4.400000000000e+00 1.613880136889e+01 5.568992246060e+02 -2.516668813005e+01 -4.534992850302e+01 2.576869764783e+03 -2.890607777399e+01 -3.367759852431e+01 -1.548824310257e+01 5.782696904669e+05
2.012535735267e+03 1.020000000000e+00 3.871507555516e+01 4.400000000000e+00 1.412259458926e+01 5.560407959060e+02 -3.791274778015e+01 -5.120572065129e+01 2.154850555383e+03 -3.009385786908e+01 -8.105993259160e+01 -4.086335622758e+01 5.533026595722e+05
2.012535849307e+03 1.020000000000e+00 3.871507555516e+01 4.400000000000e+00 1.048772647565e+01 5.530227721352e+02 -4.327954498041e+01 -5.477999554888e+01 1.627586760258e+03 -3.954421066905e+01 -1.087099843598e+02 -7.198711956653e+01 5.644148765527e+05
2.012535963347e+03 1.020000000000e+00 3.871507555516e+01 4.400000000000e+00 6.907007298499e+00 5.464885417812e+02 -4.306501308372e+01 -5.424384102465e+01 1.134856081530e+03 -5.540162157376e+01 -1.122043006104e+02 -9.971083860529e+01 5.971824947786e+05
2.012536077388e+03 1.020000000000e+00 3.871507555516e+01 4.400000000000e+00 4.812443838346e+00 5.420599409545e+02 -3.810154779871e+01 -4.959801145960e+01 8.193557953179e+02 -7.236347721364e+01 -1.070657132165e+02 -1.165089665362e+02 6.161174201293e+05
2.012536191428e+03 1.020000000000e+00 3.871507555516e+01 4.400000000000e+00 3.863382256929e+00 5.385019608720e+02 -2.050567844192e+01 -4.083359907933e+01 6.200590798535e+02 -8.787806837620e+01 -9.666414030282e+01 -1.267322207658e+02 5.797340791037e+05
2.012536305468e+03 1.020000000000e+00 3.871507555516e+01 4.400000000000e+00 3.403681681928e+00 5.359584435381e+02 1.084322658249e+00 -3.283732134787e+01 4.691467765489e+02 -1.001246178770e+02 -8.717435757526e+01 -1.344268507008e+02 4.983384208820e+05
2.012536419508e+03 1.020000000000e+00 3.871507555516e+01 4.400000000000e+00 3.232278371625e+00 5.352501723942e+02 1.708026532556e+01 -2.457501389523e+01 3.571985125420e+02 -1.094554407805e+02 -8.245458785151e+01 -1.389580612399e+02 3.999518711418e+05
2.012536533549e+03 1.020000000000e+00 3.871507555516e+01 4.400000000000e+00 3.147236549546e+00 5.360368654314e+02 2.713239111089e+01 -1.615898305500e+01 2.672407293143e+02 -1.173087068151e+02 -8.302716639897e+01 -1.407465434312e+02 3.073713746911e+05
2.012536647589e+03 1.020000000000e+00 3.871507555516e+01 4.400000000000e+00 3.036224909936e+00 5.394708434816e+02 3.383623897430e+01 -7.213157925493e+00 1.832442077429e+02 -1.238149872751e+02 -9.227502795049e+01 -1.389365872892e+02 2.180136721442e+05
2.012536761629e+03 1.020000000000e+00 3.871507555516e+01 4.400000000000e+00 2.735726885942e+00 5.421064425098e+02 3.709111609378e+01 3.974978466840e+00 1.091152572076e+02 -1.284215565193e+02 -1.073472294521e+02 -1.314236164733e+02 1.434123756766e+05
2.012536875669e+03 1.020000000000e+00 3.871507555516e+01 4.400000000000e+00 2.296610986296e+00 5.428310003436e+02 4.020531542209e+01 1.377185888794e+01 5.724251307867e+01 -1.329904869209e+02 -1.223423380173e+02 -1.183136559193e+02 8.952406864169e+04
2.012536989709e+03 1.020000000000e+00 3.871507555516e+01 4.400000000000e+00 1.968175475365e+00 5.413867698976e+02 4.290289225328e+01 1.970106496391e+01 2.904474887459e+01 -1.385796546315e+02 -1.343174647513e+02 -1.033147327518e+02 5.324903489830e+04
2.012537103750e+03 1.020000000000e+00 3.871507555516e+01 4.400000000000e+00 1.776639015077e+00 5.372679430357e+02 4.393920679473e+01 2.192145849886e+01 1.750134448704e+01 -1.441016207543e+02 -1.424372739877e+02 -8.803178340277e+01 3.563466102043e+04
2.012537217790e+03 1.020000000000e+00 3.871507555516e+01 4.400000000000e+00 1.567859254331e+00 5.300010782936e+02 4.491509170044e+01 2.172356343044e+01 1.242981647796e+01 -1.494400472105e+02 -1.471679396689e+02 -7.326753936092e+01 2.870375630408e+04
2.012537331830e+03 1.020000000000e+00 3.871507555516e+01 4.400000000000e+00 1.343002565999e+00 5.227800666228e+02 4.650870339914e+01 1.898793088452e+01 9.344942863397e+00 -1.547442763378e+02 -1.501832988288e+02 -5.952088540591e+01 2.519833403424e+04
2.012537445870e+03 1.020000000000e+00 3.871507555516e+01 4.400000000000e+00 1.162500086378e+00 5.153666533759e+02 4.819658033436e+01 1.548868626671e+01 7.484021357123e+00 -1.598620480579e+02 -1.518054134279e+02 -4.596447082135e+01 2.332829137728e+04
2.012537559911e+03 1.020000000000e+00 3.871507555516e+01 4.400000000000e+00 1.062930959143e+00 5.064217461085e+02 4.937261895407e+01 1.162527839596e+01 6.740526007240e+00 -1.646590832718e+02 -1.517847544480e+02 -3.221189696131e+01 2.297759127961e+04
2.012537673951e+03 1.020000000000e+00 3.871507555516e+01 4.400000000000e+00 1.008242672975e+00 4.974630668798e+02 4.959954499334e+01 7.787596702698e+00 6.408304515566e+00 -1.692371816191e+02 -1.507367732803e+02 -1.821993740732e+01 2.303644367758e+04
2.012537787991e+03 1.020000000000e+00 3.871507555516e+01 4.400000000000e+00 9.733737413837e-01 4.888604823672e+02 4.912579639963e+01 4.227521411108e+00 6.273163517635e+00 -1.732965753168e+02 -1.485542996428e+02 -3.773223250982e+00 2.339965936989e+04
2.012537902031e+03 1.020000000000e+00 3.871507555516e+01 4.400000000000e+00 9.443486401891e-01 4.805272793441e+02 4.867070841213e+01 1.264279491465e+00 6.181219490962e+00 -1.765679094088e+02 -1.450111716697e+02 1.106789893588e+01 2.380429543177e+04
2.012538016072e+03 1.020000000000e+00 3.871507555516e+01 4.400000000000e+00 9.198326380313e-01 4.732689521774e+02 4.804701778483e+01 -1.050987318938e+00 6.070760879782e+00 -1.787104160331e+02 -1.405567631313e+02 2.579483871619e+01 2.400391447042e+04
2.012538130112e+03 1.020000000000e+00 3.871507555516e+01 4.400000000000e+00 8.984508988364e-01 4.658193345344e+02 4.809369436642e+01 -2.843573004989e+00 5.907283788060e+00 -1.796791416633e+02 -1.346193651531e+02 4.010898604420e+01 2.387234528434e+04
2.012538244152e+03 1.020000000000e+00 3.871507555516e+01 4.400000000000e+00 8.762353100313e-01 4.587467522390e+02 4.810491193741e+01 -4.168589845661e+00 5.682173568188e+00 -1.796187991413e+02 -1.275050817509e+02 5.382205350233e+01 2.351019874713e+04
2.012538358192e+03 1.020000000000e+00 3.971507555516e+01 4.500000000000e+00 8.883336358323e-01 4.486659522582e+02 4.574867436060e+01 -7.710136393894e+00 8.652593795372e+00 -1.784115674870e+02 -1.242036012070e+02 7.549937067805e+01 3.412424192644e+04
2.012538472233e+03 1.020000000000e+00 3.971507555516e+01 4.500000000000e+00 8.661214627067e-01 4.421127579989e+02 4.614123605956e+01 -8.623377178565e+00 8.321729008656e+00 -1.764965284728e+02 -1.150303241848e+02 8.805649887843e+01 3.375941345195e+04
2.012538586273e+03 1.020000000000e+00 3.971507555516e+01 4.500000000000e+00 8.460516487674e-01 4.364341328163e+02 4.661644946590e+01 -9.180970322283e+00 7.680720712031e+00 -1.740081778108e+02 -1.052744048881e+02 9.948756889637e+01 3.205707252027e+04
2.012538700313e+03 1.020000000000e+00 3.971507555516e+01 4.500000000000e+00 8.275936812865e-01 4.317704259613e+02 4.740563071434e+01 -9.406443093839e+00 6.726177416322e+00 -1.711744224981e+02 -9.503529545179e+01 1.095813958761e+02 2.890280612206e+04
2.012538814353e+03 1.020000000000e+00 3.971507555516e+01 4.500000000000e+00 8.107290430605e-01 4.280241232696e+02 4.845493861520e+01 -9.294218967728e+00 5.725499564331e+00 -1.678177966336e+02 -8.461615187288e+01 1.182487698617e+02 2.530210008043e+04
2.012538928394e+03 1.020000000000e+00 3.971507555516e+01 4.500000000000e+00 7.988421199494e-01 4.249029104901e+02 4.990326264165e+01 -9.107067112215e+00 4.820550408376e+00 -1.630641895119e+02 -7.437270094272e+01 1.255162072867e+02 2.176609376767e+04
2.012539042434e+03 1.020000000000e+00 3.971507555516e+01 4.500000000000e+00 7.926432107595e-01 4.223801555231e+02 5.145300852128e+01 -8.980871754235e+00 4.069379135516e+00 -1.571362939123e+02 -6.456761621467e+01 1.315072684126e+02 1.858966166200e+04
2.012539156474e+03 1.020000000000e+00 3.971507555516e+01 4.500000000000e+00 7.891067470061e-01 4.204567218922e+02 5.289794812282e+01 -8.832084554556e+00 3.460620364188e+00 -1.507076400823e+02 -5.539706914162e+01 1.362898618843e+02 1.590604260476e+04
2.012539270514e+03 1.020000000000e+00 3.971507555516e+01 4.500000000000e+00 7.850398457021e-01 4.191498830272e+02 5.409319996377e+01 -8.771840551392e+00 2.972172172638e+00 -1.441262219215e+02 -4.701905406079e+01 1.399052523048e+02 1.372397229104e+04
2.012539384555e+03 1.020000000000e+00 3.971507555516e+01 4.500000000000e+00 7.787750348287e-01 4.183608682811e+02 5.503839465392e+01 -9.064718893116e+00 2.619770209610e+00 -1.375879601923e+02 -3.947073686522e+01 1.424646472024e+02 1.218633995294e+04
2.012539498595e+03 1.020000000000e+00 3.971507555516e+01 4.500000000000e+00 7.677027840562e-01 4.179348550966e+02 5.573083298077e+01 -9.876308471103e+00 2.427302070476e+00 -1.313803861860e+02 -3.273768929380e+01 1.441793830061e+02 1.145482985764e+04
2.012539612635e+03 1.020000000000e+00 3.971507555516e+01 4.500000000000e+00 7.506914427756e-01 4.176408672380e+02 5.640630441193e+01 -1.120622897681e+01 2.387120016561e+00 -1.256643110408e+02 -2.666440481112e+01 1.451779127628e+02 1.152457306204e+04
2.012539726675e+03 1.020000000000e+00 3.971507555516e+01 4.500000000000e+00 7.343544365604e-01 4.174748981932e+02 5.742854604408e+01 -1.324630538969e+01 2.436114450872e+00 -1.203999087088e+02 -2.113491608348e+01 1.455240118094e+02 1.202910503955e+04
2.012539840716e+03 1.020000000000e+00 3.971507555516e+01 4.500000000000e+00 7.134224701409e-01 4.172331271746e+02 5.896077237796e+01 -1.580975148599e+01 2.527848784330e+00 -1.154715913014e+02 -1.614416942059e+01 1.453477394611e+02 1.285193099987e+04
2.012539954756e+03 1.020000000000e+00 3.971507555516e+01 4.500000000000e+00 6.806534869722e-01 4.167814609199e+02 6.113175442653e+01 -1.859112180837e+01 2.586811291990e+00 -1.109145852503e+02 -1.168281008063e+01 1.447852824101e+02 1.379962991931e+04
2.012540068796e+03 1.020000000000e+00 3.971507555516e+01 4.500000000000e+00 6.332897262186e-01 4.160366462373e+02 6.380125765639e+01 -2.148331681281e+01 2.584105361179e+00 -1.067944360735e+02 -7.647359330878e+00 1.439307809622e+02 1.482635407060e+04
2.012540182836e+03 1.020000000000e+00 3.971507555516e+01 4.500000000000e+00 5.792748655249e-01 4.148966368126e+02 6.676625763263e+01 -2.448371553793e+01 2.522789514120e+00 -1.030335621726e+02 -3.906236392256e+00 1.428031252832e+02 1.582942551170e+04
2.012540296877e+03 1.020000000000e+00 3.971507555516e+01 4.500000000000e+00 5.244237058509e-01 4.133919378206e+02 6.943244292584e+01 -2.750560654159e+01 2.409567031869e+00 -9.955881521223e+01 -3.026492537069e-01 1.414341899214e+02 1.669963137294e+04
2.012540410917e+03 1.020000000000e+00 3.971507555516e+01 4.500000000000e+00 4.729649657136e-01 4.117096827858e+02 7.137039844872e+01 -3.028312115208e+01 2.288530881263e+00 -9.631706016904e+01 3.311612806449e+00 1.399018574574e+02 1.758450613193e+04
2.012540524957e+03 1.020000000000e+00 3.971507555516e+01 4.500000000000e+00 4.260599297018e-01 4.098940035625e+02 7.240818681150e+01 -3.261096463884e+01 2.205939138492e+00 -9.324413279310e+01 7.047913547104e+00 1.382508394603e+02 1.881604472062e+04
2.012540638997e+03 1.020000000000e+00 3.971507555516e+01 4.500000000000e+00 3.840903973112e-01 4.078786498032e+02 7.221998029824e+01 -3.432619610877e+01 2.193679224300e+00 -9.030589458803e+01 1.104228935060e+01 1.364722759284e+02 2.076306245077e+04
2.012540753038e+03 1.020000000000e+00 3.971507555516e+01 4.500000000000e+00 3.514797491703e-01 4.054092809662e+02 7.041606607282e+01 -3.526851121818e+01 2.400225649409e+00 -8.757868078033e+01 1.554990254451e+01 1.345350064473e+02 2.478946253800e+04
2.012540867078e+03 1.020000000000e+00 3.971507555516e+01 4.500000000000e+00 3.315404888313e-01 4.022000228237e+02 6.445275502675e+01 -3.504736230026e+01 2.980459221522e+00 -8.498372855134e+01 2.077499454235e+01 1.323599555844e+02 3.258713446343e+04
2.012540981118e+03 1.020000000000e+00 3.971507555516e+01 4.500000000000e+00 3.179844713729e-01 3.984914722801e+02 5.604697578343e+01 -3.410642637188e+01 3.677487338267e+00 -8.224436870808e+01 2.689934342106e+01 1.298864148461e+02 4.191100576379e+04
2.012541095158e+03 1.020000000000e+00 4.061507555516e+01 4.600000000000e+00 3.280695162559e-01 3.889470108648e+02 4.215698006729e+01 -3.181795875163e+01 4.242147208279e+00 -7.335971018777e+01 3.591381003673e+01 1.319407044753e+02 4.703232336790e+04
2.012541209199e+03 1.020000000000e+00 4.061507555516e+01 4.600000000000e+00 3.218875909196e-01 3.839714232872e+02 3.268624052916e+01 -2.842002679919e+01 4.575208746824e+00 -6.963267333403e+01 4.329247182367e+01 1.285115462325e+02 5.179293544865e+04
2.012541323239e+03 1.020000000000e+00 4.061507555516e+01 4.600000000000e+00 3.156348890012e-01 3.790938907243e+02 2.462683543850e+01 -2.398901086720e+01 4.637711858330e+00 -6.557359438090e+01 5.050772543944e+01 1.246717894789e+02 5.357685694594e+04
2.012541437279e+03 1.020000000000e+00 4.061507555516e+01 4.600000000000e+00 3.080551010303e-01 3.743404621074e+02 1.894674816078e+01 -1.923980240749e+01 4.528446730501e+00 -6.142535188590e+01 5.711218836224e+01 1.205261116712e+02 5.361965808543e+04
2.012541551319e+03 1.020000000000e+00 4.061507555516e+01 4.600000000000e+00 3.031241722867e-01 3.704676248183e+02 1.592479706934e+01 -1.500277149283e+01 4.288985496452e+00 -5.735823137093e+01 6.278414773159e+01 1.162813615740e+02 5.172256993828e+04
2.012541665360e+03 1.020000000000e+00 4.061507555516e+01 4.600000000000e+00 3.046655667463e-01 3.675573014072e+02 1.487449211205e+01 -1.155142253863e+01 4.012386179827e+00 -5.355401769032e+01 6.740428894989e+01 1.120953686220e+02 4.814417687703e+04
2.012541779400e+03 1.020000000000e+00 4.061507555516e+01 4.600000000000e+00 3.147830455857e-01 3.657450700938e+02 1.541509431026e+01 -9.035813895216e+00 3.796282136748e+00 -5.010878686132e+01 7.113116420717e+01 1.080415334802e+02 4.402720227602e+04
2.012541893440e+03 1.020000000000e+00 4.061507555516e+01 4.600000000000e+00 3.321605002968e-01 3.647128041111e+02 1.826264697609e+01 -7.065989354196e+00 3.657883759270e+00 -4.710056349943e+01 7.416214585595e+01 1.041174791249e+02 4.016970944363e+04
2.012542007480e+03 1.020000000000e+00 4.061507555516e+01 4.600000000000e+00 3.529779503233e-01 3.643711115353e+02 2.225092215925e+01 -5.157812060603e+00 3.564732295831e+00 -4.449615144675e+01 7.653785289660e+01 1.002696028302e+02 3.683865399247e+04
2.012542121521e+03 1.020000000000e+00 4.061507555516e+01 4.600000000000e+00 3.721659153066e-01 3.643934174482e+02 2.670518628199e+01 -3.385742600209e+00 3.488428212436e+00 -4.223393112153e+01 7.855868876455e+01 9.647450253562e+01 3.421954267211e+04
2.012542235561e+03 1.020000000000e+00 4.061507555516e+01 4.600000000000e+00 3.853723363544e-01 3.644519265715e+02 3.130704560312e+01 -1.891406620277e+00 3.410989194328e+00 -4.025811293876e+01 8.022782441029e+01 9.281628654532e+01 3.234118382277e+04
2.012542349601e+03 1.020000000000e+00 4.061507555516e+01 4.600000000000e+00 3.890589420301e-01 3.644753932850e+02 3.543272796454e+01 -6.755942855455e-01 3.347625960905e+00 -3.850993330413e+01 8.151303082608e+01 8.939821531742e+01 3.144387408052e+04
2.012542463641e+03 1.020000000000e+00 4.061507555516e+01 4.600000000000e+00 3.841930021919e-01 3.642869095316e+02 3.857802713886e+01 2.054686728711e-01 3.298368796723e+00 -3.697705134893e+01 8.248629947097e+01 8.619845680340e+01 3.138254338505e+04
2.012542577682e+03 1.020000000000e+00 4.061507555516e+01 4.600000000000e+00 3.758966187769e-01 3.640049438784e+02 4.061426315137e+01 5.604848144604e-01 3.269477924274e+00 -3.562647927761e+01 8.320298113411e+01 8.318043252874e+01 3.179337206614e+04
2.012542691722e+03 1.020000000000e+00 4.061507555516e+01 4.600000000000e+00 3.656273057094e-01 3.637573735341e+02 4.175677401256e+01 2.368703752616e-02 3.503923868478e+00 -3.443817342939e+01 8.362321182143e+01 8.039891831941e+01 3.509609432913e+04
2.012542805762e+03 1.020000000000e+00 4.061507555516e+01 4.600000000000e+00 3.507180447942e-01 3.642732963791e+02 4.155924816803e+01 -2.534350833806e+00 4.920859095388e+00 -3.348229308896e+01 8.353768761209e+01 7.790426562430e+01 5.148227846480e+04
2.012542919802e+03 1.020000000000e+00 4.061507555516e+01 4.600000000000e+00 3.294377809406e-01 3.657231870799e+02 3.929163054018e+01 -7.654026178873e+00 8.181759818282e+00 -3.280268879410e+01 8.291348006473e+01 7.568435268133e+01 9.079558128712e+04
2.012543033843e+03 1.020000000000e+00 4.061507555516e+01 4.600000000000e+00 3.100637306733e-01 3.689605717656e+02 3.284728739362e+01 -1.390205129346e+01 1.234116548999e+01 -3.233190732544e+01 8.177206330299e+01 7.398428148071e+01 1.448764084549e+05
2.012543147883e+03 1.020000000000e+00 4.061507555516e+01 4.600000000000e+00 2.958265018560e-01 3.727221077949e+02 2.366480544643e+01 -2.033810783827e+01 1.665875744299e+01 -3.204696627643e+01 8.006554429835e+01 7.279623837181e+01 2.044090210522e+05
2.012543261923e+03 1.020000000000e+00 4.061507555516e+01 4.600000000000e+00 2.877974151273e-01 3.752706527695e+02 1.289728476854e+01 -2.361742792607e+01 2.062473219128e+01 -3.226584239560e+01 7.756634521297e+01 7.221785045882e+01 2.597126149123e+05
2.012543375963e+03 1.020000000000e+00 4.061507555516e+01 4.600000000000e+00 2.852696279467e-01 3.777644950170e+02 3.636722668348e+00 -2.407579826910e+01 2.401632180277e+01 -3.334588222247e+01 7.468886390742e+01 7.229337342231e+01 3.046744863103e+05
2.012543490004e+03 1.020000000000e+00 4.061507555516e+01 4.600000000000e+00 2.965993281026e-01 3.792048846988e+02 -1.493482215374e+00 -2.354899913821e+01 2.689165972951e+01 -3.466563089749e+01 7.193430039071e+01 7.233008718968e+01 3.282073888068e+05
2.012543604044e+03 1.020000000000e+00 4.061507555516e+01 4.600000000000e+00 3.501496573635e-01 3.796078619205e+02 -2.746333014001e+00 -2.206449312349e+01 2.955781130379e+01 -3.592261786378e+01 6.974212118818e+01 7.204310136051e+01 3.175578569769e+05
2.012543718084e+03 1.020000000000e+00 4.161507555516e+01 4.700000000000e+00 5.185467909282e-01 3.778427463442e+02 -1.154283464019e+00 -2.090015196627e+01 3.294793358431e+01 -3.658077086360e+01 6.698625122373e+01 7.294350282630e+01 2.616832526094e+05
2.012543832124e+03 1.020000000000e+00 4.161507555516e+01 4.700000000000e+00 1.033581661616e+00 3.769862891469e+02 1.552081118377e-01 -1.826320617952e+01 3.563184118951e+01 -3.771894992280e+01 6.586619366858e+01 7.218514767268e+01 1.362362425545e+05
2.012543946165e+03 1.020000000000e+00 4.161507555516e+01 4.700000000000e+00 1.813794232482e+00 3.756730124724e+02 2.259322189874e+00 -1.575829983696e+01 3.833430816401e+01 -3.875965741953e+01 6.521040374779e+01 7.157402018135e+01 7.961215049148e+04
2.012544060205e+03 1.020000000000e+00 4.161507555516e+01 4.700000000000e+00 2.692328978608e+00 3.743927804915e+02 4.480490803616e+00 -1.335414757228e+01 4.080910785310e+01 -3.977774146388e+01 6.514575258176e+01 7.133728667124e+01 5.594307323374e+04
2.012544174245e+03 1.020000000000e+00 4.161507555516e+01 4.700000000000e+00 3.575382476359e+00 3.736937677916e+02 6.762639617722e+00 -1.145553555993e+01 4.304299861720e+01 -4.078850904948e+01 6.627275595458e+01 7.169399619526e+01 4.400468429478e+04
2.012544288285e+03 1.020000000000e+00 4.161507555516e+01 4.700000000000e+00 4.378994519399e+00 3.729685924029e+02 8.649094904351e+00 -1.048070389063e+01 4.496092936644e+01 -4.175550754447e+01 6.801727089641e+01 7.223036568425e+01 3.733116669948e+04
2.012544402326e+03 1.020000000000e+00 4.161507555516e+01 4.700000000000e+00 5.037104662290e+00 3.721252637603e+02 9.717514648080e+00 -1.002496247519e+01 4.701262729083e+01 -4.270004711171e+01 6.996274600806e+01 7.275335220858e+01 3.382790877309e+04
2.012544516366e+03 1.020000000000e+00 4.161507555516e+01 4.700000000000e+00 5.573025432345e+00 3.712994608821e+02 1.006276306695e+01 -9.843181325387e+00 5.054734411393e+01 -4.357320175061e+01 7.209531347326e+01 7.288812786904e+01 3.279695886607e+04
2.012544630406e+03 1.020000000000e+00 4.161507555516e+01 4.700000000000e+00 6.322745069780e+00 3.708510060874e+02 9.957697501773e+00 -1.036084192310e+01 5.992427887765e+01 -4.424616288967e+01 7.388146428809e+01 7.236828105140e+01 3.412189582236e+04
2.012544744446e+03 1.020000000000e+00 4.161507555516e+01 4.700000000000e+00 7.692080118254e+00 3.709513729742e+02 9.001833877742e+00 -1.237151887839e+01 8.001961084115e+01 -4.461004459106e+01 7.476913431972e+01 7.132294184484e+01 3.740667054393e+04
2.012544858487e+03 1.020000000000e+00 4.161507555516e+01 4.700000000000e+00 9.417216633420e+00 3.712529512759e+02 6.943350187261e+00 -1.532850875513e+01 1.082134208229e+02 -4.468680974831e+01 7.504626580609e+01 6.980102842793e+01 4.138086556871e+04
2.012544972527e+03 1.020000000000e+00 4.161507555516e+01 4.700000000000e+00 1.123453410362e+01 3.716816634602e+02 4.336417051766e+00 -1.864760232477e+01 1.408925623691e+02 -4.463380755636e+01 7.531635564453e+01 6.717436957368e+01 4.524176458787e+04
2.012545086567e+03 1.020000000000e+00 4.161507555516e+01 4.700000000000e+00 1.294438544221e+01 3.722947851785e+02 1.156273130137e+00 -2.150075848755e+01 1.750000184007e+02 -4.455285749672e+01 7.650261413676e+01 6.301918118894e+01 4.882928199859e+04
2.012545200607e+03 1.020000000000e+00 4.161507555516e+01 4.700000000000e+00 1.427550793404e+01 3.732198150796e+02 -2.640657671327e+00 -2.335372897858e+01 2.078003392357e+02 -4.447919181474e+01 7.912130389481e+01 5.720446893020e+01 5.263690934963e+04
2.012545314648e+03 1.020000000000e+00 4.161507555516e+01 4.700000000000e+00 1.478381949744e+01 3.744008237875e+02 -6.588453294091e+00 -2.448966976452e+01 2.370995413887e+02 -4.440143514981e+01 8.243988515686e+01 5.070172706097e+01 5.805829958805e+04
2.012545428688e+03 1.020000000000e+00 4.161507555516e+01 4.700000000000e+00 1.476792752960e+01 3.754707463008e+02 -1.033487989087e+01 -2.509918626388e+01 2.617761623264e+02 -4.429046177167e+01 8.580069883729e+01 4.424960622778e+01 6.419588098866e+04
2.012545542728e+03 1.020000000000e+00 4.161507555516e+01 4.700000000000e+00 1.455975923336e+01 3.762763211026e+02 -1.363458120329e+01 -2.528500360041e+01 2.819708439594e+02 -4.414908309675e+01 8.883123290255e+01 3.834924059311e+01 7.014327504914e+04
2.012545656768e+03 1.020000000000e+00 4.161507555516e+01 4.700000000000e+00 1.429174076937e+01 3.768465846226e+02 -1.633133387608e+01 -2.521296009543e+01 2.982799473323e+02 -4.397369122174e+01 9.122327463788e+01 3.322706558066e+01 7.559184815091e+04
2.012545770809e+03 1.020000000000e+00 4.161507555516e+01 4.700000000000e+00 1.400482620182e+01 3.773457489044e+02 -1.835301874541e+01 -2.496171487678e+01 3.112936674903e+02 -4.373649149527e+01 9.276922063152e+01 2.890603827395e+01 8.050614620709e+04
2.012545884849e+03 1.020000000000e+00 4.161507555516e+01 4.700000000000e+00 1.369296063810e+01 3.779567934117e+02 -1.971760201481e+01 -2.434537751806e+01 3.195580441536e+02 -4.338750303875e+01 9.326983035913e+01 2.520451347977e+01 8.453121557906e+04
2.012545998889e+03 1.020000000000e+00 4.161507555516e+01 4.700000000000e+00 1.325790615577e+01 3.792823712419e+02 -2.055002243395e+01 -2.275852723799e+01 3.229311385609e+02 -4.290484317177e+01 9.299069170049e+01 2.163251866456e+01 8.825409920745e+04
2.012546112929e+03 1.020000000000e+00 4.161507555516e+01 4.700000000000e+00 1.252756718827e+01 3.829091910366e+02 -2.080239000219e+01 -2.050970566113e+01 3.165143611993e+02 -4.219698749434e+01 9.095131742843e+01 1.746549243590e+01 9.162355654383e+04
2.012546226970e+03 1.020000000000e+00 4.161507555516e+01 4.700000000000e+00 1.122200376520e+01 3.911481342225e+02 -2.031939805542e+01 -1.771013568183e+01 2.951273223768e+02 -4.117780053753e+01 8.349088021285e+01 1.262458389101e+01 9.497947588468e+04
2.012546341010e+03 1.020000000000e+00 4.161507555516e+01 4.700000000000e+00 9.344241237852e+00 4.043318470993e+02 -1.774093711587e+01 -1.391490224883e+01 2.324807732587e+02 -3.933866383976e+01 6.803029660714e+01 8.161807155609e+00 8.920773453838e+04
2.012546455050e+03 1.020000000000e+00 4.251507555516e+01 4.800000000000e+00 7.649137704186e+00 4.179406232707e+02 -1.225992751411e+01 -1.004960131040e+01 1.632468553344e+02 -3.726585535165e+01 5.278219181795e+01 5.393493473122e+00 7.650049457165e+04
2.012546569090e+03 1.020000000000e+00 4.251507555516e+01 4.800000000000e+00 6.217714699398e+00 4.309181765394e+02 -5.871186953761e+00 -5.841727151109e+00 1.068049348371e+02 -3.560358695275e+01 3.987833872714e+01 3.047780914085e+00 6.193315375200e+04
2.012546683131e+03 1.020000000000e+00 4.251507555516e+01 4.800000000000e+00 5.489605459434e+00 4.376860941499e+02 -2.587314511668e+00 -3.577245525280e+00 8.262671779194e+01 -3.464651599205e+01 3.367050926913e+01 1.727437475208e+00 5.447979898198e+04
2.012546797171e+03 1.020000000000e+00 4.251507555516e+01 4.800000000000e+00 5.220176194792e+00 4.401055172644e+02 -1.418546834788e+00 -2.815872601393e+00 7.516339500654e+01 -3.410682244175e+01 3.155700685283e+01 1.187638049666e+00 5.214221633775e+04
2.012546911211e+03 1.020000000000e+00 4.251507555516e+01 4.800000000000e+00 5.102997018542e+00 4.412355129771e+02 -8.837371327765e-01 -2.578157817465e+00 7.235311156391e+01 -3.397283053765e+01 3.080312853784e+01 9.478854868724e-01 5.134700051622e+04
2.012547025251e+03 1.020000000000e+00 4.251507555516e+01 4.800000000000e+00 5.040147979544e+00 4.419894671245e+02 -5.807615577520e-01 -2.505376225231e+00 7.093829106468e+01 -3.420123420051e+01 3.045138347769e+01 7.913106178966e-01 5.096935977548e+04
2.012547139292e+03 1.020000000000e+00 4.251507555516e+01 4.800000000000e+00 5.047191871866e+00 4.426595743607e+02 -2.784293171868e-01 -2.483311998785e+00 7.100260750000e+01 -3.439146136415e+01 3.022476616546e+01 6.189325344751e-01 5.094228474868e+04
2.012547253332e+03 1.020000000000e+00 4.251507555516e+01 4.800000000000e+00 5.095361885684e+00 4.433680033652e+02 1.109718814310e-01 -2.477774693687e+00 7.206338266555e+01 -3.448926853903e+01 3.012212894792e+01 4.251427680639e-01 5.121507304576e+04
2.012547367372e+03 1.020000000000e+00 4.251507555516e+01 4.800000000000e+00 5.140975780322e+00 4.441226560580e+02 3.747018473847e-01 -2.485159631395e+00 7.310226611715e+01 -3.457525517311e+01 3.017452554826e+01 2.347220983830e-01 5.149240473540e+04
2.012547481412e+03 1.020000000000e+00 4.251507555516e+01 4.800000000000e+00 5.194982816329e+00 4.448562510029e+02 4.721343235914e-01 -2.503752142840e+00 7.431644199573e+01 -3.470042047868e+01 3.033927243603e+01 6.307050788102e-02 5.180293517820e+04
2.012547595453e+03 1.020000000000e+00 4.251507555516e+01 4.800000000000e+00 5.265902967350e+00 4.456242013633e+02 5.067573900386e-01 -2.523531804155e+00 7.587990870347e+01 -3.485564784323e+01 3.053947679857e+01 -8.386650805638e-02 5.217972492886e+04
2.012547709493e+03 1.020000000000e+00 4.251507555516e+01 4.800000000000e+00 5.355652242008e+00 4.464640159343e+02 5.220533483170e-01 -2.543176060334e+00 7.785194169724e+01 -3.499946487876e+01 3.073596510660e+01 -2.038905759934e-01 5.263801336906e+04
2.012547823533e+03 1.020000000000e+00 4.251507555516e+01 4.800000000000e+00 5.461692026289e+00 4.473900466208e+02 5.215918345894e-01 -2.564580694045e+00 8.021127555489e+01 -3.508921813190e+01 3.091037575376e+01 -2.945685116588e-01 5.317968837364e+04
2.012547937573e+03 1.020000000000e+00 4.251507555516e+01 4.800000000000e+00 5.582206479601e+00 4.484085784431e+02 4.608508475277e-01 -2.586869382717e+00 8.292800266185e+01 -3.509429740176e+01 3.105404215214e+01 -3.545737473277e-01 5.379327672002e+04
2.012548051613e+03 1.020000000000e+00 4.251507555516e+01 4.800000000000e+00 5.715951646657e+00 4.495181515028e+02 3.386474693667e-01 -2.603014423551e+00 8.598495332307e+01 -3.500128931016e+01 3.116817580067e+01 -3.903122407957e-01 5.447055925623e+04
2.012548165654e+03 1.020000000000e+00 4.251507555516e+01 4.800000000000e+00 5.861446670375e+00 4.507146045176e+02 1.827340271616e-01 -2.619241300744e+00 8.935930339349e+01 -3.481123138062e+01 3.125688292004e+01 -4.032811452620e-01 5.520247613814e+04
2.012548279694e+03 1.020000000000e+00 4.251507555516e+01 4.800000000000e+00 6.014556372900e+00 4.520013384694e+02 6.599621750912e-03 -2.636934777059e+00 9.302245446285e+01 -3.453827226687e+01 3.132997946500e+01 -4.052758854282e-01 5.600173568950e+04
2.012548393734e+03 1.020000000000e+00 4.251507555516e+01 4.800000000000e+00 6.145170706404e+00 4.533941599307e+02 -1.827107919140e-01 -2.659017858032e+00 9.694540754571e+01 -3.420429381095e+01 3.140486692167e+01 -3.865319455010e-01 5.712203037816e+04
2.012548507774e+03 1.020000000000e+00 4.251507555516e+01 4.800000000000e+00 6.230554468215e+00 4.549056128408e+02 -3.926786027405e-01 -2.695667368016e+00 1.010878883552e+02 -3.382978095492e+01 3.149191833332e+01 -2.851380517881e-01 5.874682989367e+04
2.012548621815e+03 1.020000000000e+00 4.251507555516e+01 4.800000000000e+00 6.301805088623e+00 4.565190847047e+02 -6.502507433737e-01 -2.735465988514e+00 1.053627440167e+02 -3.342570458391e+01 3.157567830102e+01 -8.769142640513e-02 6.053906016107e+04
2.012548735855e+03 1.020000000000e+00 4.251507555516e+01 4.800000000000e+00 6.372038417652e+00 4.581855757737e+02 -9.894188142968e-01 -2.804064029784e+00 1.095962474329e+02 -3.299400324388e+01 3.160502326137e+01 1.560442914624e-01 6.227823402202e+04
2.012548849895e+03 1.020000000000e+00 4.251507555516e+01 4.800000000000e+00 6.436543494380e+00 4.598388336463e+02 -1.420683845060e+00 -2.895686107131e+00 1.135125411851e+02 -3.253869883440e+01 3.151172365985e+01 4.339547390822e-01 6.385871028902e+04
2.012548963935e+03 1.020000000000e+00 4.251507555516e+01 4.800000000000e+00 6.482087193728e+00 4.614067132641e+02 -1.916601485127e+00 -2.990656284521e+00 1.167603422205e+02 -3.206861075899e+01 3.127884394589e+01 7.405373363225e-01 6.522649459055e+04
2.012549077976e+03 1.020000000000e+00 4.251507555516e+01 4.800000000000e+00 6.486982624688e+00 4.628393106959e+02 -2.440596572922e+00 -3.070400140040e+00 1.189162543112e+02 -3.159378336704e+01 3.098553942678e+01 1.058865638789e+00 6.638309393798e+04
2.012549192016e+03 1.020000000000e+00 4.351507555516e+01 4.900000000000e+00 6.441907919593e+00 4.639877792194e+02 -2.770620249815e+00 -3.145092443005e+00 1.196976983030e+02 -3.126978071811e+01 3.055324670154e+01 1.361223392503e+00 6.728927485908e+04
2.012549306056e+03 1.020000000000e+00 4.351507555516e+01 4.900000000000e+00 6.336183383626e+00 4.651476381664e+02 -3.258320972959e+00 -3.158081078067e+00 1.193445218086e+02 -3.080661050056e+01 3.005020197311e+01 1.630016966995e+00 6.821094748774e+04
2.012549420096e+03 1.020000000000e+00 4.351507555516e+01 4.900000000000e+00 6.210948219166e+00 4.661770505895e+02 -3.620250359507e+00 -3.147558818395e+00 1.178472273086e+02 -3.033990985383e+01 2.952284972127e+01 1.830670793280e+00 6.871364471162e+04
2.012549534137e+03 1.020000000000e+00 4.351507555516e+01 4.900000000000e+00 6.069622912248e+00 4.671199424680e+02 -3.838875288271e+00 -3.108215832986e+00 1.154838915790e+02 -2.986109239565e+01 2.900058167238e+01 1.953633566769e+00 6.890418580406e+04
2.012549648177e+03 1.020000000000e+00 4.351507555516e+01 4.900000000000e+00 5.897005143341e+00 4.680170600126e+02 -3.930911156539e+00 -3.008563313180e+00 1.124557650396e+02 -2.936784629844e+01 2.848408795080e+01 2.023653223222e+00 6.906177577692e+04
2.012549762217e+03 1.020000000000e+00 4.351507555516e+01 4.900000000000e+00 5.716661426028e+00 4.688989622112e+02 -3.949655074697e+00 -2.875804324460e+00 1.091514838006e+02 -2.887431084107e+01 2.796796525854e+01 2.039392037144e+00 6.914707816442e+04
2.012549876257e+03 1.020000000000e+00 4.351507555516e+01 4.900000000000e+00 5.543157884901e+00 4.697699287129e+02 -3.939630076615e+00 -2.728983569403e+00 1.058005229202e+02 -2.840987182778e+01 2.745250961436e+01 2.023249477547e+00 6.912187230151e+04
2.012549990298e+03 1.020000000000e+00 4.351507555516e+01 4.900000000000e+00 5.384252822949e+00 4.706255090577e+02 -3.898337406526e+00 -2.584049879970e+00 1.024735256351e+02 -2.800642398536e+01 2.694062165004e+01 1.962259213733e+00 6.892395881874e+04
2.012550104338e+03 1.020000000000e+00 4.351507555516e+01 4.900000000000e+00 5.243058604060e+00 4.714641286147e+02 -3.814551975427e+00 -2.432611386425e+00 9.927703992395e+01 -2.768467238192e+01 2.643133496411e+01 1.825737502767e+00 6.857213112945e+04
2.012550218378e+03 1.020000000000e+00 4.351507555516e+01 4.900000000000e+00 5.119148991294e+00 4.722836350484e+02 -3.731487414155e+00 -2.270732729869e+00 9.623373173820e+01 -2.744925002273e+01 2.592363666055e+01 1.670106927968e+00 6.807899621487e+04
2.012550332418e+03 1.020000000000e+00 4.351507555516e+01 4.900000000000e+00 5.009416507938e+00 4.730773464616e+02 -3.653634988393e+00 -2.105354777358e+00 9.340179638638e+01 -2.729136580242e+01 2.541409068451e+01 1.515538052812e+00 6.752308560049e+04
2.012550446459e+03 1.020000000000e+00 4.351507555516e+01 4.900000000000e+00 4.909637446112e+00 4.738338077615e+02 -3.565040378068e+00 -1.944114859547e+00 9.083111430107e+01 -2.719298750592e+01 2.489578666866e+01 1.365249783844e+00 6.699920376429e+04
2.012550560499e+03 1.020000000000e+00 4.351507555516e+01 4.900000000000e+00 4.825089723765e+00 4.745403256395e+02 -3.446764885895e+00 -1.790746285800e+00 8.859041376980e+01 -2.713335148190e+01 2.435941407283e+01 1.220119869399e+00 6.649156546037e+04
2.012550674539e+03 1.020000000000e+00 4.351507555516e+01 4.900000000000e+00 4.760150936018e+00 4.752010965622e+02 -3.321038519887e+00 -1.647286372217e+00 8.654662208023e+01 -2.709407351771e+01 2.382609027669e+01 1.084021074581e+00 6.584384698214e+04
2.012550788579e+03 1.020000000000e+00 4.351507555516e+01 4.900000000000e+00 4.703761630612e+00 4.758232939996e+02 -3.198370128150e+00 -1.512781145275e+00 8.465278181364e+01 -2.706290175288e+01 2.330662145353e+01 9.601235436086e-01 6.517494127140e+04
2.012550902620e+03 1.020000000000e+00 4.351507555516e+01 4.900000000000e+00 4.648416323785e+00 4.764079797123e+02 -3.069666810173e+00 -1.386244639327e+00 8.293685954027e+01 -2.703305078343e+01 2.279672403225e+01 8.506790459268e-01 6.461394219252e+04
2.012551016660e+03 1.020000000000e+00 4.351507555516e+01 4.900000000000e+00 4.595822885536e+00 4.769535622221e+02 -2.927442959227e+00 -1.268122384863e+00 8.141761875706e+01 -2.700189710542e+01 2.229472948319e+01 7.585105649732e-01 6.415610090473e+04
2.012551130700e+03 1.020000000000e+00 4.351507555516e+01 4.900000000000e+00 4.548384975668e+00 4.774566752082e+02 -2.771633191018e+00 -1.158313092830e+00 8.008803925657e+01 -2.696990478621e+01 2.180527913085e+01 6.864537632083e-01 6.376649943307e+04
2.012551244740e+03 1.020000000000e+00 4.351507555516e+01 4.900000000000e+00 4.506655165045e+00 4.779097564461e+02 -2.609152249982e+00 -1.055394677157e+00 7.892923687189e+01 -2.693892750232e+01 2.133690784271e+01 6.365276587407e-01 6.342566532998e+04
2.012551358781e+03 1.020000000000e+00 4.351507555516e+01 4.900000000000e+00 4.470012780514e+00 4.783018842943e+02 -2.450817253413e+00 -9.565264597259e-01 7.791847415853e+01 -2.691105008459e+01 2.089756992994e+01 6.089417581630e-01 6.312665292433e+04
2.012551472821e+03 1.020000000000e+00 4.351507555516e+01 4.900000000000e+00 4.437235652460e+00 4.786239505531e+02 -2.308152296066e+00 -8.578625462578e-01 7.702258073013e+01 -2.688732857221e+01 2.049161011996e+01 5.994649418461e-01 6.286169744248e+04
2.012551586861e+03 1.020000000000e+00 4.351507555516e+01 4.900000000000e+00 4.408721291757e+00 4.788590293913e+02 -2.200951274739e+00 -7.561294926182e-01 7.624800835015e+01 -2.686826147276e+01 2.013066625023e+01 5.982266819857e-01 6.263164233735e+04
2.012551700901e+03 1.020000000000e+00 4.351507555516e+01 4.900000000000e+00 4.392329286494e+00 4.789723745448e+02 -2.161362375529e+00 -6.525314930120e-01 7.578902503707e+01 -2.685432638768e+01 1.985200784063e+01 6.074489226690e-01 6.248688449241e+04
2.012551814942e+03 1.020000000000e+00 4.351507555516e+01 4.900000000000e+00 4.380093797931e+00 4.790321136504e+02 -2.150820988679e+00 -5.510891881966e-01 7.543285698966e+01 -2.684483944509e+01 1.961158655626e+01 6.324290512201e-01 6.236706278424e+04
2.012551928982e+03 1.020000000000e+00 4.441507555516e+01 5.000000000000e+00 4.377564988431e+00 4.789884969805e+02 -2.076271068516e+00 -4.780273057484e-01 7.531134947968e+01 -2.696759638254e+01 1.945552221074e+01 6.255696247479e-01 6.230235656816e+04
2.012552043022e+03 1.020000000000e+00 4.441507555516e+01 5.000000000000e+00 4.365961771133e+00 4.789497684961e+02 -2.097656371618e+00 -3.893849901554e-01 7.498385880481e+01 -2.695427278589e+01 1.924733081104e+01 6.472865011442e-01 6.219627011136e+04
2.012552157062e+03 1.020000000000e+00 4.441507555516e+01 5.000000000000e+00 4.356412167492e+00 4.788390358046e+02 -2.160457063513e+00 -3.154312725685e-01 7.470417928686e+01 -2.694486633495e+01 1.909490516760e+01 6.526769972894e-01 6.210006506647e+04
2.012552271103e+03 1.020000000000e+00 4.441507555516e+01 5.000000000000e+00 4.349045354052e+00 4.786982657129e+02 -2.237973910457e+00 -2.607646309946e-01 7.447562632883e+01 -2.693610188523e+01 1.900208198011e+01 6.485415221163e-01 6.201494415342e+04
2.012552385143e+03 1.020000000000e+00 4.441507555516e+01 5.000000000000e+00 4.342448437816e+00 4.785281428789e+02 -2.316536085483e+00 -2.286094110936e-01 7.426034454972e+01 -2.692216766021e+01 1.892091217864e+01 6.362347052744e-01 6.192964147284e+04
2.012552499183e+03 1.020000000000e+00 4.441507555516e+01 5.000000000000e+00 4.335544475567e+00 4.783243544177e+02 -2.393169379609e+00 -2.128061856484e-01 7.403265893458e+01 -2.689869932611e+01 1.883964142105e+01 6.092446301321e-01 6.183808560760e+04
2.012552613223e+03 1.020000000000e+00 4.441507555516e+01 5.000000000000e+00 4.327793974484e+00 4.780855205735e+02 -2.471975920409e+00 -2.111732574011e-01 7.378240116729e+01 -2.686178438479e+01 1.875706116727e+01 5.618736996604e-01 6.173942437144e+04
2.012552727264e+03 1.020000000000e+00 4.441507555516e+01 5.000000000000e+00 4.318851501252e+00 4.778114388279e+02 -2.561062207194e+00 -2.221498368151e-01 7.350112606238e+01 -2.680880320945e+01 1.866984859679e+01 4.985021569410e-01 6.163143057399e+04
2.012552841304e+03 1.020000000000e+00 4.441507555516e+01 5.000000000000e+00 4.308285631455e+00 4.775040889694e+02 -2.668034013904e+00 -2.441083147576e-01 7.317671658792e+01 -2.673806063685e+01 1.857379819495e+01 4.262369975982e-01 6.150993682358e+04
2.012552955344e+03 1.020000000000e+00 4.441507555516e+01 5.000000000000e+00 4.295444237818e+00 4.771681815925e+02 -2.799888531842e+00 -2.705317852416e-01 7.279341831262e+01 -2.664816646929e+01 1.846675572159e+01 3.503592749784e-01 6.137074572424e+04
2.012553069384e+03 1.020000000000e+00 4.441507555516e+01 5.000000000000e+00 4.279531975937e+00 4.768098495861e+02 -2.961889722386e+00 -2.950901279716e-01 7.233223027846e+01 -2.653901717117e+01 1.834836012967e+01 2.738448806926e-01 6.120877181165e+04
2.012553183425e+03 1.020000000000e+00 4.441507555516e+01 5.000000000000e+00 4.259876845860e+00 4.764341029345e+02 -3.156525905180e+00 -3.147519591123e-01 7.177686677161e+01 -2.641250470301e+01 1.821969999216e+01 1.979190233601e-01 6.101917776662e+04
2.012553297465e+03 1.020000000000e+00 4.441507555516e+01 5.000000000000e+00 4.235994815784e+00 4.760429312527e+02 -3.383425191903e+00 -3.280077031309e-01 7.111521126048e+01 -2.627198734240e+01 1.808298016071e+01 1.232324680758e-01 6.079765104097e+04
2.012553411505e+03 1.020000000000e+00 4.441507555516e+01 5.000000000000e+00 4.207650566624e+00 4.756368126272e+02 -3.639385041026e+00 -3.330732753571e-01 7.034076661656e+01 -2.612089416013e+01 1.794150163736e+01 5.052438480425e-02 6.054073692119e+04
2.012553525545e+03 1.020000000000e+00 4.441507555516e+01 5.000000000000e+00 4.175258469187e+00 4.752179784189e+02 -3.917419190858e+00 -3.310614917764e-01 6.946180032905e+01 -2.596273099935e+01 1.780040270709e+01 -1.961344715436e-02 6.024810789734e+04
2.012553639586e+03 1.020000000000e+00 4.441507555516e+01 5.000000000000e+00 4.138838091007e+00 4.747784401580e+02 -4.212012120461e+00 -3.243724893826e-01 6.847611673692e+01 -2.580083005829e+01 1.765872604202e+01 -8.647200480610e-02 5.991582057224e+04
2.012553753626e+03 1.020000000000e+00 4.441507555516e+01 5.000000000000e+00 4.099473979296e+00 4.743173270747e+02 -4.513853725763e+00 -3.137401618918e-01 6.740806985427e+01 -2.563777668472e+01 1.751952753343e+01 -1.501106951132e-01 5.954760164310e+04
2.012553867666e+03 1.020000000000e+00 4.441507555516e+01 5.000000000000e+00 4.058026333634e+00 4.738286669213e+02 -4.815803033239e+00 -3.028606927110e-01 6.627644992565e+01 -2.547511982948e+01 1.738213265652e+01 -2.116375169950e-01 5.914586531927e+04
2.012553981706e+03 1.020000000000e+00 4.441507555516e+01 5.000000000000e+00 4.015268081516e+00 4.733051781058e+02 -5.112356787535e+00 -2.936027265844e-01 6.509841991817e+01 -2.531277600763e+01 1.724454826608e+01 -2.717400027232e-01 5.871313626755e+04
2.012554095747e+03 1.020000000000e+00 4.441507555516e+01 5.000000000000e+00 3.971773075573e+00 4.727386652997e+02 -5.400870414236e+00 -2.858848317101e-01 6.388724830685e+01 -2.514917178438e+01 1.710285001409e+01 -3.294215332853e-01 5.825168134559e+04
2.012554209787e+03 1.020000000000e+00 4.441507555516e+01 5.000000000000e+00 3.927987723544e+00 4.721232397403e+02 -5.682682933730e+00 -2.780935997455e-01 6.265446405349e+01 -2.498093847911e+01 1.695013017716e+01 -3.819800692356e-01 5.776436130463e+04
2.012554323827e+03 1.020000000000e+00 4.441507555516e+01 5.000000000000e+00 3.884350261772e+00 4.714610626846e+02 -5.965406374819e+00 -2.672914054155e-01 6.141366253828e+01 -2.480108311003e+01 1.677796125296e+01 -4.256280348907e-01 5.725640598992e+04
2.012554437867e+03 1.020000000000e+00 4.441507555516e+01 5.000000000000e+00 3.841308281474e+00 4.707648042747e+02 -6.264117684685e+00 -2.523311991594e-01 6.018201326834e+01 -2.459878924883e+01 1.658209180884e+01 -4.566654882388e-01 5.673673740598e+04
2.012554551908e+03 1.020000000000e+00 4.441507555516e+01 5.000000000000e+00 3.799706973156e+00 4.700520937408e+02 -6.594016023161e+00 -2.354238123062e-01 5.898915152121e+01 -2.436376678542e+01 1.636926141561e+01 -4.733772510207e-01 5.622092558657e+04
2.012554665948e+03 1.020000000000e+00 4.541507555516e+01 5.100000000000e+00 3.821892413415e+00 4.699972511996e+02 -6.515567041685e+00 -2.453636939715e-01 5.944656960130e+01 -2.443035945248e+01 1.653414570235e+01 -4.741240290300e-01 5.632461048453e+04
2.012554779988e+03 1.020000000000e+00 4.541507555516e+01 5.100000000000e+00 3.790159226936e+00 4.693376269107e+02 -6.820892492264e+00 -2.365015687564e-01 5.848961779872e+01 -2.417439926648e+01 1.637196827488e+01 -4.835156323644e-01 5.588189957571e+04
2.012554894028e+03 1.020000000000e+00 4.541507555516e+01 5.100000000000e+00 3.765972124793e+00 4.687318310355e+02 -7.063999889653e+00 -2.421678937046e-01 5.772664533287e+01 -2.392202013252e+01 1.625840600974e+01 -4.968897581545e-01 5.550747820904e+04
2.012555008069e+03 1.020000000000e+00 4.541507555516e+01 5.100000000000e+00 3.749879523680e+00 4.682405194340e+02 -7.166717213337e+00 -2.849111439279e-01 5.716899170709e+01 -2.370478015936e+01 1.619388753186e+01 -5.106584670903e-01 5.520750827631e+04
2.012555122109e+03 1.020000000000e+00 4.541507555516e+01 5.100000000000e+00 3.751856139084e+00 4.679881174240e+02 -7.130174662414e+00 -3.656236857909e-01 5.703157792315e+01 -2.354791981549e+01 1.625376444895e+01 -5.269725372297e-01 5.504620694280e+04
2.012555236149e+03 1.020000000000e+00 4.541507555516e+01 5.100000000000e+00 3.782606807740e+00 4.680162321246e+02 -6.969101972650e+00 -4.720758247688e-01 5.753966791053e+01 -2.346570643834e+01 1.653027798367e+01 -5.484088959024e-01 5.508514903580e+04
2.012555350189e+03 1.020000000000e+00 4.541507555516e+01 5.100000000000e+00 3.827783615225e+00 4.681402616484e+02 -6.644803215011e+00 -5.875424066182e-01 5.836199440312e+01 -2.346235514321e+01 1.694127975044e+01 -5.676086159156e-01 5.521300629479e+04
2.012555464230e+03 1.020000000000e+00 4.541507555516e+01 5.100000000000e+00 3.878042007409e+00 4.682759883940e+02 -6.246374418468e+00 -6.976400174032e-01 5.929850164973e+01 -2.353267252036e+01 1.740603035949e+01 -5.776483724857e-01 5.537219785921e+04
2.012555578270e+03 1.020000000000e+00 4.541507555516e+01 5.100000000000e+00 3.925617856168e+00 4.683965091648e+02 -5.831352619304e+00 -7.890618108400e-01 6.017005611962e+01 -2.365854581337e+01 1.788300816767e+01 -5.783966258988e-01 5.550549683398e+04
2.012555692310e+03 1.020000000000e+00 4.541507555516e+01 5.100000000000e+00 3.965598035771e+00 4.684753079548e+02 -5.438890549629e+00 -8.501268903543e-01 6.085515120545e+01 -2.381195282957e+01 1.832717030490e+01 -5.730625258567e-01 5.557187879096e+04
2.012555806350e+03 1.020000000000e+00 4.541507555516e+01 5.100000000000e+00 3.996225824829e+00 4.684071983182e+02 -5.091092563660e+00 -8.842599997530e-01 6.131246582810e+01 -2.396327082073e+01 1.870907854746e+01 -5.582412715352e-01 5.556045913377e+04
2.012555920391e+03 1.020000000000e+00 4.541507555516e+01 5.100000000000e+00 4.020144476905e+00 4.681724550007e+02 -4.796505596239e+00 -9.063409153917e-01 6.160571174673e+01 -2.409396543179e+01 1.902708093627e+01 -5.381312948917e-01 5.549394723149e+04
2.012556034431e+03 1.020000000000e+00 4.541507555516e+01 5.100000000000e+00 4.040515728128e+00 4.678401607305e+02 -4.554569246378e+00 -9.167779611132e-01 6.180648023536e+01 -2.419623188712e+01 1.928677897056e+01 -5.132971966138e-01 5.539396941431e+04
2.012556148471e+03 1.020000000000e+00 4.541507555516e+01 5.100000000000e+00 4.058881647536e+00 4.674321607546e+02 -4.359440379175e+00 -9.206189970171e-01 6.195370448313e+01 -2.426941744436e+01 1.948913963809e+01 -4.847644273712e-01 5.527456092857e+04
2.012556262511e+03 1.020000000000e+00 4.541507555516e+01 5.100000000000e+00 4.076125723085e+00 4.669569979515e+02 -4.201000074134e+00 -9.251213486382e-01 6.207436270040e+01 -2.431776174252e+01 1.963595800826e+01 -4.551784850351e-01 5.514786361097e+04
2.012556376552e+03 1.020000000000e+00 4.541507555516e+01 5.100000000000e+00 4.092848366230e+00 4.664212468647e+02 -4.062037948502e+00 -9.345647977274e-01 6.218334976019e+01 -2.434728565064e+01 1.973589361784e+01 -4.247728040455e-01 5.501893274762e+04
2.012556490592e+03 1.020000000000e+00 4.541507555516e+01 5.100000000000e+00 4.109956926295e+00 4.658379829522e+02 -3.926278916246e+00 -9.514738134030e-01 6.230080380896e+01 -2.436313220848e+01 1.980121654789e+01 -3.938045666068e-01 5.489328906766e+04
2.012556604632e+03 1.020000000000e+00 4.541507555516e+01 5.100000000000e+00 4.129137556290e+00 4.652319157293e+02 -3.784538600206e+00 -9.773631093631e-01 6.246579102229e+01 -2.436836577509e+01 1.984544789993e+01 -3.631976076004e-01 5.478273701761e+04
2.012556718672e+03 1.020000000000e+00 4.541507555516e+01 5.100000000000e+00 4.152321007096e+00 4.646336009945e+02 -3.630946709149e+00 -1.014868376157e+00 6.272369200842e+01 -2.436456245570e+01 1.988431123816e+01 -3.357009047604e-01 5.470136793809e+04
2.012556832713e+03 1.020000000000e+00 4.541507555516e+01 5.100000000000e+00 4.180680122830e+00 4.640659381011e+02 -3.463830767972e+00 -1.067176058339e+00 6.310363134010e+01 -2.435298833151e+01 1.992765905586e+01 -3.127395901245e-01 5.465905482164e+04
2.012556946753e+03 1.020000000000e+00 4.541507555516e+01 5.100000000000e+00 4.211896124724e+00 4.635208030901e+02 -3.270907197597e+00 -1.127901401961e+00 6.355485275412e+01 -2.433702162475e+01 1.998673153159e+01 -2.864003904687e-01 5.464178316570e+04
2.012557060793e+03 1.020000000000e+00 4.541507555516e+01 5.100000000000e+00 4.242151181152e+00 4.629649033204e+02 -3.063447339213e+00 -1.187560341993e+00 6.398701833620e+01 -2.432300508072e+01 2.005275828690e+01 -2.501219434044e-01 5.462119029674e+04
2.012557174833e+03 1.020000000000e+00 4.541507555516e+01 5.100000000000e+00 4.268734994733e+00 4.623599175956e+02 -2.890039013523e+00 -1.238108034725e+00 6.432993712573e+01 -2.431664388265e+01 2.008956323630e+01 -2.028913928780e-01 5.457223450221e+04
2.012557288874e+03 1.020000000000e+00 4.541507555516e+01 5.100000000000e+00 4.291134209396e+00 4.616827789580e+02 -2.799567176613e+00 -1.271272179044e+00 6.455990589795e+01 -2.432003406039e+01 2.004482487173e+01 -1.446200420911e-01 5.448164064408e+04
2.012557402914e+03 1.020000000000e+00 4.631507555516e+01 5.200000000000e+00 4.316234597977e+00 4.619356538407e+02 -2.807249673476e+00 -1.257325450482e+00 6.530893691825e+01 -2.451671677796e+01 1.974122447143e+01 -7.244667056368e-02 5.479568749392e+04
2.012557516954e+03 1.020000000000e+00 4.631507555516e+01 5.200000000000e+00 4.324363510149e+00 4.610984650004e+02 -2.822366050503e+00 -1.253740493775e+00 6.514225397097e+01 -2.454941504062e+01 1.947812594930e+01 1.621474252410e-02 5.455362782062e+04
2.012557630994e+03 1.020000000000e+00 4.631507555516e+01 5.200000000000e+00 4.311936079811e+00 4.600422930564e+02 -2.896096654043e+00 -1.232132995292e+00 6.448931206559e+01 -2.460332942091e+01 1.911234498811e+01 1.171367612699e-01 5.416320754423e+04
2.012557745035e+03 1.020000000000e+00 4.631507555516e+01 5.200000000000e+00 4.283599252168e+00 4.588261017570e+02 -2.987006551528e+00 -1.197731007961e+00 6.348795115855e+01 -2.467296247106e+01 1.863084898949e+01 2.149602590705e-01 5.367567715158e+04
2.012557859075e+03 1.020000000000e+00 4.631507555516e+01 5.200000000000e+00 4.242093602141e+00 4.575045091521e+02 -3.041290696363e+00 -1.163726190423e+00 6.223294970578e+01 -2.475008562782e+01 1.810209623898e+01 2.985375265104e-01 5.313021226892e+04
2.012557973115e+03 1.020000000000e+00 4.631507555516e+01 5.200000000000e+00 4.186994803628e+00 4.561050828365e+02 -3.055946808395e+00 -1.137676833730e+00 6.075281398669e+01 -2.483189554973e+01 1.759546921372e+01 3.602593598530e-01 5.254975861036e+04
2.012558087155e+03 1.020000000000e+00 4.631507555516e+01 5.200000000000e+00 4.117691826412e+00 4.546319799744e+02 -3.041499029656e+00 -1.123199042473e+00 5.906020337469e+01 -2.492382201631e+01 1.718900505304e+01 3.953847726516e-01 5.194597029021e+04
