VARIABLES="time" "Distance" "lon" "lat" "density" "Vx" "Vy" "Vz" "p" "Bx" "By" "Bz" "T"
ZONE
DT=(DOUBLE DOUBLE DOUBLE DOUBLE DOUBLE DOUBLE DOUBLE DOUBLE DOUBLE DOUBLE DOUBLE DOUBLE DOUBLE )
2.012529234973e+03 1.020000000000e+00 3.591507555516e+01 4.200000000000e+00 3.652711505346e+00 4.177684221488e+02 7.070546155698e+00 -2.495022167756e+00 5.448854049228e+01 2.589592908127e+01 -8.701723017045e+00 -1.704747534736e+00 5.393331811807e+04
2.012529349013e+03 1.020000000000e+00 3.591507555516e+01 4.200000000000e+00 3.903202833374e+00 4.158196115199e+02 7.340565587187e+00 -1.329583821007e+00 5.995003876155e+01 2.288904737657e+01 -8.715980294206e+00 -5.343045652393e-01 5.552091706599e+04
2.012529463053e+03 1.020000000000e+00 3.591507555516e+01 4.200000000000e+00 4.208302510863e+00 4.143577701154e+02 7.379797602364e+00 -4.683467205378e-01 6.683595230242e+01 1.979479978681e+01 -8.630231237902e+00 4.775235883051e-01 5.741999675801e+04
2.012529577093e+03 1.020000000000e+00 3.591507555516e+01 4.200000000000e+00 4.521065477482e+00 4.130516063724e+02 7.252663438103e+00 3.731898310541e-02 7.409478726903e+01 1.679155663372e+01 -8.473536063887e+00 1.174904151339e+00 5.927367953126e+04
2.012529691134e+03 1.020000000000e+00 3.591507555516e+01 4.200000000000e+00 4.810908225710e+00 4.117652850988e+02 6.690424865382e+00 2.137844398205e-01 8.097763615994e+01 1.409177881491e+01 -8.299599059344e+00 1.511862639614e+00 6.089916541256e+04
2.012529805174e+03 1.020000000000e+00 3.591507555516e+01 4.200000000000e+00 5.066306087800e+00 4.104882391854e+02 5.506774891592e+00 1.302762661276e-01 8.715613141517e+01 1.184854255748e+01 -8.124906680124e+00 1.636758503909e+00 6.226142857226e+04
2.012529919214e+03 1.020000000000e+00 3.591507555516e+01 4.200000000000e+00 5.278334277020e+00 4.092336498352e+02 3.901115525302e+00 -3.146558901174e-01 9.236497109126e+01 1.010127823092e+01 -7.946145870004e+00 1.617046144366e+00 6.334727199226e+04
2.012530033254e+03 1.020000000000e+00 3.591507555516e+01 4.200000000000e+00 5.438415091503e+00 4.079879198204e+02 2.231460108716e+00 -9.870429345141e-01 9.657256115127e+01 8.782367248054e+00 -7.678240813423e+00 1.440013352031e+00 6.429240254744e+04
2.012530147295e+03 1.020000000000e+00 3.681507555516e+01 4.300000000000e+00 5.551844427043e+00 4.098110267439e+02 1.035310309332e+00 -2.269222294287e+00 9.760426406825e+01 1.103231125370e+01 -9.544930443406e+00 8.568938227319e-01 6.365780544409e+04
2.012530261335e+03 1.020000000000e+00 3.681507555516e+01 4.300000000000e+00 5.480315114719e+00 4.086357437318e+02 -4.146415041157e-01 -2.716695873942e+00 1.008032480619e+02 1.001309761383e+01 -8.556646803558e+00 9.343077759418e-02 6.660542502734e+04
2.012530375375e+03 1.020000000000e+00 3.681507555516e+01 4.300000000000e+00 5.363698712392e+00 4.075158606601e+02 -1.533306927924e+00 -3.111510249663e+00 1.027415884957e+02 9.054747465236e+00 -7.480332831798e+00 -5.450961592019e-01 6.936544779972e+04
2.012530489415e+03 1.020000000000e+00 3.681507555516e+01 4.300000000000e+00 5.231056537670e+00 4.062044276155e+02 -2.185394070448e+00 -3.362626547132e+00 1.028870092391e+02 8.036715483932e+00 -6.245957809710e+00 -9.397132639965e-01 7.122917171751e+04
2.012530603456e+03 1.020000000000e+00 3.681507555516e+01 4.300000000000e+00 5.082420832041e+00 4.043295967203e+02 -2.446773516704e+00 -3.452495136468e+00 1.007675057323e+02 6.846181740267e+00 -4.634230882542e+00 -1.087031378070e+00 7.180342192170e+04
2.012530717496e+03 1.020000000000e+00 3.681507555516e+01 4.300000000000e+00 4.939247001056e+00 4.020623564029e+02 -2.434429155271e+00 -3.409477804910e+00 9.782372340856e+01 5.394752258188e+00 -2.827414391575e+00 -1.103213369805e+00 7.172632430202e+04
2.012530831536e+03 1.020000000000e+00 3.681507555516e+01 4.300000000000e+00 4.814625999147e+00 3.994822715487e+02 -1.883648361949e+00 -3.057081902323e+00 9.485317488147e+01 3.622082590642e+00 -9.447161920831e-01 -9.700881785947e-01 7.134907619018e+04
2.012530945576e+03 1.020000000000e+00 3.681507555516e+01 4.300000000000e+00 4.705092723779e+00 3.965639110606e+02 -6.859141544469e-01 -2.126468138502e+00 9.207156497696e+01 1.498253453362e+00 1.040293108416e+00 -5.410757638171e-01 7.087141142185e+04
2.012531059617e+03 1.020000000000e+00 3.681507555516e+01 4.300000000000e+00 4.609692804908e+00 3.933197519942e+02 1.128613974079e+00 -8.917888371801e-01 8.933273965839e+01 -9.855418457651e-01 3.212943449818e+00 1.448772708218e-01 7.018756051560e+04
2.012531173657e+03 1.020000000000e+00 3.681507555516e+01 4.300000000000e+00 4.527716941892e+00 3.898409779434e+02 3.225825056519e+00 2.992154270550e-01 8.603117437313e+01 -3.815543421701e+00 5.577059283836e+00 8.214044579918e-01 6.882006287433e+04
2.012531287697e+03 1.020000000000e+00 3.681507555516e+01 4.300000000000e+00 4.475656873307e+00 3.862759194279e+02 5.464116923667e+00 1.268396840924e+00 8.228004584564e+01 -6.956091043268e+00 8.104027777443e+00 1.316743723617e+00 6.658260314637e+04
2.012531401737e+03 1.020000000000e+00 3.681507555516e+01 4.300000000000e+00 4.468252580304e+00 3.827392164662e+02 7.747283522377e+00 1.984929991934e+00 7.827516202661e+01 -1.032932902012e+01 1.074346158677e+01 1.624076502170e+00 6.343353455353e+04
2.012531515778e+03 1.020000000000e+00 3.681507555516e+01 4.300000000000e+00 4.476779220841e+00 3.792832619838e+02 9.993784202191e+00 2.481497751807e+00 7.381689342869e+01 -1.382130360354e+01 1.341283889296e+01 1.801306285428e+00 5.969044838787e+04
2.012531629818e+03 1.020000000000e+00 3.681507555516e+01 4.300000000000e+00 4.486806911298e+00 3.759750008771e+02 1.211212274447e+01 2.731744026441e+00 6.852158273163e+01 -1.729781835955e+01 1.605170507250e+01 1.864154580613e+00 5.526988737169e+04
2.012531743858e+03 1.020000000000e+00 3.681507555516e+01 4.300000000000e+00 4.494505364074e+00 3.729269593400e+02 1.400581479476e+01 2.789406957587e+00 6.278061309354e+01 -2.063229765245e+01 1.860940069256e+01 1.814024014872e+00 5.054326289484e+04
2.012531857898e+03 1.020000000000e+00 3.681507555516e+01 4.300000000000e+00 4.504511847086e+00 3.702176134248e+02 1.559529517384e+01 2.705992847927e+00 5.706323472898e+01 -2.372667407667e+01 2.097872817216e+01 1.604097334632e+00 4.583882010356e+04
2.012531971939e+03 1.020000000000e+00 3.681507555516e+01 4.300000000000e+00 4.524392931453e+00 3.678712696154e+02 1.682551400713e+01 2.487581224662e+00 5.179938686390e+01 -2.651097638059e+01 2.308177839019e+01 1.211588991842e+00 4.144193964050e+04
2.012532085979e+03 1.020000000000e+00 3.681507555516e+01 4.300000000000e+00 4.560386501978e+00 3.658760023997e+02 1.767192855622e+01 2.158869932052e+00 4.732954055861e+01 -2.895061529112e+01 2.489774697253e+01 6.538143053949e-01 3.758993980867e+04
2.012532200019e+03 1.020000000000e+00 3.681507555516e+01 4.300000000000e+00 4.618657107696e+00 3.642403883746e+02 1.818295397852e+01 1.864106068570e+00 4.388296019537e+01 -3.105285862506e+01 2.645913951496e+01 9.698587071812e-02 3.443159290686e+04
2.012532314059e+03 1.020000000000e+00 3.681507555516e+01 4.300000000000e+00 4.703898121533e+00 3.629515824175e+02 1.841161744729e+01 1.694979042262e+00 4.140360460448e+01 -3.283575820639e+01 2.777201555915e+01 -3.453015729358e-01 3.190817537349e+04
2.012532428100e+03 1.020000000000e+00 3.681507555516e+01 4.300000000000e+00 4.807200979168e+00 3.620716636504e+02 1.839371671767e+01 1.631291666571e+00 3.975915749456e+01 -3.433531298878e+01 2.886579193544e+01 -6.113616157934e-01 2.998531538843e+04
2.012532542140e+03 1.020000000000e+00 3.681507555516e+01 4.300000000000e+00 4.910669678896e+00 3.616399817782e+02 1.814811524217e+01 1.651665427447e+00 3.862251312531e+01 -3.558923900930e+01 2.983914167232e+01 -7.260361078168e-01 2.850241387125e+04
2.012532656180e+03 1.020000000000e+00 3.681507555516e+01 4.300000000000e+00 5.036598918385e+00 3.617452358317e+02 1.753258374770e+01 1.820799767688e+00 3.818327324388e+01 -3.662211505967e+01 3.066551044165e+01 -7.289649462352e-01 2.746967092681e+04
2.012532770220e+03 1.020000000000e+00 3.681507555516e+01 4.300000000000e+00 5.163021914870e+00 3.624776734152e+02 1.647024441799e+01 2.195823687586e+00 3.845651900773e+01 -3.743129569920e+01 3.140932159125e+01 -5.795363686766e-01 2.699007349068e+04
2.012532884261e+03 1.020000000000e+00 3.781507555516e+01 4.400000000000e+00 5.172339108699e+00 3.591512748832e+02 1.787855962699e+01 2.182765300712e+00 3.945304377995e+01 -3.629644912622e+01 3.061221774143e+01 -6.791301193298e-01 2.764483958343e+04
2.012532998301e+03 1.020000000000e+00 3.781507555516e+01 4.400000000000e+00 5.361986165387e+00 3.600837324907e+02 1.663449065745e+01 2.601428087621e+00 4.011228791585e+01 -3.714003887972e+01 3.136108046682e+01 -4.005871300461e-01 2.709623728316e+04
2.012533112341e+03 1.020000000000e+00 3.781507555516e+01 4.400000000000e+00 5.564517299888e+00 3.616889967583e+02 1.497925400856e+01 3.160077373174e+00 4.155292499490e+01 -3.777368883493e+01 3.201547945869e+01 1.694357378530e-02 2.702622158819e+04
2.012533226381e+03 1.020000000000e+00 3.781507555516e+01 4.400000000000e+00 5.778236969888e+00 3.636266007580e+02 1.303128391046e+01 3.844055293497e+00 4.345715242535e+01 -3.820740608712e+01 3.255919835356e+01 6.060096363754e-01 2.717952174160e+04
2.012533340422e+03 1.020000000000e+00 3.781507555516e+01 4.400000000000e+00 6.062678005417e+00 3.661329439552e+02 1.068660088174e+01 4.567156168899e+00 4.637255188971e+01 -3.846080271187e+01 3.285201699848e+01 1.296754893439e+00 2.762368998509e+04
2.012533454462e+03 1.020000000000e+00 3.781507555516e+01 4.400000000000e+00 6.360494194771e+00 3.689616329788e+02 8.186076365763e+00 5.261567907392e+00 4.978228596038e+01 -3.857173041599e+01 3.293204356705e+01 2.015499691302e+00 2.827259114245e+04
2.012533568502e+03 1.020000000000e+00 3.781507555516e+01 4.400000000000e+00 6.600503564215e+00 3.718115873422e+02 5.713664910421e+00 5.892864665778e+00 5.313307387960e+01 -3.858397124434e+01 3.284516152201e+01 2.688496889791e+00 2.910084948216e+04
2.012533682542e+03 1.020000000000e+00 3.781507555516e+01 4.400000000000e+00 6.741871756387e+00 3.745001543348e+02 3.372512625998e+00 6.425224567171e+00 5.614073767743e+01 -3.854287787415e+01 3.261530584791e+01 3.248320523250e+00 3.014122330191e+04
2.012533796583e+03 1.020000000000e+00 3.781507555516e+01 4.400000000000e+00 6.816924099796e+00 3.768810016055e+02 1.236626396858e+00 6.842921747089e+00 5.862259189212e+01 -3.849649533175e+01 3.222433300161e+01 3.658931615773e+00 3.117621740117e+04
2.012533910623e+03 1.020000000000e+00 3.781507555516e+01 4.400000000000e+00 6.794976745708e+00 3.788606126156e+02 -6.138302962610e-01 7.153782381535e+00 6.039285264147e+01 -3.847692236660e+01 3.169150167694e+01 3.922135119353e+00 3.224569537579e+04
2.012534024663e+03 1.020000000000e+00 3.781507555516e+01 4.400000000000e+00 6.686641376109e+00 3.804121021349e+02 -2.146163192052e+00 7.372490266753e+00 6.130623851936e+01 -3.850313214586e+01 3.110592098031e+01 4.061085112570e+00 3.325739770336e+04
2.012534138703e+03 1.020000000000e+00 3.781507555516e+01 4.400000000000e+00 6.525542502956e+00 3.815229631253e+02 -3.342175484420e+00 7.496720095989e+00 6.141495168690e+01 -3.857953245992e+01 3.050332219600e+01 4.046620254053e+00 3.412554306439e+04
2.012534252744e+03 1.020000000000e+00 3.781507555516e+01 4.400000000000e+00 6.349009005206e+00 3.821927291201e+02 -4.232478285199e+00 7.495526867739e+00 6.083317685566e+01 -3.869774860376e+01 2.987670488347e+01 3.858909101319e+00 3.472819060885e+04
2.012534366784e+03 1.020000000000e+00 3.781507555516e+01 4.400000000000e+00 6.150156088074e+00 3.824433196652e+02 -4.848148250334e+00 7.363760466280e+00 5.960714135525e+01 -3.884358389317e+01 2.933060008565e+01 3.532254971586e+00 3.509817153977e+04
2.012534480824e+03 1.020000000000e+00 3.781507555516e+01 4.400000000000e+00 5.938618146176e+00 3.822586107580e+02 -5.239814716517e+00 7.137986607820e+00 5.773036999368e+01 -3.900673484739e+01 2.890551678975e+01 3.075300232215e+00 3.516660841989e+04
2.012534594864e+03 1.020000000000e+00 3.781507555516e+01 4.400000000000e+00 5.722085485184e+00 3.816483811110e+02 -5.438934393351e+00 6.793790257315e+00 5.531057020513e+01 -3.918103677054e+01 2.857790289084e+01 2.466091511458e+00 3.493166599974e+04
2.012534708905e+03 1.020000000000e+00 3.781507555516e+01 4.400000000000e+00 5.517025393399e+00 3.807356435690e+02 -5.384968484864e+00 6.305228753012e+00 5.261422007635e+01 -3.938795801764e+01 2.834288710147e+01 1.745347405418e+00 3.442458681633e+04
2.012534822945e+03 1.020000000000e+00 3.781507555516e+01 4.400000000000e+00 5.297130268936e+00 3.789981726150e+02 -4.929025382838e+00 5.915049916381e+00 4.899551340297e+01 -3.948896705111e+01 2.823683149667e+01 1.171200441901e+00 3.335327814703e+04
2.012534936985e+03 1.020000000000e+00 3.781507555516e+01 4.400000000000e+00 5.141342626217e+00 3.780306058964e+02 -4.446325739277e+00 5.225085231548e+00 4.852015862270e+01 -3.938483679587e+01 2.834744576284e+01 5.058702822768e-01 3.407752772213e+04
2.012535051025e+03 1.020000000000e+00 3.781507555516e+01 4.400000000000e+00 6.555683565581e+00 4.148343987635e+02 1.688703640614e+00 -8.430798012748e+00 3.602520938253e+02 -4.184093228111e+01 4.265665827631e+01 -6.914525191498e+00 1.736533283085e+05
2.012535165066e+03 1.020000000000e+00 3.781507555516e+01 4.400000000000e+00 1.280524398707e+01 5.201583841700e+02 1.948547517570e+01 -3.891791142725e+01 1.964358460118e+03 -4.826533085446e+01 9.885524398342e+01 -2.072712998810e+01 5.495255971760e+05
2.012535279106e+03 1.020000000000e+00 3.781507555516e+01 4.400000000000e+00 1.706498724841e+01 5.568516894883e+02 2.638918097356e+01 -4.723504965073e+01 2.986963508269e+03 -4.919341129177e+01 1.215747137611e+02 -2.120609402487e+01 6.340027335826e+05
2.012535393146e+03 1.020000000000e+00 3.781507555516e+01 4.400000000000e+00 1.791263857100e+01 5.585118140257e+02 2.706295627924e+01 -4.564841612172e+01 2.998812440125e+03 -4.577161253779e+01 1.183445709925e+02 -1.399263961385e+01 6.063609132421e+05
2.012535507186e+03 1.020000000000e+00 3.781507555516e+01 4.400000000000e+00 1.769412932435e+01 5.523605976550e+02 2.168538103530e+01 -4.103489615545e+01 2.796719372616e+03 -3.938042343532e+01 9.579435704741e+01 -6.699903144799e+00 5.724299367897e+05
2.012535621227e+03 1.020000000000e+00 3.871507555516e+01 4.400000000000e+00 1.730253571663e+01 5.451254534287e+02 1.072503469353e+01 -3.705845045227e+01 2.602086296037e+03 -3.461591474415e+01 6.458638825106e+01 -3.351476102985e+00 5.446341568362e+05
2.012535735267e+03 1.020000000000e+00 3.871507555516e+01 4.400000000000e+00 1.700214909741e+01 5.416461697593e+02 -6.241053697939e+00 -3.705235499115e+01 2.472249818617e+03 -3.111824898254e+01 2.402377345346e+01 -3.263122751522e+00 5.266064630807e+05
2.012535849307e+03 1.020000000000e+00 3.871507555516e+01 4.400000000000e+00 1.645987991335e+01 5.406785392063e+02 -2.197510509571e+01 -4.092547782006e+01 2.333300038260e+03 -2.981205219392e+01 -1.767338656938e+01 -1.166092530273e+01 5.134174292084e+05
2.012535963347e+03 1.020000000000e+00 3.871507555516e+01 4.400000000000e+00 1.486704262408e+01 5.396606638493e+02 -3.496532362375e+01 -4.807354582157e+01 2.019109606638e+03 -3.042890115987e+01 -5.800846525521e+01 -3.755651625770e+01 4.921425923710e+05
2.012536077388e+03 1.020000000000e+00 3.871507555516e+01 4.400000000000e+00 1.143577405697e+01 5.370572320541e+02 -4.403107628816e+01 -5.233826709908e+01 1.546804846186e+03 -3.736083766007e+01 -8.798026497491e+01 -6.821887319099e+01 4.917866594804e+05
2.012536191428e+03 1.020000000000e+00 3.871507555516e+01 4.400000000000e+00 7.488918639382e+00 5.297993480613e+02 -4.626468344238e+01 -5.398668076149e+01 1.063945866155e+03 -4.955686862557e+01 -9.943508787375e+01 -9.513698483447e+01 5.172955060039e+05
2.012536305468e+03 1.020000000000e+00 3.871507555516e+01 4.400000000000e+00 4.797128975127e+00 5.233493865164e+02 -4.505579968603e+01 -5.239762566228e+01 7.302384424150e+02 -6.296931158504e+01 -9.942630216932e+01 -1.125253166356e+02 5.525640942503e+05
2.012536419508e+03 1.020000000000e+00 3.871507555516e+01 4.400000000000e+00 3.586256660668e+00 5.207758881251e+02 -3.905508236387e+01 -4.687119015303e+01 5.544792823432e+02 -7.596219356633e+01 -9.542278153551e+01 -1.208606055477e+02 5.591112632685e+05
2.012536533549e+03 1.020000000000e+00 3.871507555516e+01 4.400000000000e+00 3.058110007903e+00 5.181981774255e+02 -2.397722364980e+01 -3.706606691326e+01 4.347485067619e+02 -8.734666215536e+01 -8.942482725095e+01 -1.251322663663e+02 5.138392358193e+05
2.012536647589e+03 1.020000000000e+00 3.871507555516e+01 4.400000000000e+00 2.852487194588e+00 5.170739877472e+02 -7.585578933510e+00 -2.699672772384e+01 3.414566932348e+02 -9.664993542737e+01 -8.444874459450e+01 -1.283936858321e+02 4.330529886865e+05
2.012536761629e+03 1.020000000000e+00 3.871507555516e+01 4.400000000000e+00 2.769000621504e+00 5.182232190108e+02 6.193433349819e+00 -1.644424107522e+01 2.679006393537e+02 -1.042442234382e+02 -8.283469058210e+01 -1.304990460290e+02 3.502790810405e+05
2.012536875669e+03 1.020000000000e+00 3.871507555516e+01 4.400000000000e+00 2.723143991774e+00 5.229417474779e+02 1.860725535720e+01 -6.157595856338e+00 1.997124450460e+02 -1.103292082064e+02 -8.789423716616e+01 -1.304172149585e+02 2.652844909827e+05
2.012536989709e+03 1.020000000000e+00 3.871507555516e+01 4.400000000000e+00 2.584674645641e+00 5.276553572088e+02 2.859432625441e+01 3.876194823959e+00 1.304614750516e+02 -1.145873178282e+02 -9.908787998168e+01 -1.269760130286e+02 1.819401271914e+05
2.012537103750e+03 1.020000000000e+00 3.871507555516e+01 4.400000000000e+00 2.283760261065e+00 5.301694984320e+02 3.554550954911e+01 1.264617120058e+01 7.330844349846e+01 -1.181686521722e+02 -1.125191524331e+02 -1.186356154110e+02 1.154348260218e+05
2.012537217790e+03 1.020000000000e+00 3.871507555516e+01 4.400000000000e+00 1.977842958004e+00 5.305057867464e+02 4.079085778235e+01 1.769655948823e+01 3.827031656622e+01 -1.227733804207e+02 -1.243936957097e+02 -1.076594719668e+02 6.980915174200e+04
2.012537331830e+03 1.020000000000e+00 3.871507555516e+01 4.400000000000e+00 1.799055896838e+00 5.283514870480e+02 4.310841247174e+01 1.913660439101e+01 2.224048637879e+01 -1.280057107246e+02 -1.334146876058e+02 -9.551935404696e+01 4.476599028505e+04
2.012537445870e+03 1.020000000000e+00 3.871507555516e+01 4.400000000000e+00 1.643887586018e+00 5.224030672005e+02 4.290909353344e+01 1.869119360923e+01 1.537845702706e+01 -1.329784666613e+02 -1.395834832378e+02 -8.285202133343e+01 3.391158071376e+04
2.012537559911e+03 1.020000000000e+00 3.871507555516e+01 4.400000000000e+00 1.437538685945e+00 5.157760495352e+02 4.235325153809e+01 1.691070348216e+01 1.120303267727e+01 -1.375418960108e+02 -1.441543200581e+02 -7.025371419281e+01 2.824487156311e+04
2.012537673951e+03 1.020000000000e+00 3.871507555516e+01 4.400000000000e+00 1.231655047333e+00 5.094216417467e+02 4.175533566019e+01 1.512345698129e+01 8.273422790555e+00 -1.418634384789e+02 -1.475428897644e+02 -5.730013277185e+01 2.431215654967e+04
2.012537787991e+03 1.020000000000e+00 3.871507555516e+01 4.400000000000e+00 1.066453816984e+00 5.029076831704e+02 4.156227505705e+01 1.313912574119e+01 6.425766418689e+00 -1.460007108607e+02 -1.493941437944e+02 -4.405383416688e+01 2.180864671295e+04
2.012537902031e+03 1.020000000000e+00 3.871507555516e+01 4.400000000000e+00 9.857738961216e-01 4.951750089039e+02 4.122437471397e+01 1.033856183889e+01 5.736681798948e+00 -1.501071442815e+02 -1.495829461839e+02 -3.064245199239e+01 2.106452958025e+04
2.012538016072e+03 1.020000000000e+00 3.871507555516e+01 4.400000000000e+00 9.438377784495e-01 4.869554152393e+02 3.990587181268e+01 6.858664116090e+00 5.497708803784e+00 -1.542153088967e+02 -1.488006938079e+02 -1.717108563185e+01 2.108309267180e+04
2.012538130112e+03 1.020000000000e+00 3.871507555516e+01 4.400000000000e+00 9.151348650256e-01 4.785825189126e+02 3.807654068131e+01 3.461223808076e+00 5.509572058635e+00 -1.579984013057e+02 -1.469515230304e+02 -3.627878995700e+00 2.179504083151e+04
2.012538244152e+03 1.020000000000e+00 3.871507555516e+01 4.400000000000e+00 8.961291675734e-01 4.705379277706e+02 3.650435593332e+01 4.209451076453e-01 5.596803469973e+00 -1.613289808670e+02 -1.438002289070e+02 9.979998211325e+00 2.263278394375e+04
2.012538358192e+03 1.020000000000e+00 3.971507555516e+01 4.500000000000e+00 8.948079232790e-01 4.634987105951e+02 3.392949787443e+01 -3.261884185428e+00 7.424507390122e+00 -1.643101777386e+02 -1.453184606662e+02 2.853197870210e+01 2.963753305872e+04
2.012538472233e+03 1.020000000000e+00 3.971507555516e+01 4.500000000000e+00 8.818220248997e-01 4.556104772415e+02 3.302858418058e+01 -5.658130125475e+00 7.583071261101e+00 -1.659771739707e+02 -1.400422465351e+02 4.243437923848e+01 3.056226393178e+04
2.012538586273e+03 1.020000000000e+00 3.971507555516e+01 4.500000000000e+00 8.637112687051e-01 4.480662151998e+02 3.255336724352e+01 -7.441122858482e+00 7.432622968117e+00 -1.664133222432e+02 -1.335686950174e+02 5.585972508905e+01 3.048509637406e+04
2.012538700313e+03 1.020000000000e+00 3.971507555516e+01 4.500000000000e+00 8.461146914260e-01 4.408653034817e+02 3.235284046466e+01 -8.876484428452e+00 7.210679141048e+00 -1.658304131728e+02 -1.260856193870e+02 6.849761734192e+01 3.013508298318e+04
2.012538814353e+03 1.020000000000e+00 3.971507555516e+01 4.500000000000e+00 8.288757048471e-01 4.338182132417e+02 3.271295409602e+01 -9.908334492182e+00 6.821707550643e+00 -1.645770434317e+02 -1.176367434387e+02 8.034693344102e+01 2.912695522241e+04
2.012538928394e+03 1.020000000000e+00 3.971507555516e+01 4.500000000000e+00 8.171166984704e-01 4.275461828150e+02 3.343390757904e+01 -1.027010595959e+01 6.127499822646e+00 -1.626473671620e+02 -1.084655795454e+02 9.125947850346e+01 2.659298405635e+04
2.012539042434e+03 1.020000000000e+00 3.971507555516e+01 4.500000000000e+00 8.060236377795e-01 4.221792163666e+02 3.426681978196e+01 -1.024108250661e+01 5.348797572772e+00 -1.602162191188e+02 -9.886328903466e+01 1.010087889041e+02 2.365612606658e+04
2.012539156474e+03 1.020000000000e+00 3.971507555516e+01 4.500000000000e+00 7.950463318714e-01 4.175570009432e+02 3.530354001681e+01 -9.986263160850e+00 4.561597582446e+00 -1.576224740690e+02 -8.893207232066e+01 1.094857969624e+02 2.060027003360e+04
2.012539270514e+03 1.020000000000e+00 3.971507555516e+01 4.500000000000e+00 7.854443010075e-01 4.136575436964e+02 3.645850132598e+01 -9.586108018550e+00 3.816928982191e+00 -1.546621911884e+02 -7.894759645073e+01 1.167556270471e+02 1.756004456751e+04
2.012539384555e+03 1.020000000000e+00 3.971507555516e+01 4.500000000000e+00 7.785832016307e-01 4.103994443860e+02 3.766867425804e+01 -9.157574179454e+00 3.143374120230e+00 -1.504337121396e+02 -6.922019121108e+01 1.229877571314e+02 1.464384344833e+04
2.012539498595e+03 1.020000000000e+00 3.971507555516e+01 4.500000000000e+00 7.741280709362e-01 4.079207290239e+02 3.890936119752e+01 -8.521673921698e+00 2.498454085736e+00 -1.452483007274e+02 -6.002336542139e+01 1.281910845564e+02 1.172833379824e+04
2.012539612635e+03 1.020000000000e+00 3.971507555516e+01 4.500000000000e+00 7.698418552565e-01 4.060754971206e+02 4.015474622469e+01 -7.939284470216e+00 1.897358067725e+00 -1.395572655103e+02 -5.156092223654e+01 1.322973442025e+02 8.952972913118e+03
2.012539726675e+03 1.020000000000e+00 3.971507555516e+01 4.500000000000e+00 7.648262052452e-01 4.047446025890e+02 4.119201019135e+01 -7.657476032011e+00 1.411864658513e+00 -1.336647802722e+02 -4.391328351765e+01 1.354719178852e+02 6.691715522497e+03
2.012539840716e+03 1.020000000000e+00 3.971507555516e+01 4.500000000000e+00 7.563098884205e-01 4.039601030690e+02 4.212881126306e+01 -7.739459502475e+00 1.083061798222e+00 -1.278451342564e+02 -3.706011910420e+01 1.378718603191e+02 5.184970019643e+03
2.012539954756e+03 1.020000000000e+00 3.971507555516e+01 4.500000000000e+00 7.432595565023e-01 4.035511337045e+02 4.304199139287e+01 -8.247543077754e+00 9.280699145486e-01 -1.223778764532e+02 -3.092200936689e+01 1.396144734045e+02 4.523990013924e+03
2.012540068796e+03 1.020000000000e+00 3.971507555516e+01 4.500000000000e+00 7.279805818482e-01 4.032626171627e+02 4.408980589169e+01 -9.136619711524e+00 8.838332472450e-01 -1.173604709894e+02 -2.534607986513e+01 1.407812515312e+02 4.400714702568e+03
2.012540182836e+03 1.020000000000e+00 3.971507555516e+01 4.500000000000e+00 7.128840727547e-01 4.031469689767e+02 4.559651244830e+01 -1.053115574464e+01 8.881675409947e-01 -1.128010373742e+02 -2.018138303625e+01 1.414532161024e+02 4.519372166836e+03
2.012540296877e+03 1.020000000000e+00 3.971507555516e+01 4.500000000000e+00 6.970049423619e-01 4.031710692401e+02 4.773310103992e+01 -1.261024667759e+01 8.994139646579e-01 -1.086770761310e+02 -1.534579374255e+01 1.417017269132e+02 4.684365687650e+03
2.012540410917e+03 1.020000000000e+00 3.971507555516e+01 4.500000000000e+00 6.771034891518e-01 4.031922740495e+02 5.041625225559e+01 -1.513821009111e+01 9.171798153531e-01 -1.049974475860e+02 -1.076449266920e+01 1.415789210358e+02 4.923723392166e+03
2.012540524957e+03 1.020000000000e+00 3.971507555516e+01 4.500000000000e+00 6.537006995731e-01 4.030524335551e+02 5.340057861340e+01 -1.801472893459e+01 9.146162938546e-01 -1.016694923591e+02 -6.299478849295e+00 1.411056954635e+02 5.092233406716e+03
2.012540638997e+03 1.020000000000e+00 3.971507555516e+01 4.500000000000e+00 6.275492739805e-01 4.028080481304e+02 5.634854416336e+01 -2.094890063352e+01 8.968928813967e-01 -9.859633518266e+01 -1.920108655336e+00 1.403150053382e+02 5.205603413902e+03
2.012540753038e+03 1.020000000000e+00 3.971507555516e+01 4.500000000000e+00 5.990254157565e-01 4.025199557788e+02 5.877061798669e+01 -2.372771415242e+01 9.004975018628e-01 -9.576024743168e+01 2.462479356636e+00 1.392463179506e+02 5.477026991566e+03
2.012540867078e+03 1.020000000000e+00 3.971507555516e+01 4.500000000000e+00 5.600537068830e-01 4.020805919257e+02 6.026873041490e+01 -2.621822706944e+01 9.830697486569e-01 -9.310695323364e+01 6.986645147970e+00 1.378995713914e+02 6.437413671792e+03
2.012540981118e+03 1.020000000000e+00 3.971507555516e+01 4.500000000000e+00 4.849997771327e-01 4.014990326410e+02 6.055373620893e+01 -2.848109976961e+01 1.246899474045e+00 -9.053026726924e+01 1.187327270959e+01 1.362534150971e+02 9.442269325359e+03
2.012541095158e+03 1.020000000000e+00 4.061507555516e+01 4.600000000000e+00 4.415432458319e-01 3.971289413398e+02 5.826188202844e+01 -2.864718051380e+01 1.798397581309e+00 -8.348603199537e+01 1.687277374559e+01 1.399230844602e+02 1.491158536329e+04
2.012541209199e+03 1.020000000000e+00 4.061507555516e+01 4.600000000000e+00 4.127960347112e-01 3.947381157144e+02 5.438893294757e+01 -2.837144483640e+01 2.563224890776e+00 -8.087632981942e+01 2.327779032377e+01 1.375964968686e+02 2.266473597255e+04
2.012541323239e+03 1.020000000000e+00 4.061507555516e+01 4.600000000000e+00 3.953470620385e-01 3.917248381692e+02 4.883044147040e+01 -2.716592413171e+01 3.289727616596e+00 -7.806577656237e+01 3.027353533157e+01 1.348987025998e+02 3.036392323177e+04
2.012541437279e+03 1.020000000000e+00 4.061507555516e+01 4.600000000000e+00 3.827946700440e-01 3.871917522953e+02 4.235448973076e+01 -2.538113018054e+01 3.838225115848e+00 -7.487607529087e+01 3.761118092464e+01 1.317326943751e+02 3.659905982995e+04
2.012541551319e+03 1.020000000000e+00 4.061507555516e+01 4.600000000000e+00 3.728296166964e-01 3.823976929231e+02 3.576196275651e+01 -2.295062066247e+01 4.132638314863e+00 -7.129911694644e+01 4.502440277960e+01 1.282398226978e+02 4.050911939404e+04
2.012541665360e+03 1.020000000000e+00 4.061507555516e+01 4.600000000000e+00 3.640957808964e-01 3.777221762982e+02 3.017270201938e+01 -1.960302382242e+01 4.177390715812e+00 -6.740049883133e+01 5.214628180779e+01 1.244522743764e+02 4.195199751263e+04
2.012541779400e+03 1.020000000000e+00 4.061507555516e+01 4.600000000000e+00 3.556575017784e-01 3.733305596048e+02 2.659946634889e+01 -1.627268228624e+01 4.061923500334e+00 -6.341983154139e+01 5.867851547624e+01 1.203993182832e+02 4.177827805901e+04
2.012541893440e+03 1.020000000000e+00 4.061507555516e+01 4.600000000000e+00 3.502114869061e-01 3.697820403282e+02 2.500656255480e+01 -1.350255319483e+01 3.835091984563e+00 -5.948451857075e+01 6.432929608613e+01 1.162648882270e+02 4.012032470592e+04
2.012542007480e+03 1.020000000000e+00 4.061507555516e+01 4.600000000000e+00 3.525041470045e-01 3.670980815784e+02 2.471449938586e+01 -1.141463795206e+01 3.580465548255e+00 -5.570948584014e+01 6.904159655509e+01 1.121482011255e+02 3.714652174396e+04
2.012542121521e+03 1.020000000000e+00 4.061507555516e+01 4.600000000000e+00 3.638885320762e-01 3.651447292001e+02 2.602220551064e+01 -9.868284311540e+00 3.387245219335e+00 -5.224100641875e+01 7.301564265330e+01 1.081059359125e+02 3.396667300316e+04
2.012542235561e+03 1.020000000000e+00 4.061507555516e+01 4.600000000000e+00 3.815922966015e-01 3.637880054414e+02 2.892284687245e+01 -8.365554013102e+00 3.260229171263e+00 -4.911477339026e+01 7.625236905410e+01 1.041753287052e+02 3.115678399476e+04
2.012542349601e+03 1.020000000000e+00 4.061507555516e+01 4.600000000000e+00 3.991840298309e-01 3.630633133621e+02 3.229862170775e+01 -6.776891515319e+00 3.173343383009e+00 -4.630521069289e+01 7.889136846071e+01 1.003374731474e+02 2.899533406815e+04
2.012542463641e+03 1.020000000000e+00 4.061507555516e+01 4.600000000000e+00 4.113058541478e-01 3.627063054688e+02 3.583308064056e+01 -5.349091892484e+00 3.094780633426e+00 -4.380103766538e+01 8.116310156908e+01 9.657780923245e+01 2.745742131275e+04
2.012542577682e+03 1.020000000000e+00 4.061507555516e+01 4.600000000000e+00 4.139213341285e-01 3.625221134517e+02 3.921069772640e+01 -4.237026719549e+00 3.021858690661e+00 -4.161223185250e+01 8.305438431816e+01 9.296586213144e+01 2.663776000742e+04
2.012542691722e+03 1.020000000000e+00 4.061507555516e+01 4.600000000000e+00 4.083275611864e-01 3.624608365888e+02 4.219748640076e+01 -3.551033117432e+00 2.963931013425e+00 -3.969603190806e+01 8.448011024101e+01 8.961881317778e+01 2.648483473927e+04
2.012542805762e+03 1.020000000000e+00 4.061507555516e+01 4.600000000000e+00 3.993375184258e-01 3.625200195495e+02 4.427469640963e+01 -3.368636719478e+00 2.923510231242e+00 -3.802106910595e+01 8.547743249556e+01 8.656399027921e+01 2.671080047319e+04
2.012542919802e+03 1.020000000000e+00 4.061507555516e+01 4.600000000000e+00 3.875132860787e-01 3.626376699500e+02 4.528289497598e+01 -3.795192469300e+00 3.067295576139e+00 -3.657514072500e+01 8.607896007401e+01 8.375258492998e+01 2.895517140094e+04
2.012543033843e+03 1.020000000000e+00 4.061507555516e+01 4.600000000000e+00 3.687375874257e-01 3.631825134786e+02 4.514629355516e+01 -5.797395070460e+00 4.093257121221e+00 -3.535443279526e+01 8.618229598977e+01 8.122680508428e+01 4.080937174019e+04
2.012543147883e+03 1.020000000000e+00 4.061507555516e+01 4.600000000000e+00 3.439699144366e-01 3.646478216665e+02 4.324512916120e+01 -1.031484033744e+01 6.976408879015e+00 -3.445398010119e+01 8.566168638269e+01 7.896544369958e+01 7.420765132821e+04
2.012543261923e+03 1.020000000000e+00 4.061507555516e+01 4.600000000000e+00 3.240138708035e-01 3.677600558247e+02 3.739484297429e+01 -1.607927700102e+01 1.095075539668e+01 -3.385388183586e+01 8.461334627877e+01 7.727726746728e+01 1.230812524711e+05
2.012543375963e+03 1.020000000000e+00 4.061507555516e+01 4.600000000000e+00 3.095528784617e-01 3.718665829694e+02 2.825978810651e+01 -2.227509002600e+01 1.532903560318e+01 -3.348131620891e+01 8.300367993190e+01 7.608509007487e+01 1.798093551461e+05
2.012543490004e+03 1.020000000000e+00 4.061507555516e+01 4.600000000000e+00 3.009810282746e-01 3.749423574674e+02 1.716574748456e+01 -2.550709732710e+01 1.966463699714e+01 -3.342155648836e+01 8.060196985964e+01 7.550680026709e+01 2.368669724130e+05
2.012543604044e+03 1.020000000000e+00 4.061507555516e+01 4.600000000000e+00 2.981652620400e-01 3.777447585049e+02 7.148683736276e+00 -2.573483510856e+01 2.371699405462e+01 -3.411675612849e+01 7.774059445571e+01 7.554548848116e+01 2.877671573639e+05
2.012543718084e+03 1.020000000000e+00 4.161507555516e+01 4.700000000000e+00 3.267030892897e-01 3.780168270093e+02 4.032970356404e+00 -2.601254260315e+01 2.847894875215e+01 -3.415729477815e+01 7.440906159877e+01 7.699559257309e+01 3.155755472458e+05
2.012543832124e+03 1.020000000000e+00 4.161507555516e+01 4.700000000000e+00 3.780420407781e-01 3.785913345623e+02 1.206639173365e+00 -2.355419131191e+01 3.182055200256e+01 -3.559145954001e+01 7.200302997046e+01 7.674810925421e+01 3.108960354498e+05
2.012543946165e+03 1.020000000000e+00 4.161507555516e+01 4.700000000000e+00 5.815215538069e-01 3.780768744022e+02 9.740733510092e-01 -1.961788333680e+01 3.491847511175e+01 -3.681269742969e+01 7.032362137280e+01 7.608340997030e+01 2.477520241959e+05
2.012544060205e+03 1.020000000000e+00 4.161507555516e+01 4.700000000000e+00 1.175605025386e+00 3.770857447774e+02 2.082482631783e+00 -1.633529663221e+01 3.766832230932e+01 -3.790685958454e+01 6.927638906059e+01 7.527389288538e+01 1.263571263507e+05
2.012544174245e+03 1.020000000000e+00 4.161507555516e+01 4.700000000000e+00 2.054127060825e+00 3.758467930426e+02 4.009584486354e+00 -1.371473343349e+01 3.995009473086e+01 -3.891327237623e+01 6.872602218262e+01 7.468323864516e+01 7.314076778563e+04
2.012544288285e+03 1.020000000000e+00 4.161507555516e+01 4.700000000000e+00 3.012295835223e+00 3.749275180440e+02 5.982937221498e+00 -1.147091086954e+01 4.173803442025e+01 -3.984683507374e+01 6.899572364631e+01 7.457083487781e+01 5.105515592482e+04
2.012544402326e+03 1.020000000000e+00 4.161507555516e+01 4.700000000000e+00 3.925395061513e+00 3.742676572187e+02 7.676640263118e+00 -1.002125861773e+01 4.328953770867e+01 -4.065898971724e+01 7.028906389402e+01 7.466131833175e+01 4.023398045058e+04
2.012544516366e+03 1.020000000000e+00 4.161507555516e+01 4.700000000000e+00 4.693360959456e+00 3.734134325275e+02 8.684029638332e+00 -9.377804808669e+00 4.499019727384e+01 -4.134519831203e+01 7.199982153908e+01 7.447088160271e+01 3.478526025701e+04
2.012544630406e+03 1.020000000000e+00 4.161507555516e+01 4.700000000000e+00 5.301004013676e+00 3.724366060977e+02 9.049450981954e+00 -9.117596135585e+00 4.804346558830e+01 -4.193802310125e+01 7.367109580917e+01 7.407021702939e+01 3.278473239052e+04
2.012544744446e+03 1.020000000000e+00 4.161507555516e+01 4.700000000000e+00 6.027878809818e+00 3.717111148772e+02 8.987725046999e+00 -9.272350027530e+00 5.640702594404e+01 -4.241134307639e+01 7.486493329082e+01 7.334828948927e+01 3.371698006887e+04
2.012544858487e+03 1.020000000000e+00 4.161507555516e+01 4.700000000000e+00 7.284228479832e+00 3.715645903889e+02 8.262278877022e+00 -1.067310003117e+01 7.422808205128e+01 -4.268990182992e+01 7.520968068043e+01 7.225709535698e+01 3.666468570636e+04
2.012544972527e+03 1.020000000000e+00 4.161507555516e+01 4.700000000000e+00 8.881245882528e+00 3.717174591803e+02 6.458828742986e+00 -1.329704441054e+01 9.945298611854e+01 -4.278670507704e+01 7.498162769407e+01 7.059855659327e+01 4.033949891043e+04
2.012545086567e+03 1.020000000000e+00 4.161507555516e+01 4.700000000000e+00 1.057356737247e+01 3.720630624604e+02 4.100872157358e+00 -1.650233638170e+01 1.288094372232e+02 -4.281966971616e+01 7.468036016146e+01 6.800738282983e+01 4.395438446676e+04
2.012545200607e+03 1.020000000000e+00 4.161507555516e+01 4.700000000000e+00 1.219160250524e+01 3.726163222585e+02 1.347833693272e+00 -1.965180322158e+01 1.595834405178e+02 -4.289079740350e+01 7.500889866079e+01 6.454870562509e+01 4.728286607230e+04
2.012545314648e+03 1.020000000000e+00 4.161507555516e+01 4.700000000000e+00 1.353844443777e+01 3.735561223946e+02 -2.040978326683e+00 -2.199397350766e+01 1.895549842455e+02 -4.303802482766e+01 7.687143340323e+01 5.970201794476e+01 5.062168735722e+04
2.012545428688e+03 1.020000000000e+00 4.161507555516e+01 4.700000000000e+00 1.416884802628e+01 3.747890624173e+02 -5.782584617067e+00 -2.356374846471e+01 2.168355080255e+02 -4.322754631545e+01 7.988050619832e+01 5.391298193983e+01 5.539283673172e+04
2.012545542728e+03 1.020000000000e+00 4.161507555516e+01 4.700000000000e+00 1.420636664924e+01 3.759184992040e+02 -9.508237539096e+00 -2.455618321192e+01 2.406544848302e+02 -4.340621615700e+01 8.327924440107e+01 4.785041554880e+01 6.134425912075e+04
2.012545656768e+03 1.020000000000e+00 4.161507555516e+01 4.700000000000e+00 1.402436289221e+01 3.766914415721e+02 -1.289721177805e+01 -2.505552961235e+01 2.617150407823e+02 -4.355235258422e+01 8.655212918282e+01 4.203474562541e+01 6.758670510397e+04
2.012545770809e+03 1.020000000000e+00 4.161507555516e+01 4.700000000000e+00 1.377749850185e+01 3.771282868147e+02 -1.575643411950e+01 -2.515299169396e+01 2.810860073255e+02 -4.363959403653e+01 8.938867259792e+01 3.679192918103e+01 7.389105990318e+04
2.012545884849e+03 1.020000000000e+00 4.161507555516e+01 4.700000000000e+00 1.351974993734e+01 3.773603216785e+02 -1.802466509186e+01 -2.503475637298e+01 2.988729396692e+02 -4.362434436390e+01 9.156701853441e+01 3.223126659442e+01 8.006405726755e+04
2.012545998889e+03 1.020000000000e+00 4.161507555516e+01 4.700000000000e+00 1.326213193593e+01 3.773304832294e+02 -1.976843114106e+01 -2.475917465341e+01 3.131653738137e+02 -4.347342312684e+01 9.298015317032e+01 2.833458121454e+01 8.552077297581e+04
2.012546112929e+03 1.020000000000e+00 4.161507555516e+01 4.700000000000e+00 1.300867507119e+01 3.773307684054e+02 -2.103717608218e+01 -2.412106449596e+01 3.226936218734e+02 -4.317755977139e+01 9.361270327138e+01 2.495798413831e+01 8.983736989140e+04
2.012546226970e+03 1.020000000000e+00 4.161507555516e+01 4.700000000000e+00 1.274322652845e+01 3.777831706663e+02 -2.166263293266e+01 -2.254414948200e+01 3.276003435171e+02 -4.272917347779e+01 9.339181418400e+01 2.158539156899e+01 9.310703262130e+04
2.012546341010e+03 1.020000000000e+00 4.161507555516e+01 4.700000000000e+00 1.234455353498e+01 3.799302438188e+02 -2.177381874797e+01 -2.041543710655e+01 3.266117844452e+02 -4.207409811569e+01 9.167061177578e+01 1.777960831566e+01 9.589480226861e+04
2.012546455050e+03 1.020000000000e+00 4.251507555516e+01 4.800000000000e+00 1.162012480147e+01 3.854909885875e+02 -2.111815811203e+01 -1.879877038973e+01 3.196185646164e+02 -4.104071705693e+01 8.753186247210e+01 1.427321442181e+01 9.965923410233e+04
2.012546569090e+03 1.020000000000e+00 4.251507555516e+01 4.800000000000e+00 9.950401240410e+00 3.983869314801e+02 -1.902580840023e+01 -1.527070035954e+01 2.731584492962e+02 -3.953439818940e+01 7.400816119537e+01 9.539632305010e+00 9.875199987828e+04
2.012546683131e+03 1.020000000000e+00 4.251507555516e+01 4.800000000000e+00 7.942656099665e+00 4.147985470781e+02 -1.324713271333e+01 -1.071659547153e+01 1.874536968983e+02 -3.745495696255e+01 5.595602992404e+01 5.741535561386e+00 8.444027959610e+04
2.012546797171e+03 1.020000000000e+00 4.251507555516e+01 4.800000000000e+00 6.359253106875e+00 4.295540239549e+02 -6.348649243416e+00 -6.407179015680e+00 1.170727466276e+02 -3.571155126298e+01 4.133016094259e+01 3.056468591347e+00 6.623328930448e+04
2.012546911211e+03 1.020000000000e+00 4.251507555516e+01 4.800000000000e+00 5.516831694473e+00 4.379019168780e+02 -2.352179283185e+00 -3.789746053782e+00 8.483467961884e+01 -3.469439966138e+01 3.393409801171e+01 1.533615942168e+00 5.563951058785e+04
2.012547025251e+03 1.020000000000e+00 4.251507555516e+01 4.800000000000e+00 5.215901878488e+00 4.409209870791e+02 -9.261859703432e-01 -2.868997792980e+00 7.546327930498e+01 -3.414098970232e+01 3.145292087741e+01 8.895335449114e-01 5.239175845547e+04
2.012547139292e+03 1.020000000000e+00 4.251507555516e+01 4.800000000000e+00 5.102013802931e+00 4.423072722421e+02 -2.953935244345e-01 -2.589885498453e+00 7.248899151942e+01 -3.400686073093e+01 3.064531372904e+01 6.045400034770e-01 5.145313798430e+04
2.012547253332e+03 1.020000000000e+00 4.251507555516e+01 4.800000000000e+00 5.053952463053e+00 4.432500716612e+02 1.326429842228e-02 -2.508431585189e+00 7.130920723350e+01 -3.430177039040e+01 3.032199546108e+01 4.243183043893e-01 5.109502942665e+04
2.012547367372e+03 1.020000000000e+00 4.251507555516e+01 4.800000000000e+00 5.091512517067e+00 4.441142780093e+02 2.118466187482e-01 -2.486410451803e+00 7.196034531012e+01 -3.458258319053e+01 3.016522914104e+01 2.465223349442e-01 5.117807155704e+04
2.012547481412e+03 1.020000000000e+00 4.251507555516e+01 4.800000000000e+00 5.178016347954e+00 4.449512297524e+02 4.233057915357e-01 -2.484708822988e+00 7.387332414634e+01 -3.475420322588e+01 3.022472468429e+01 6.994597479513e-02 5.166116460976e+04
2.012547595453e+03 1.020000000000e+00 4.251507555516e+01 4.800000000000e+00 5.268332775283e+00 4.456949131208e+02 5.020202644698e-01 -2.505245057878e+00 7.591049138455e+01 -3.488097710225e+01 3.047577292049e+01 -8.423389370363e-02 5.217638294112e+04
2.012547709493e+03 1.020000000000e+00 4.251507555516e+01 4.800000000000e+00 5.359595910507e+00 4.464742648659e+02 5.244724093304e-01 -2.540154015443e+00 7.796529587045e+01 -3.499841290360e+01 3.073004011327e+01 -2.066615671573e-01 5.267608495927e+04
2.012547823533e+03 1.020000000000e+00 4.251507555516e+01 4.800000000000e+00 5.462313629547e+00 4.473738309435e+02 5.223830701003e-01 -2.568458604893e+00 8.025910469154e+01 -3.508242227713e+01 3.092345026390e+01 -2.959976313226e-01 5.320551884960e+04
2.012547937573e+03 1.020000000000e+00 4.251507555516e+01 4.800000000000e+00 5.581289561247e+00 4.483963114870e+02 4.566281495640e-01 -2.589004507101e+00 8.292825464423e+01 -3.509143153130e+01 3.106337017217e+01 -3.552253659593e-01 5.380231901380e+04
2.012548051613e+03 1.020000000000e+00 4.251507555516e+01 4.800000000000e+00 5.714994244380e+00 4.495161752061e+02 3.358025429439e-01 -2.603379990167e+00 8.597611968145e+01 -3.500168938429e+01 3.117054739071e+01 -3.901432686806e-01 5.447407861837e+04
2.012548165654e+03 1.020000000000e+00 4.251507555516e+01 4.800000000000e+00 5.860829370658e+00 4.507171375281e+02 1.822404021206e-01 -2.618533442838e+00 8.935472044129e+01 -3.481209516512e+01 3.125576947968e+01 -4.033792423427e-01 5.520544882865e+04
2.012548279694e+03 1.020000000000e+00 4.251507555516e+01 4.800000000000e+00 6.014219454212e+00 4.520033599968e+02 7.263621445541e-03 -2.636358456548e+00 9.302129052466e+01 -3.453849112079e+01 3.132852766811e+01 -4.054400800295e-01 5.600417846732e+04
2.012548393734e+03 1.020000000000e+00 4.251507555516e+01 4.800000000000e+00 6.145466192219e+00 4.533946001383e+02 -1.820536478243e-01 -2.658745763891e+00 9.694527880601e+01 -3.420411128176e+01 3.140418314018e+01 -3.866805126444e-01 5.711919996422e+04
2.012548507774e+03 1.020000000000e+00 4.251507555516e+01 4.800000000000e+00 6.230906295453e+00 4.549053415390e+02 -3.924144909241e-01 -2.695630531768e+00 1.010879846015e+02 -3.382961342340e+01 3.149185214604e+01 -2.853105553841e-01 5.874357224010e+04
2.012548621815e+03 1.020000000000e+00 4.251507555516e+01 4.800000000000e+00 6.301912269470e+00 4.565188827674e+02 -6.502417038232e-01 -2.735482615144e+00 1.053628553745e+02 -3.342566094967e+01 3.157580507677e+01 -8.779499999129e-02 6.053809771612e+04
2.012548735855e+03 1.020000000000e+00 4.251507555516e+01 4.800000000000e+00 6.372031717459e+00 4.581855823431e+02 -9.894594451299e-01 -2.804027267070e+00 1.095961891091e+02 -3.299400988766e+01 3.160510161880e+01 1.560316229801e-01 6.227826714183e+04
2.012548849895e+03 1.020000000000e+00 4.251507555516e+01 4.800000000000e+00 6.436520951149e+00 4.598389007127e+02 -1.420703999109e+00 -2.895636693895e+00 1.135123129462e+02 -3.253869004324e+01 3.151174476368e+01 4.339652239484e-01 6.385880574596e+04
2.012548963935e+03 1.020000000000e+00 4.251507555516e+01 4.800000000000e+00 6.482066413923e+00 4.614067667461e+02 -1.916602862621e+00 -2.990629915013e+00 1.167599818271e+02 -3.206857926404e+01 3.127885673192e+01 7.405521517253e-01 6.522650227987e+04
2.012549077976e+03 1.020000000000e+00 4.251507555516e+01 4.800000000000e+00 6.486964636879e+00 4.628393279031e+02 -2.440606359268e+00 -3.070401626310e+00 1.189159217223e+02 -3.159374686117e+01 3.098555330785e+01 1.058896073999e+00 6.638309222710e+04
2.012549192016e+03 1.020000000000e+00 4.351507555516e+01 4.900000000000e+00 6.441897687623e+00 4.639877805299e+02 -2.770649248014e+00 -3.145101620255e+00 1.196974279459e+02 -3.126975101135e+01 3.055325598028e+01 1.361256303932e+00 6.728922974333e+04
2.012549306056e+03 1.020000000000e+00 4.351507555516e+01 4.900000000000e+00 6.336176781226e+00 4.651476365121e+02 -3.258357652023e+00 -3.158098556248e+00 1.193443395434e+02 -3.080658734128e+01 3.005023065451e+01 1.630063916843e+00 6.821091434841e+04
2.012549420096e+03 1.020000000000e+00 4.351507555516e+01 4.900000000000e+00 6.210943560380e+00 4.661770504568e+02 -3.620287623732e+00 -3.147580303893e+00 1.178471204782e+02 -3.033989267862e+01 2.952288280690e+01 1.830721943052e+00 6.871363375685e+04
2.012549534137e+03 1.020000000000e+00 4.351507555516e+01 4.900000000000e+00 6.069624252228e+00 4.671199433145e+02 -3.838911135647e+00 -3.108251932749e+00 1.154838365607e+02 -2.986108157832e+01 2.900060956691e+01 1.953679630811e+00 6.890413742530e+04
2.012549648177e+03 1.020000000000e+00 4.351507555516e+01 4.900000000000e+00 5.897011569048e+00 4.680170620156e+02 -3.930947288572e+00 -3.008607056542e+00 1.124557348914e+02 -2.936784348167e+01 2.848410929822e+01 2.023690474699e+00 6.906168175786e+04
2.012549762217e+03 1.020000000000e+00 4.351507555516e+01 4.900000000000e+00 5.716668990064e+00 4.688989679139e+02 -3.949692296457e+00 -2.875844045545e+00 1.091514517946e+02 -2.887431708377e+01 2.796797972251e+01 2.039424227966e+00 6.914696633402e+04
2.012549876257e+03 1.020000000000e+00 4.351507555516e+01 4.900000000000e+00 5.543163868781e+00 4.697699406497e+02 -3.939668948748e+00 -2.729018268704e+00 1.058004794741e+02 -2.840988635685e+01 2.745251518608e+01 2.023275848910e+00 6.912176936152e+04
2.012549990298e+03 1.020000000000e+00 4.351507555516e+01 4.900000000000e+00 5.384256338790e+00 4.706255265937e+02 -3.898378912519e+00 -2.584074483796e+00 1.024734740231e+02 -2.800644465483e+01 2.694061518247e+01 1.962256996159e+00 6.892387920295e+04
2.012550104338e+03 1.020000000000e+00 4.351507555516e+01 4.900000000000e+00 5.243060018770e+00 4.714641492362e+02 -3.814586193704e+00 -2.432610641447e+00 9.927699058037e+01 -2.768469668322e+01 2.643131776485e+01 1.825692795814e+00 6.857207863362e+04
2.012550218378e+03 1.020000000000e+00 4.351507555516e+01 4.900000000000e+00 5.119149299327e+00 4.722836553206e+02 -3.731512541494e+00 -2.270696640054e+00 9.623369717613e+01 -2.744927499528e+01 2.592361346130e+01 1.670021509841e+00 6.807896775393e+04
2.012550332418e+03 1.020000000000e+00 4.351507555516e+01 4.900000000000e+00 5.009416847946e+00 4.730773593884e+02 -3.653645060696e+00 -2.105282262790e+00 9.340181425466e+01 -2.729138785640e+01 2.541405757795e+01 1.515415993833e+00 6.752309405539e+04
2.012550446459e+03 1.020000000000e+00 4.351507555516e+01 4.900000000000e+00 4.909638393701e+00 4.738338034148e+02 -3.565016256825e+00 -1.944013425894e+00 9.083123748132e+01 -2.719300355945e+01 2.489572847348e+01 1.365102046788e+00 6.699928174559e+04
2.012550560499e+03 1.020000000000e+00 4.351507555516e+01 4.900000000000e+00 4.825092569269e+00 4.745403056617e+02 -3.446708052272e+00 -1.790634937486e+00 8.859060178226e+01 -2.713335988944e+01 2.435933359300e+01 1.219966312839e+00 6.649166746463e+04
2.012550674539e+03 1.020000000000e+00 4.351507555516e+01 4.900000000000e+00 4.760154077372e+00 4.752010801788e+02 -3.320987340231e+00 -1.647189164885e+00 8.654675770431e+01 -2.709407478622e+01 2.382601915802e+01 1.083884150479e+00 6.584390679982e+04
2.012550788579e+03 1.020000000000e+00 4.351507555516e+01 4.900000000000e+00 4.703762623038e+00 4.758232918792e+02 -3.198339908086e+00 -1.512715053035e+00 8.465282403830e+01 -2.706289850275e+01 2.330657123148e+01 9.600212608914e-01 6.517496006519e+04
2.012550902620e+03 1.020000000000e+00 4.351507555516e+01 4.900000000000e+00 4.648414152654e+00 4.764079961045e+02 -3.069660455919e+00 -1.386217257770e+00 8.293680556574e+01 -2.703304569232e+01 2.279669651094e+01 8.506180333967e-01 6.461393032995e+04
2.012551016660e+03 1.020000000000e+00 4.351507555516e+01 4.900000000000e+00 4.595817947063e+00 4.769535957171e+02 -2.927457384130e+00 -1.268129369030e+00 8.141748922410e+01 -2.700189204512e+01 2.229472239216e+01 7.584860545554e-01 6.415606775410e+04
2.012551130700e+03 1.020000000000e+00 4.351507555516e+01 4.900000000000e+00 4.548378565152e+00 4.774567188262e+02 -2.771661250924e+00 -1.158341259422e+00 8.008787117810e+01 -2.696990064046e+01 2.180528718304e+01 6.864529409282e-01 6.376645542967e+04
2.012551244740e+03 1.020000000000e+00 4.351507555516e+01 4.900000000000e+00 4.506648910501e+00 4.779097993773e+02 -2.609185091372e+00 -1.055427646354e+00 7.892907284804e+01 -2.693892474803e+01 2.133692410678e+01 6.365341635128e-01 6.342562147343e+04
2.012551358781e+03 1.020000000000e+00 4.351507555516e+01 4.900000000000e+00 4.470007853503e+00 4.783019169230e+02 -2.450847040009e+00 -9.565502441551e-01 7.791834380439e+01 -2.691104829448e+01 2.089758756933e+01 6.089420422851e-01 6.312661682627e+04
2.012551472821e+03 1.020000000000e+00 4.351507555516e+01 4.900000000000e+00 4.437232317307e+00 4.786239706513e+02 -2.308170997879e+00 -8.578701716412e-01 7.702249003405e+01 -2.688732666545e+01 2.049162229871e+01 5.994571200564e-01 6.286167056379e+04
2.012551586861e+03 1.020000000000e+00 4.351507555516e+01 4.900000000000e+00 4.408720451093e+00 4.788590281398e+02 -2.200959766283e+00 -7.561222575756e-01 7.624798147152e+01 -2.686825830704e+01 2.013067716963e+01 5.982136303342e-01 6.263163214046e+04
2.012551700901e+03 1.020000000000e+00 4.351507555516e+01 4.900000000000e+00 4.392330221574e+00 4.789723625397e+02 -2.161366489209e+00 -6.525152026958e-01 7.578904343151e+01 -2.685432176792e+01 1.985201854030e+01 6.074200348121e-01 6.248688636997e+04
2.012551814942e+03 1.020000000000e+00 4.351507555516e+01 4.900000000000e+00 4.380094866323e+00 4.790320982667e+02 -2.150823213018e+00 -5.510680383573e-01 7.543287956453e+01 -2.684483377313e+01 1.961159596361e+01 6.323941867758e-01 6.236706626440e+04
2.012551928982e+03 1.020000000000e+00 4.441507555516e+01 5.000000000000e+00 4.377565365202e+00 4.789884852573e+02 -2.076268952092e+00 -4.780062278502e-01 7.531135613879e+01 -2.696759069276e+01 1.945552409827e+01 6.255400230876e-01 6.230235672923e+04
2.012552043022e+03 1.020000000000e+00 4.441507555516e+01 5.000000000000e+00 4.365961955247e+00 4.789497616138e+02 -2.097653366531e+00 -3.893685377943e-01 7.498386061001e+01 -2.695426735260e+01 1.924733088310e+01 6.472668028505e-01 6.219626898966e+04
2.012552157062e+03 1.020000000000e+00 4.441507555516e+01 5.000000000000e+00 4.356412264599e+00 4.788390351624e+02 -2.160455478399e+00 -3.154187919662e-01 7.470417935584e+01 -2.694486224581e+01 1.909490100733e+01 6.526638661859e-01 6.210006373795e+04
2.012552271103e+03 1.020000000000e+00 4.441507555516e+01 5.000000000000e+00 4.349045398554e+00 4.786982692373e+02 -2.237974220610e+00 -2.607543056471e-01 7.447562556424e+01 -2.693609939618e+01 1.900207771547e+01 6.485307067424e-01 6.201494288124e+04
2.012552385143e+03 1.020000000000e+00 4.441507555516e+01 5.000000000000e+00 4.342448423495e+00 4.785281476109e+02 -2.316538165580e+00 -2.286009248075e-01 7.426034263424e+01 -2.692216627360e+01 1.892090866385e+01 6.362313942602e-01 6.192964008019e+04
2.012552499183e+03 1.020000000000e+00 4.441507555516e+01 5.000000000000e+00 4.335544386079e+00 4.783243584463e+02 -2.393172381300e+00 -2.128011810946e-01 7.403265532098e+01 -2.689869845364e+01 1.883963837568e+01 6.092469168541e-01 6.183808386610e+04
2.012552613223e+03 1.020000000000e+00 4.441507555516e+01 5.000000000000e+00 4.327793812060e+00 4.780855232481e+02 -2.471978712262e+00 -2.111705915149e-01 7.378239585140e+01 -2.686178365224e+01 1.875705852965e+01 5.618773617637e-01 6.173942223992e+04
2.012552727264e+03 1.020000000000e+00 4.441507555516e+01 5.000000000000e+00 4.318851276532e+00 4.778114403153e+02 -2.561064015824e+00 -2.221501838165e-01 7.350111941256e+01 -2.680880242168e+01 1.866984643880e+01 4.985053232600e-01 6.163142820388e+04
2.012552841304e+03 1.020000000000e+00 4.441507555516e+01 5.000000000000e+00 4.308285367762e+00 4.775040898157e+02 -2.668034715548e+00 -2.441110291482e-01 7.317670918649e+01 -2.673805967996e+01 1.857379637757e+01 4.262394000718e-01 6.150993436479e+04
2.012552955344e+03 1.020000000000e+00 4.441507555516e+01 5.000000000000e+00 4.295443973387e+00 4.771681823904e+02 -2.799888366358e+00 -2.705351343019e-01 7.279341104813e+01 -2.664816538750e+01 1.846675396303e+01 3.503610319383e-01 6.137074337411e+04
2.012553069384e+03 1.020000000000e+00 4.441507555516e+01 5.000000000000e+00 4.279531749327e+00 4.768098507056e+02 -2.961888970609e+00 -2.950931479454e-01 7.233222404614e+01 -2.653901610742e+01 1.834835819005e+01 2.738461255671e-01 6.120876977449e+04
2.012553183425e+03 1.020000000000e+00 4.441507555516e+01 5.000000000000e+00 4.259876675224e+00 4.764341044009e+02 -3.156524780180e+00 -3.147541984139e-01 7.177686198071e+01 -2.641250380421e+01 1.821969776116e+01 1.979198764526e-01 6.101917613391e+04
2.012553297465e+03 1.020000000000e+00 4.441507555516e+01 5.000000000000e+00 4.235994690918e+00 4.760429328396e+02 -3.383423822161e+00 -3.280090707418e-01 7.111520765256e+01 -2.627198664481e+01 1.808297766790e+01 1.232330054785e-01 6.079764974565e+04
2.012553411505e+03 1.020000000000e+00 4.441507555516e+01 5.000000000000e+00 4.207650462789e+00 4.756368140494e+02 -3.639383498261e+00 -3.330740288498e-01 7.034076358256e+01 -2.612089364130e+01 1.794149904731e+01 5.052462819375e-02 6.054073580204e+04
2.012553525545e+03 1.020000000000e+00 4.441507555516e+01 5.000000000000e+00 4.175258366998e+00 4.752179795244e+02 -3.917417495257e+00 -3.310621409457e-01 6.946179737722e+01 -2.596273061458e+01 1.780040025006e+01 -1.961347048497e-02 6.024810681090e+04
2.012553639586e+03 1.020000000000e+00 4.441507555516e+01 5.000000000000e+00 4.138837974052e+00 4.747784409352e+02 -4.212010310506e+00 -3.243730524642e-01 6.847611345828e+01 -2.580082971399e+01 1.765872385409e+01 -8.647221713666e-02 5.991581939665e+04
2.012553753626e+03 1.020000000000e+00 4.441507555516e+01 5.000000000000e+00 4.099473840384e+00 4.743173276729e+02 -4.513851874721e+00 -3.137408978040e-01 6.740806608590e+01 -2.563777630467e+01 1.751952564027e+01 -1.501110236850e-01 5.954760033257e+04
2.012553867666e+03 1.020000000000e+00 4.441507555516e+01 5.000000000000e+00 4.058026175447e+00 4.738286675612e+02 -4.815801207604e+00 -3.028616971123e-01 6.627644576066e+01 -2.547511940988e+01 1.738213101417e+01 -2.116379073794e-01 5.914586390886e+04
2.012553981706e+03 1.020000000000e+00 4.441507555516e+01 5.000000000000e+00 4.015267914219e+00 4.733051789516e+02 -5.112355049055e+00 -2.936039326442e-01 6.509841561957e+01 -2.531277560829e+01 1.724454681882e+01 -2.717403672325e-01 5.871313483802e+04
2.012554095747e+03 1.020000000000e+00 4.441507555516e+01 5.000000000000e+00 3.971772913915e+00 4.727386663872e+02 -5.400868837849e+00 -2.858860339776e-01 6.388724422643e+01 -2.514917150031e+01 1.710284875354e+01 -3.294217958876e-01 5.825167999732e+04
2.012554209787e+03 1.020000000000e+00 4.441507555516e+01 5.000000000000e+00 3.927987586573e+00 4.721232409691e+02 -5.682681647054e+00 -2.780944250288e-01 6.265446064115e+01 -2.498093841404e+01 1.695012917612e+01 -3.819802636485e-01 5.776436017416e+04
2.012554323827e+03 1.020000000000e+00 4.441507555516e+01 5.000000000000e+00 3.884350171321e+00 4.714610638498e+02 -5.965405531970e+00 -2.672918899864e-01 6.141366030519e+01 -2.480108333835e+01 1.677796061956e+01 -4.256282603084e-01 5.725640524246e+04
2.012554437867e+03 1.020000000000e+00 4.441507555516e+01 5.000000000000e+00 3.841308254657e+00 4.707648050892e+02 -6.264117435716e+00 -2.523309084874e-01 6.018201260565e+01 -2.459878980010e+01 1.658209160321e+01 -4.566658128321e-01 5.673673717831e+04
2.012554551908e+03 1.020000000000e+00 4.441507555516e+01 5.000000000000e+00 3.799707014576e+00 4.700520938722e+02 -6.594016450884e+00 -2.354229106396e-01 5.898915252060e+01 -2.436376761684e+01 1.636926154484e+01 -4.733777109470e-01 5.622092592679e+04
2.012554665948e+03 1.020000000000e+00 4.541507555516e+01 5.100000000000e+00 3.821892479269e+00 4.699972508245e+02 -6.515567771271e+00 -2.453626645561e-01 5.944657122605e+01 -2.443036031078e+01 1.653414635344e+01 -4.741244654676e-01 5.632461105820e+04
2.012554779988e+03 1.020000000000e+00 4.541507555516e+01 5.100000000000e+00 3.790159347944e+00 4.693376252934e+02 -6.820893689945e+00 -2.365003057450e-01 5.848962073083e+01 -2.417440018373e+01 1.637196977227e+01 -4.835162148925e-01 5.588190059692e+04
2.012554894028e+03 1.020000000000e+00 4.541507555516e+01 5.100000000000e+00 3.765972282670e+00 4.687318282381e+02 -7.064001173945e+00 -2.421660478733e-01 5.772664904721e+01 -2.392202094873e+01 1.625840790775e+01 -4.968910353716e-01 5.550747945702e+04
2.012555008069e+03 1.020000000000e+00 4.541507555516e+01 5.100000000000e+00 3.749879705393e+00 4.682405161920e+02 -7.166718328309e+00 -2.849093006768e-01 5.716899584248e+01 -2.370478073456e+01 1.619388968574e+01 -5.106602982423e-01 5.520750959612e+04
2.012555122109e+03 1.020000000000e+00 4.541507555516e+01 5.100000000000e+00 3.751856329795e+00 4.679881148759e+02 -7.130175637401e+00 -3.656225509824e-01 5.703158219398e+01 -2.354792005252e+01 1.625376680442e+01 -5.269742588208e-01 5.504620826835e+04
2.012555236149e+03 1.020000000000e+00 4.541507555516e+01 5.100000000000e+00 3.782606959946e+00 4.680162300468e+02 -6.969102762190e+00 -4.720753784129e-01 5.753967131951e+01 -2.346570632892e+01 1.653028024394e+01 -5.484103007109e-01 5.508515008665e+04
2.012555350189e+03 1.020000000000e+00 4.541507555516e+01 5.100000000000e+00 3.827783702363e+00 4.681402597711e+02 -6.644803625623e+00 -5.875424934729e-01 5.836199636888e+01 -2.346235476631e+01 1.694128164609e+01 -5.676096358398e-01 5.521300690128e+04
2.012555464230e+03 1.020000000000e+00 4.541507555516e+01 5.100000000000e+00 3.878042044140e+00 4.682759868780e+02 -6.246374367540e+00 -6.976405020088e-01 5.929850249883e+01 -2.353267198942e+01 1.740603179518e+01 -5.776490244321e-01 5.537219812993e+04
2.012555578270e+03 1.020000000000e+00 4.541507555516e+01 5.100000000000e+00 3.925617864842e+00 4.683965079066e+02 -5.831352240709e+00 -7.890625299102e-01 6.017005636091e+01 -2.365854522219e+01 1.788300912531e+01 -5.783970945189e-01 5.550549693485e+04
2.012555692310e+03 1.020000000000e+00 4.541507555516e+01 5.100000000000e+00 3.965598030796e+00 4.684753071615e+02 -5.438889981695e+00 -8.501276819596e-01 6.085515116023e+01 -2.381195225688e+01 1.832717086512e+01 -5.730628461494e-01 5.557187882010e+04
2.012555806350e+03 1.020000000000e+00 4.541507555516e+01 5.100000000000e+00 3.996225798217e+00 4.684071990061e+02 -5.091091911934e+00 -8.842609058774e-01 6.131246531602e+01 -2.396327031246e+01 1.870907876002e+01 -5.582412972200e-01 5.556045904102e+04
2.012555920391e+03 1.020000000000e+00 4.541507555516e+01 5.100000000000e+00 4.020144414138e+00 4.681724560401e+02 -4.796504918276e+00 -9.063419215122e-01 6.160571040105e+01 -2.409396500036e+01 1.902708082091e+01 -5.381312574189e-01 5.549394688645e+04
2.012556034431e+03 1.020000000000e+00 4.541507555516e+01 5.100000000000e+00 4.040515650739e+00 4.678401616986e+02 -4.554568597271e+00 -9.167790166982e-01 6.180647852169e+01 -2.419623153980e+01 1.928677867763e+01 -5.132972271067e-01 5.539396893921e+04
2.012556148471e+03 1.020000000000e+00 4.541507555516e+01 5.100000000000e+00 4.058881583095e+00 4.674321615846e+02 -4.359439839244e+00 -9.206200291974e-01 6.195370302341e+01 -2.426941718899e+01 1.948913930574e+01 -4.847645655718e-01 5.527456050306e+04
2.012556262511e+03 1.020000000000e+00 4.541507555516e+01 5.100000000000e+00 4.076125682923e+00 4.669569986226e+02 -4.200999722814e+00 -9.251222884022e-01 6.207436177369e+01 -2.431776158390e+01 1.963595769866e+01 -4.551787343040e-01 5.514786333043e+04
2.012556376552e+03 1.020000000000e+00 4.541507555516e+01 5.100000000000e+00 4.092848345448e+00 4.664212473358e+02 -4.062037753928e+00 -9.345656185692e-01 6.218334928597e+01 -2.434728559079e+01 1.973589337840e+01 -4.247731307092e-01 5.501893260700e+04
2.012556490592e+03 1.020000000000e+00 4.541507555516e+01 5.100000000000e+00 4.109956919376e+00 4.658379832292e+02 -3.926278834967e+00 -9.514745208090e-01 6.230080366705e+01 -2.436313222233e+01 1.980121636861e+01 -3.938049164894e-01 5.489328903486e+04
2.012556604632e+03 1.020000000000e+00 4.541507555516e+01 5.100000000000e+00 4.129137560842e+00 4.652319158805e+02 -3.784538624969e+00 -9.773636965797e-01 6.246579114629e+01 -2.436836582073e+01 1.984544771728e+01 -3.631979067981e-01 5.478273706561e+04
2.012556718672e+03 1.020000000000e+00 4.541507555516e+01 5.100000000000e+00 4.152321018984e+00 4.646336010983e+02 -3.630946797500e+00 -1.014868758484e+00 6.272369229245e+01 -2.436456248998e+01 1.988431102701e+01 -3.357010165182e-01 5.470136802938e+04
2.012556832713e+03 1.020000000000e+00 4.541507555516e+01 5.100000000000e+00 4.180680136818e+00 4.640659382028e+02 -3.463830835012e+00 -1.067176245607e+00 6.310363165743e+01 -2.435298833127e+01 1.992765884723e+01 -3.127394861785e-01 5.465905491495e+04
2.012556946753e+03 1.020000000000e+00 4.541507555516e+01 5.100000000000e+00 4.211896124389e+00 4.635208031282e+02 -3.270907033473e+00 -1.127901473863e+00 6.355485273152e+01 -2.433702159432e+01 1.998673148287e+01 -2.864001312073e-01 5.464178315194e+04
2.012557060793e+03 1.020000000000e+00 4.541507555516e+01 5.100000000000e+00 4.242151169187e+00 4.629649032972e+02 -3.063447017377e+00 -1.187560354571e+00 6.398701804739e+01 -2.432300503616e+01 2.005275837118e+01 -2.501215863983e-01 5.462119020502e+04
2.012557174833e+03 1.020000000000e+00 4.541507555516e+01 5.100000000000e+00 4.268734977475e+00 4.623599175282e+02 -2.890038693307e+00 -1.238108037369e+00 6.432993673004e+01 -2.431664383479e+01 2.008956339906e+01 -2.028909962051e-01 5.457223438771e+04
2.012557288874e+03 1.020000000000e+00 4.541507555516e+01 5.100000000000e+00 4.291134186931e+00 4.616827788282e+02 -2.799566900395e+00 -1.271272206728e+00 6.455990541694e+01 -2.432003401659e+01 2.004482515646e+01 -1.446196379331e-01 5.448164052348e+04
2.012557402914e+03 1.020000000000e+00 4.631507555516e+01 5.200000000000e+00 4.316234573015e+00 4.619356537077e+02 -2.807249356797e+00 -1.257325544324e+00 6.530893636141e+01 -2.451671673872e+01 1.974122483613e+01 -7.244626724492e-02 5.479568734308e+04
2.012557516954e+03 1.020000000000e+00 4.631507555516e+01 5.200000000000e+00 4.324363487944e+00 4.610984647787e+02 -2.822365762340e+00 -1.253740628849e+00 6.514225347959e+01 -2.454941499887e+01 1.947812633002e+01 1.621508037158e-02 5.455362768884e+04
2.012557630994e+03 1.020000000000e+00 4.631507555516e+01 5.200000000000e+00 4.311936065061e+00 4.600422927965e+02 -2.896096444125e+00 -1.232133155048e+00 6.448931173080e+01 -2.460332936752e+01 1.911234542100e+01 1.171370333161e-01 5.416320744791e+04
2.012557745035e+03 1.020000000000e+00 4.631507555516e+01 5.200000000000e+00 4.283599244968e+00 4.588261014785e+02 -2.987006438132e+00 -1.197731172029e+00 6.348795099565e+01 -2.467296240492e+01 1.863084943726e+01 2.149604720583e-01 5.367567710353e+04
2.012557859075e+03 1.020000000000e+00 4.631507555516e+01 5.200000000000e+00 4.242093600547e+00 4.575045088597e+02 -3.041290657397e+00 -1.163726343117e+00 6.223294967113e+01 -2.475008555404e+01 1.810209666944e+01 2.985376910782e-01 5.313021225867e+04
2.012557973115e+03 1.020000000000e+00 4.631507555516e+01 5.200000000000e+00 4.186994810460e+00 4.561050825659e+02 -3.055946805227e+00 -1.137676973422e+00 6.075281412771e+01 -2.483189547042e+01 1.759546955658e+01 3.602594855934e-01 5.254975864612e+04
2.012558087155e+03 1.020000000000e+00 4.631507555516e+01 5.200000000000e+00 4.117691836361e+00 4.546319797241e+02 -3.041499053247e+00 -1.123199164592e+00 5.906020356264e+01 -2.492382193124e+01 1.718900532246e+01 3.953848723315e-01 5.194597032972e+04
2.012558201196e+03 1.020000000000e+00 4.631507555516e+01 5.200000000000e+00 4.038597795685e+00 4.530977157351e+02 -2.958344453386e+00 -1.117842177033e+00 5.725783107544e+01 -2.503308690999e+01 1.689317996877e+01 4.090097964034e-01 5.134727844693e+04
